#ID      EIGB 	      EIPGB 	   GBbin        GBseg
455 -1417345.819824 0.000000 -3.602568 -0.518420
894 -1417345.819824 0.000000 -3.602568 -0.518420
955 -1417345.819823 0.000000 -3.602567 -0.518419
1493 -1417345.819824 0.000000 -3.602568 -0.518420
1538 -1417345.819824 0.000000 -3.602568 -0.518420
2013 -1417345.819824 0.000000 -3.602568 -0.518420
2034 -1417345.819824 0.000000 -3.602568 -0.518420
10790 -1417345.819824 0.000000 -3.602568 -0.518420
10848 -1417345.819824 0.000000 -3.602568 -0.518420
11390 -1417345.819824 0.000000 -3.602568 -0.518420
11450 -1417345.819824 0.000000 -3.602568 -0.518420
11941 -1417345.819824 0.000000 -3.602568 -0.518420
11977 -1417345.819824 0.000000 -3.602568 -0.518420
12302 -1417345.819824 0.000000 -3.602568 -0.518420
12314 -1417345.819824 0.000000 -3.602568 -0.518420
21280 -1417345.819824 0.000000 -3.602568 -0.518420
21341 -1417345.819824 0.000000 -3.602568 -0.518420
21852 -1417345.819824 0.000000 -3.602567 -0.518420
21902 -1417345.819824 0.000000 -3.602568 -0.518420
22248 -1417345.819824 0.000000 -3.602568 -0.518420
22275 -1417345.819824 0.000000 -3.602568 -0.518420
22425 -1417345.819824 0.000000 -3.602568 -0.518420
31232 -1417345.819824 0.000000 -3.602568 -0.518420
31746 -1417345.819824 0.000000 -3.602568 -0.518420
31807 -1417345.819824 0.000000 -3.602568 -0.518420
32171 -1417345.819824 0.000000 -3.602568 -0.518420
32213 -1417345.819824 0.000000 -3.602568 -0.518420
32382 -1417345.819824 0.000000 -3.602568 -0.518420
32400 -1417345.819824 0.000000 -3.602568 -0.518420
41636 -1417345.819824 0.000000 -3.602568 -0.518420
41695 -1417345.819824 0.000000 -3.602567 -0.518420
42073 -1417345.819824 0.000000 -3.602568 -0.518420
42130 -1417345.819824 0.000000 -3.602568 -0.518420
42322 -1417345.819824 0.000000 -3.602568 -0.518420
42355 -1417345.819824 0.000000 -3.602568 -0.518420
41441 -1417345.819824 0.000000 -3.602568 -0.518420
51586 -1417345.819824 0.000000 -3.602568 -0.518420
51966 -1417345.819824 0.000000 -3.602568 -0.518420
52023 -1417345.819824 0.000000 -3.602568 -0.518420
52248 -1417345.819824 0.000000 -3.602568 -0.518420
52281 -1417345.819824 0.000000 -3.602568 -0.518420
52212 -1417345.819824 0.000000 -3.602568 -0.518420
210604 -1417345.819824 0.000000 -3.602568 -0.518420
51482 -1417345.819824 0.000000 -3.602568 -0.518420
60114 -1417345.819824 0.000000 -3.602568 -0.518420
60421 -1417345.819824 0.000000 -3.602568 -0.518420
60467 -1417345.819824 0.000000 -3.602568 -0.518420
60909 -1417345.819824 0.000000 -3.602568 -0.518420
60947 -1417345.819824 0.000000 -3.602568 -0.518420
61443 -1417345.819824 0.000000 -3.602568 -0.518421
61458 -1417345.819824 0.000000 -3.602568 -0.518420
70309 -1417345.819824 0.000000 -3.602567 -0.518420
70370 -1417345.819824 0.000000 -3.602568 -0.518420
70811 -1417345.819824 0.000000 -3.602568 -0.518420
70865 -1417345.819824 0.000000 -3.602568 -0.518420
71382 -1417345.819824 0.000000 -3.602568 -0.518420
71412 -1417345.819824 0.000000 -3.602568 -0.518420
71866 -1417345.819824 0.000000 -3.602568 -0.518420
1328 -1417345.804763 0.000000 -3.587506 -0.503359
1385 -1417345.804763 0.000000 -3.587507 -0.503359
1902 -1417345.804763 0.000000 -3.587507 -0.503359
1949 -1417345.804763 0.000000 -3.587507 -0.503359
2297 -1417345.804763 0.000000 -3.587507 -0.503359
2320 -1417345.804762 0.000000 -3.587506 -0.503359
2475 -1417345.804763 0.000000 -3.587506 -0.503359
11277 -1417345.804763 0.000000 -3.587507 -0.503359
11792 -1417345.804763 0.000000 -3.587507 -0.503359
11849 -1417345.804763 0.000000 -3.587507 -0.503359
12220 -1417345.804763 0.000000 -3.587506 -0.503359
12258 -1417345.804763 0.000000 -3.587507 -0.503359
12433 -1417345.804763 0.000000 -3.587506 -0.503359
12447 -1417345.804763 0.000000 -3.587507 -0.503359
10615 -1417345.804762 0.000000 -3.587506 -0.503359
21740 -1417345.804763 0.000000 -3.587507 -0.503359
22120 -1417345.804763 0.000000 -3.587507 -0.503359
22173 -1417345.804763 0.000000 -3.587507 -0.503359
22368 -1417345.804763 0.000000 -3.587507 -0.503359
22397 -1417345.804763 0.000000 -3.587507 -0.503359
21045 -1417345.804763 0.000000 -3.587506 -0.503359
20564 -1417345.804762 0.000000 -3.587506 -0.503359
32014 -1417345.804762 0.000000 -3.587506 -0.503359
32069 -1417345.804763 0.000000 -3.587506 -0.503359
32296 -1417345.804763 0.000000 -3.587506 -0.503359
190181 -1417345.804763 0.000000 -3.587507 -0.503359
31027 -1417345.804763 0.000000 -3.587507 -0.503359
31037 -1417345.804762 0.000000 -3.587506 -0.503358
31532 -1417345.804762 0.000000 -3.587506 -0.503358
40158 -1417345.804763 0.000000 -3.587507 -0.503359
40469 -1417345.804762 0.000000 -3.587506 -0.503359
40511 -1417345.804763 0.000000 -3.587507 -0.503359
40956 -1417345.804763 0.000000 -3.587506 -0.503359
40991 -1417345.804763 0.000000 -3.587507 -0.503359
41492 -1417345.804763 0.000000 -3.587507 -0.503359
41503 -1417345.804763 0.000000 -3.587506 -0.503359
50360 -1417345.804763 0.000000 -3.587507 -0.503359
50417 -1417345.804763 0.000000 -3.587507 -0.503359
50863 -1417345.804763 0.000000 -3.587506 -0.503359
50913 -1417345.804763 0.000000 -3.587507 -0.503359
51435 -1417345.804763 0.000000 -3.587507 -0.503359
51461 -1417345.804763 0.000000 -3.587506 -0.503359
51919 -1417345.804763 0.000000 -3.587506 -0.503359
51923 -1417345.804763 0.000000 -3.587507 -0.503359
60753 -1417345.804763 0.000000 -3.587506 -0.503359
60810 -1417345.804763 0.000000 -3.587507 -0.503359
61350 -1417345.804763 0.000000 -3.587507 -0.503359
61391 -1417345.804763 0.000000 -3.587507 -0.503359
61870 -1417345.804762 0.000000 -3.587506 -0.503358
61887 -1417345.804763 0.000000 -3.587507 -0.503359
62196 -1417345.804763 0.000000 -3.587507 -0.503359
70698 -1417345.804763 0.000000 -3.587506 -0.503359
71248 -1417345.804762 0.000000 -3.587506 -0.503359
71302 -1417345.804763 0.000000 -3.587506 -0.503359
71803 -1417345.804763 0.000000 -3.587506 -0.503359
71834 -1417345.804763 0.000000 -3.587507 -0.503359
72164 -1417345.804762 0.000000 -3.587506 -0.503359
72172 -1417345.804763 0.000000 -3.587507 -0.503359
1733 -1417346.187620 0.000000 -3.970364 -0.886216
2111 -1417346.187620 0.000000 -3.970364 -0.886216
2170 -1417346.187620 0.000000 -3.970364 -0.886216
2380 -1417346.187620 0.000000 -3.970364 -0.886216
2419 -1417346.187620 0.000000 -3.970364 -0.886216
2222 -1417346.187620 0.000000 -3.970363 -0.886216
1056 -1417346.187620 0.000000 -3.970364 -0.886216
12030 -1417346.187620 0.000000 -3.970364 -0.886216
169867 -1417346.187620 0.000000 -3.970364 -0.886216
10573 -1417346.187620 0.000000 -3.970364 -0.886216
10603 -1417346.187620 0.000000 -3.970364 -0.886216
11049 -1417346.187620 0.000000 -3.970364 -0.886216
11075 -1417346.187620 0.000000 -3.970363 -0.886216
11571 -1417346.187620 0.000000 -3.970364 -0.886216
20182 -1417346.187620 0.000000 -3.970364 -0.886216
20461 -1417346.187620 0.000000 -3.970364 -0.886216
20521 -1417346.187620 0.000000 -3.970364 -0.886216
20961 -1417346.187620 0.000000 -3.970364 -0.886216
21010 -1417346.187620 0.000000 -3.970364 -0.886216
21519 -1417346.187620 0.000000 -3.970364 -0.886216
21544 -1417346.187620 0.000000 -3.970364 -0.886216
21988 -1417346.187620 0.000000 -3.970364 -0.886216
30411 -1417346.187620 0.000000 -3.970364 -0.886216
30853 -1417346.187620 0.000000 -3.970364 -0.886216
30913 -1417346.187620 0.000000 -3.970364 -0.886216
31444 -1417346.187620 0.000000 -3.970364 -0.886216
31483 -1417346.187620 0.000000 -3.970364 -0.886216
31953 -1417346.187620 0.000000 -3.970364 -0.886216
31968 -1417346.187620 0.000000 -3.970364 -0.886216
40740 -1417346.187620 0.000000 -3.970364 -0.886216
40800 -1417346.187620 0.000000 -3.970364 -0.886216
41347 -1417346.187620 0.000000 -3.970364 -0.886216
41401 -1417346.187620 0.000000 -3.970364 -0.886216
41891 -1417346.187620 0.000000 -3.970364 -0.886216
41922 -1417346.187620 0.000000 -3.970364 -0.886216
42239 -1417346.187620 0.000000 -3.970364 -0.886216
50692 -1417346.187620 0.000000 -3.970364 -0.886216
51237 -1417346.187620 0.000000 -3.970364 -0.886216
51297 -1417346.187620 0.000000 -3.970364 -0.886216
51807 -1417346.187620 0.000000 -3.970364 -0.886216
51852 -1417346.187620 0.000000 -3.970364 -0.886216
52190 -1417346.187620 0.000000 -3.970364 -0.886216
52211 -1417346.187620 0.000000 -3.970364 -0.886216
61127 -1417346.187620 0.000000 -3.970364 -0.886216
61185 -1417346.187620 0.000000 -3.970364 -0.886216
61701 -1417346.187620 0.000000 -3.970364 -0.886216
61760 -1417346.187620 0.000000 -3.970364 -0.886216
62120 -1417346.187620 0.000000 -3.970364 -0.886216
62157 -1417346.187620 0.000000 -3.970364 -0.886216
62320 -1417346.187620 0.000000 -3.970364 -0.886216
62333 -1417346.187620 0.000000 -3.970364 -0.886216
71592 -1417346.187620 0.000000 -3.970364 -0.886216
71652 -1417346.187620 0.000000 -3.970364 -0.886216
72028 -1417346.187620 0.000000 -3.970364 -0.886216
72079 -1417346.187620 0.000000 -3.970364 -0.886216
72264 -1417346.187620 0.000000 -3.970364 -0.886216
72291 -1417346.187620 0.000000 -3.970364 -0.886216
70759 -1417346.187620 0.000000 -3.970364 -0.886216
510 -1417345.822355 0.000000 -3.605099 -0.520951
568 -1417345.822355 0.000000 -3.605098 -0.520951
1008 -1417345.822355 0.000000 -3.605098 -0.520951
1053 -1417345.822354 0.000000 -3.605098 -0.520950
1567 -1417345.822354 0.000000 -3.605098 -0.520950
1588 -1417345.822354 0.000000 -3.605098 -0.520950
2039 -1417345.822355 0.000000 -3.605099 -0.520951
10459 -1417345.822355 0.000000 -3.605098 -0.520951
10904 -1417345.822354 0.000000 -3.605098 -0.520951
10962 -1417345.822354 0.000000 -3.605098 -0.520950
11495 -1417345.822354 0.000000 -3.605098 -0.520950
11531 -1417345.822355 0.000000 -3.605099 -0.520951
11998 -1417345.822355 0.000000 -3.605099 -0.520951
12011 -1417345.822355 0.000000 -3.605099 -0.520951
20792 -1417345.822355 0.000000 -3.605098 -0.520951
20850 -1417345.822354 0.000000 -3.605098 -0.520951
21397 -1417345.822354 0.000000 -3.605098 -0.520950
21448 -1417345.822355 0.000000 -3.605099 -0.520951
21937 -1417345.822354 0.000000 -3.605097 -0.520950
21964 -1417345.822355 0.000000 -3.605099 -0.520951
22286 -1417345.822354 0.000000 -3.605098 -0.520950
22291 -1417345.822354 0.000000 -3.605098 -0.520950
31287 -1417345.822354 0.000000 -3.605098 -0.520951
31345 -1417345.822355 0.000000 -3.605098 -0.520951
31858 -1417345.822355 0.000000 -3.605099 -0.520951
31901 -1417345.822354 0.000000 -3.605098 -0.520951
32240 -1417345.822355 0.000000 -3.605098 -0.520951
32259 -1417345.822354 0.000000 -3.605098 -0.520951
32404 -1417345.822355 0.000000 -3.605098 -0.520951
41233 -1417345.822354 0.000000 -3.605098 -0.520950
41751 -1417345.822354 0.000000 -3.605098 -0.520950
41808 -1417345.822354 0.000000 -3.605098 -0.520950
42171 -1417345.822355 0.000000 -3.605099 -0.520951
42204 -1417345.822355 0.000000 -3.605098 -0.520951
42372 -1417345.822355 0.000000 -3.605098 -0.520951
42381 -1417345.822355 0.000000 -3.605098 -0.520951
51641 -1417345.822354 0.000000 -3.605098 -0.520950
51699 -1417345.822355 0.000000 -3.605099 -0.520951
52079 -1417345.822354 0.000000 -3.605098 -0.520950
52127 -1417345.822355 0.000000 -3.605099 -0.520951
52314 -1417345.822355 0.000000 -3.605099 -0.520951
52339 -1417345.822355 0.000000 -3.605099 -0.520951
50748 -1417345.822354 0.000000 -3.605098 -0.520951
61588 -1417345.822354 0.000000 -3.605098 -0.520951
61968 -1417345.822353 0.000000 -3.605097 -0.520949
62025 -1417345.822355 0.000000 -3.605099 -0.520951
62236 -1417345.822354 0.000000 -3.605098 -0.520950
62273 -1417345.822355 0.000000 -3.605098 -0.520951
61846 -1417345.822354 0.000000 -3.605098 -0.520951
60964 -1417345.822355 0.000000 -3.605098 -0.520951
61460 -1417345.822355 0.000000 -3.605099 -0.520951
70101 -1417345.822354 0.000000 -3.605098 -0.520951
70426 -1417345.822354 0.000000 -3.605098 -0.520950
70454 -1417345.822355 0.000000 -3.605098 -0.520951
70904 -1417345.822354 0.000000 -3.605098 -0.520950
70928 -1417345.822354 0.000000 -3.605098 -0.520951
71427 -1417345.822355 0.000000 -3.605099 -0.520951
71435 -1417345.822354 0.000000 -3.605098 -0.520950
841 -1417345.752276 0.000000 -3.535020 -0.450872
1384 -1417345.752276 0.000000 -3.535020 -0.450872
1445 -1417345.752276 0.000000 -3.535020 -0.450872
1948 -1417345.752276 0.000000 -3.535020 -0.450872
1989 -1417345.752276 0.000000 -3.535020 -0.450872
2319 -1417345.752276 0.000000 -3.535020 -0.450872
2336 -1417345.752276 0.000000 -3.535020 -0.450872
11276 -1417345.752276 0.000000 -3.535020 -0.450872
11336 -1417345.752276 0.000000 -3.535020 -0.450872
11848 -1417345.752276 0.000000 -3.535020 -0.450872
11903 -1417345.752276 0.000000 -3.535020 -0.450872
12257 -1417345.752276 0.000000 -3.535020 -0.450872
12288 -1417345.752276 0.000000 -3.535020 -0.450872
12446 -1417345.752276 0.000000 -3.535020 -0.450872
21227 -1417345.752276 0.000000 -3.535020 -0.450872
21739 -1417345.752276 0.000000 -3.535020 -0.450872
21800 -1417345.752276 0.000000 -3.535020 -0.450872
22172 -1417345.752276 0.000000 -3.535020 -0.450872
22219 -1417345.752276 0.000000 -3.535020 -0.450872
22396 -1417345.752276 0.000000 -3.535020 -0.450872
22419 -1417345.752276 0.000000 -3.535020 -0.450872
20589 -1417345.752276 0.000000 -3.535020 -0.450872
31692 -1417345.752276 0.000000 -3.535020 -0.450872
32068 -1417345.752276 0.000000 -3.535020 -0.450872
32127 -1417345.752276 0.000000 -3.535020 -0.450872
32326 -1417345.752276 0.000000 -3.535020 -0.450872
32362 -1417345.752276 0.000000 -3.535020 -0.450872
31484 -1417345.752276 0.000000 -3.535020 -0.450872
30467 -1417345.752276 0.000000 -3.535020 -0.450872
41975 -1417345.752276 0.000000 -3.535020 -0.450872
42019 -1417345.752276 0.000000 -3.535020 -0.450872
42261 -1417345.752276 0.000000 -3.535020 -0.450872
200154 -1417345.752276 0.000000 -3.535020 -0.450872
40990 -1417345.752276 0.000000 -3.535020 -0.450872
41006 -1417345.752276 0.000000 -3.535020 -0.450872
41502 -1417345.752276 0.000000 -3.535020 -0.450872
50123 -1417345.752276 0.000000 -3.535020 -0.450872
50416 -1417345.752276 0.000000 -3.535020 -0.450872
50477 -1417345.752276 0.000000 -3.535020 -0.450872
50912 -1417345.752276 0.000000 -3.535020 -0.450872
50955 -1417345.752276 0.000000 -3.535020 -0.450872
51460 -1417345.752276 0.000000 -3.535020 -0.450872
51479 -1417345.752276 0.000000 -3.535020 -0.450872
60308 -1417345.752276 0.000000 -3.535020 -0.450872
60367 -1417345.752276 0.000000 -3.535020 -0.450872
60809 -1417345.752276 0.000000 -3.535020 -0.450872
60868 -1417345.752276 0.000000 -3.535020 -0.450872
61390 -1417345.752276 0.000000 -3.535020 -0.450872
61425 -1417345.752276 0.000000 -3.535020 -0.450872
61886 -1417345.752276 0.000000 -3.535020 -0.450872
61897 -1417345.752276 0.000000 -3.535020 -0.450872
70697 -1417345.752276 0.000000 -3.535020 -0.450872
70758 -1417345.752276 0.000000 -3.535020 -0.450872
71301 -1417345.752276 0.000000 -3.535020 -0.450872
71350 -1417345.752276 0.000000 -3.535020 -0.450872
71833 -1417345.752276 0.000000 -3.535020 -0.450872
71858 -1417345.752276 0.000000 -3.535020 -0.450872
72171 -1417345.752276 0.000000 -3.535020 -0.450872
1788 -1417345.704490 0.000000 -3.487234 -0.403087
1846 -1417345.704491 0.000000 -3.487235 -0.403087
2221 -1417345.704490 0.000000 -3.487234 -0.403086
2264 -1417345.704490 0.000000 -3.487234 -0.403087
2447 -1417345.704491 0.000000 -3.487235 -0.403087
2466 -1417345.704491 0.000000 -3.487235 -0.403087
571 -1417345.704491 0.000000 -3.487235 -0.403087
11734 -1417345.704490 0.000000 -3.487234 -0.403087
12114 -1417345.704490 0.000000 -3.487234 -0.403086
12171 -1417345.704491 0.000000 -3.487234 -0.403087
12374 -1417345.704491 0.000000 -3.487235 -0.403087
12408 -1417345.704490 0.000000 -3.487234 -0.403087
11904 -1417345.704490 0.000000 -3.487234 -0.403087
11076 -1417345.704491 0.000000 -3.487235 -0.403087
22020 -1417345.704491 0.000000 -3.487234 -0.403087
179841 -1417345.704491 0.000000 -3.487235 -0.403087
20563 -1417345.704491 0.000000 -3.487235 -0.403087
20587 -1417345.704491 0.000000 -3.487235 -0.403087
21044 -1417345.704491 0.000000 -3.487234 -0.403087
21057 -1417345.704490 0.000000 -3.487234 -0.403086
21554 -1417345.704490 0.000000 -3.487234 -0.403087
30168 -1417345.704490 0.000000 -3.487234 -0.403086
30466 -1417345.704491 0.000000 -3.487234 -0.403087
30524 -1417345.704491 0.000000 -3.487235 -0.403087
30962 -1417345.704490 0.000000 -3.487234 -0.403086
31003 -1417345.704491 0.000000 -3.487234 -0.403087
31508 -1417345.704491 0.000000 -3.487235 -0.403087
31525 -1417345.704491 0.000000 -3.487234 -0.403087
31970 -1417345.704490 0.000000 -3.487234 -0.403086
40411 -1417345.704491 0.000000 -3.487235 -0.403087
40856 -1417345.704490 0.000000 -3.487234 -0.403086
40911 -1417345.704491 0.000000 -3.487235 -0.403087
41440 -1417345.704491 0.000000 -3.487235 -0.403087
41471 -1417345.704490 0.000000 -3.487234 -0.403087
41938 -1417345.704491 0.000000 -3.487234 -0.403087
41946 -1417345.704490 0.000000 -3.487234 -0.403086
50747 -1417345.704491 0.000000 -3.487235 -0.403087
50805 -1417345.704490 0.000000 -3.487234 -0.403086
51351 -1417345.704491 0.000000 -3.487235 -0.403087
51398 -1417345.704491 0.000000 -3.487235 -0.403087
51883 -1417345.704490 0.000000 -3.487234 -0.403087
51906 -1417345.704491 0.000000 -3.487235 -0.403087
52218 -1417345.704490 0.000000 -3.487234 -0.403087
60696 -1417345.704490 0.000000 -3.487234 -0.403086
61241 -1417345.704490 0.000000 -3.487234 -0.403086
61299 -1417345.704491 0.000000 -3.487235 -0.403087
61806 -1417345.704491 0.000000 -3.487235 -0.403087
61843 -1417345.704491 0.000000 -3.487235 -0.403087
62179 -1417345.704490 0.000000 -3.487234 -0.403086
62192 -1417345.704490 0.000000 -3.487234 -0.403087
71133 -1417345.704490 0.000000 -3.487234 -0.403086
71190 -1417345.704490 0.000000 -3.487234 -0.403086
71708 -1417345.704490 0.000000 -3.487234 -0.403086
71761 -1417345.704490 0.000000 -3.487234 -0.403087
72116 -1417345.704491 0.000000 -3.487235 -0.403087
72145 -1417345.704490 0.000000 -3.487234 -0.403086
72304 -1417345.704491 0.000000 -3.487235 -0.403087
72305 -1417345.704490 0.000000 -3.487234 -0.403086
258 -1417346.229584 0.000000 -4.012328 -0.928180
567 -1417346.229584 0.000000 -4.012328 -0.928180
614 -1417346.229584 0.000000 -4.012328 -0.928180
1052 -1417346.229584 0.000000 -4.012328 -0.928180
1091 -1417346.229584 0.000000 -4.012328 -0.928180
1587 -1417346.229584 0.000000 -4.012328 -0.928180
1602 -1417346.229584 0.000000 -4.012328 -0.928180
10458 -1417346.229584 0.000000 -4.012328 -0.928180
10520 -1417346.229584 0.000000 -4.012328 -0.928181
10961 -1417346.229584 0.000000 -4.012328 -0.928180
11014 -1417346.229584 0.000000 -4.012328 -0.928180
11530 -1417346.229584 0.000000 -4.012328 -0.928180
11560 -1417346.229584 0.000000 -4.012328 -0.928180
12010 -1417346.229584 0.000000 -4.012328 -0.928180
20408 -1417346.229584 0.000000 -4.012328 -0.928180
20849 -1417346.229584 0.000000 -4.012328 -0.928180
20911 -1417346.229584 0.000000 -4.012328 -0.928180
21447 -1417346.229584 0.000000 -4.012328 -0.928180
21492 -1417346.229584 0.000000 -4.012328 -0.928180
21963 -1417346.229584 0.000000 -4.012328 -0.928180
21984 -1417346.229584 0.000000 -4.012328 -0.928180
30740 -1417346.229584 0.000000 -4.012328 -0.928180
30800 -1417346.229584 0.000000 -4.012328 -0.928180
31344 -1417346.229584 0.000000 -4.012328 -0.928180
31403 -1417346.229584 0.000000 -4.012328 -0.928180
31900 -1417346.229584 0.000000 -4.012328 -0.928180
31936 -1417346.229584 0.000000 -4.012328 -0.928180
32258 -1417346.229584 0.000000 -4.012328 -0.928180
32270 -1417346.229584 0.000000 -4.012328 -0.928180
41232 -1417346.229584 0.000000 -4.012328 -0.928180
41294 -1417346.229584 0.000000 -4.012328 -0.928180
41807 -1417346.229584 0.000000 -4.012328 -0.928180
41858 -1417346.229584 0.000000 -4.012328 -0.928180
42203 -1417346.229584 0.000000 -4.012328 -0.928180
42230 -1417346.229584 0.000000 -4.012328 -0.928180
42380 -1417346.229584 0.000000 -4.012328 -0.928180
51184 -1417346.229584 0.000000 -4.012328 -0.928180
51698 -1417346.229584 0.000000 -4.012328 -0.928180
51760 -1417346.229584 0.000000 -4.012328 -0.928180
52126 -1417346.229584 0.000000 -4.012328 -0.928180
52167 -1417346.229584 0.000000 -4.012328 -0.928180
52338 -1417346.229584 0.000000 -4.012328 -0.928180
52356 -1417346.229584 0.000000 -4.012328 -0.928180
61587 -1417346.229584 0.000000 -4.012328 -0.928180
61648 -1417346.229584 0.000000 -4.012328 -0.928180
62024 -1417346.229584 0.000000 -4.012328 -0.928180
62081 -1417346.229584 0.000000 -4.012328 -0.928180
62272 -1417346.229584 0.000000 -4.012328 -0.928180
62305 -1417346.229584 0.000000 -4.012328 -0.928181
61243 -1417346.229584 0.000000 -4.012328 -0.928180
71539 -1417346.229584 0.000000 -4.012328 -0.928180
71917 -1417346.229584 0.000000 -4.012328 -0.928180
71976 -1417346.229584 0.000000 -4.012328 -0.928180
72202 -1417346.229584 0.000000 -4.012328 -0.928180
72235 -1417346.229584 0.000000 -4.012328 -0.928180
71870 -1417346.229584 0.000000 -4.012328 -0.928180
70941 -1417346.229584 0.000000 -4.012328 -0.928180
71434 -1417346.229584 0.000000 -4.012328 -0.928180
897 -1417346.546484 0.000000 -4.329227 -1.245080
954 -1417346.546483 0.000000 -4.329227 -1.245079
1496 -1417346.546483 0.000000 -4.329226 -1.245079
1537 -1417346.546483 0.000000 -4.329227 -1.245079
2016 -1417346.546484 0.000000 -4.329227 -1.245080
2033 -1417346.546484 0.000000 -4.329227 -1.245080
2340 -1417346.546484 0.000000 -4.329227 -1.245080
10847 -1417346.546484 0.000000 -4.329227 -1.245080
11393 -1417346.546484 0.000000 -4.329227 -1.245080
11449 -1417346.546484 0.000000 -4.329227 -1.245080
11944 -1417346.546483 0.000000 -4.329227 -1.245080
11976 -1417346.546484 0.000000 -4.329228 -1.245080
12305 -1417346.546484 0.000000 -4.329227 -1.245080
12313 -1417346.546484 0.000000 -4.329227 -1.245080
21283 -1417346.546484 0.000000 -4.329227 -1.245080
21340 -1417346.546484 0.000000 -4.329227 -1.245080
21855 -1417346.546483 0.000000 -4.329227 -1.245080
21901 -1417346.546484 0.000000 -4.329227 -1.245080
22251 -1417346.546484 0.000000 -4.329227 -1.245080
22274 -1417346.546484 0.000000 -4.329227 -1.245080
22428 -1417346.546484 0.000000 -4.329227 -1.245080
31231 -1417346.546484 0.000000 -4.329227 -1.245080
31749 -1417346.546484 0.000000 -4.329227 -1.245080
31806 -1417346.546483 0.000000 -4.329227 -1.245080
32174 -1417346.546484 0.000000 -4.329227 -1.245080
32212 -1417346.546484 0.000000 -4.329227 -1.245080
32385 -1417346.546484 0.000000 -4.329227 -1.245080
32399 -1417346.546484 0.000000 -4.329227 -1.245080
30170 -1417346.546484 0.000000 -4.329227 -1.245080
41694 -1417346.546483 0.000000 -4.329227 -1.245080
42076 -1417346.546484 0.000000 -4.329227 -1.245080
42129 -1417346.546484 0.000000 -4.329228 -1.245080
42325 -1417346.546484 0.000000 -4.329227 -1.245080
42354 -1417346.546483 0.000000 -4.329227 -1.245080
41236 -1417346.546483 0.000000 -4.329227 -1.245080
40801 -1417346.546483 0.000000 -4.329227 -1.245079
51967 -1417346.546483 0.000000 -4.329227 -1.245080
52022 -1417346.546484 0.000000 -4.329227 -1.245080
52249 -1417346.546484 0.000000 -4.329227 -1.245080
210132 -1417346.546483 0.000000 -4.329227 -1.245080
50977 -1417346.546483 0.000000 -4.329227 -1.245080
50987 -1417346.546484 0.000000 -4.329227 -1.245080
51484 -1417346.546484 0.000000 -4.329227 -1.245080
60113 -1417346.546484 0.000000 -4.329227 -1.245080
60424 -1417346.546483 0.000000 -4.329227 -1.245080
60466 -1417346.546484 0.000000 -4.329227 -1.245080
60912 -1417346.546484 0.000000 -4.329227 -1.245080
60946 -1417346.546483 0.000000 -4.329227 -1.245080
61446 -1417346.546483 0.000000 -4.329227 -1.245079
61457 -1417346.546483 0.000000 -4.329227 -1.245080
70312 -1417346.546483 0.000000 -4.329227 -1.245079
70369 -1417346.546484 0.000000 -4.329227 -1.245080
70814 -1417346.546483 0.000000 -4.329227 -1.245079
70864 -1417346.546484 0.000000 -4.329227 -1.245080
71385 -1417346.546484 0.000000 -4.329227 -1.245080
71411 -1417346.546484 0.000000 -4.329227 -1.245080
71869 -1417346.546484 0.000000 -4.329227 -1.245080
71873 -1417346.546484 0.000000 -4.329228 -1.245080
152114 -1417346.572791 0.000000 -4.355535 -1.271387
1331 -1417346.572791 0.000000 -4.355535 -1.271387
1845 -1417346.572791 0.000000 -4.355535 -1.271388
1905 -1417346.572791 0.000000 -4.355535 -1.271387
2263 -1417346.572791 0.000000 -4.355534 -1.271387
2300 -1417346.572791 0.000000 -4.355535 -1.271387
2465 -1417346.572791 0.000000 -4.355535 -1.271388
2478 -1417346.572791 0.000000 -4.355535 -1.271387
11733 -1417346.572791 0.000000 -4.355535 -1.271387
11795 -1417346.572791 0.000000 -4.355535 -1.271388
12170 -1417346.572791 0.000000 -4.355535 -1.271387
12223 -1417346.572791 0.000000 -4.355535 -1.271388
12407 -1417346.572791 0.000000 -4.355535 -1.271387
12436 -1417346.572791 0.000000 -4.355535 -1.271387
11085 -1417346.572791 0.000000 -4.355535 -1.271387
21686 -1417346.572791 0.000000 -4.355535 -1.271387
22062 -1417346.572791 0.000000 -4.355535 -1.271387
22123 -1417346.572791 0.000000 -4.355535 -1.271388
22331 -1417346.572791 0.000000 -4.355535 -1.271388
22371 -1417346.572791 0.000000 -4.355535 -1.271387
21856 -1417346.572791 0.000000 -4.355535 -1.271387
20853 -1417346.572791 0.000000 -4.355535 -1.271387
31986 -1417346.572791 0.000000 -4.355535 -1.271387
189815 -1417346.572791 0.000000 -4.355535 -1.271387
30523 -1417346.572791 0.000000 -4.355535 -1.271387
30554 -1417346.572791 0.000000 -4.355535 -1.271387
31002 -1417346.572791 0.000000 -4.355534 -1.271387
31029 -1417346.572791 0.000000 -4.355535 -1.271387
31524 -1417346.572791 0.000000 -4.355535 -1.271388
31535 -1417346.572791 0.000000 -4.355535 -1.271387
40410 -1417346.572791 0.000000 -4.355535 -1.271387
40472 -1417346.572791 0.000000 -4.355535 -1.271388
40910 -1417346.572791 0.000000 -4.355535 -1.271387
40959 -1417346.572791 0.000000 -4.355535 -1.271387
41470 -1417346.572791 0.000000 -4.355535 -1.271387
41495 -1417346.572791 0.000000 -4.355535 -1.271388
41945 -1417346.572791 0.000000 -4.355535 -1.271387
50363 -1417346.572791 0.000000 -4.355535 -1.271387
50804 -1417346.572791 0.000000 -4.355535 -1.271387
50866 -1417346.572791 0.000000 -4.355535 -1.271387
51397 -1417346.572791 0.000000 -4.355535 -1.271387
51438 -1417346.572791 0.000000 -4.355535 -1.271387
51905 -1417346.572791 0.000000 -4.355535 -1.271387
51922 -1417346.572791 0.000000 -4.355535 -1.271387
60695 -1417346.572791 0.000000 -4.355535 -1.271387
60756 -1417346.572791 0.000000 -4.355535 -1.271387
61298 -1417346.572791 0.000000 -4.355535 -1.271387
61353 -1417346.572791 0.000000 -4.355535 -1.271387
61842 -1417346.572791 0.000000 -4.355535 -1.271388
61873 -1417346.572791 0.000000 -4.355535 -1.271387
62191 -1417346.572791 0.000000 -4.355535 -1.271388
70644 -1417346.572791 0.000000 -4.355535 -1.271387
71189 -1417346.572791 0.000000 -4.355535 -1.271387
71251 -1417346.572791 0.000000 -4.355535 -1.271387
71760 -1417346.572791 0.000000 -4.355535 -1.271387
71806 -1417346.572791 0.000000 -4.355535 -1.271387
72144 -1417346.572791 0.000000 -4.355535 -1.271387
72167 -1417346.572791 0.000000 -4.355535 -1.271387
1732 -1417346.185173 0.000000 -3.967917 -0.883769
2113 -1417346.185173 0.000000 -3.967917 -0.883769
2169 -1417346.185172 0.000000 -3.967916 -0.883769
2381 -1417346.185173 0.000000 -3.967916 -0.883769
2418 -1417346.185172 0.000000 -3.967916 -0.883769
2171 -1417346.185172 0.000000 -3.967916 -0.883769
160723 -1417346.185172 0.000000 -3.967916 -0.883769
1603 -1417346.185173 0.000000 -3.967917 -0.883769
10250 -1417346.185173 0.000000 -3.967916 -0.883769
10576 -1417346.185173 0.000000 -3.967916 -0.883769
10602 -1417346.185173 0.000000 -3.967916 -0.883769
11052 -1417346.185172 0.000000 -3.967916 -0.883768
11074 -1417346.185172 0.000000 -3.967915 -0.883768
11574 -1417346.185171 0.000000 -3.967915 -0.883768
11580 -1417346.185173 0.000000 -3.967916 -0.883769
20464 -1417346.185171 0.000000 -3.967915 -0.883768
20520 -1417346.185172 0.000000 -3.967915 -0.883768
20964 -1417346.185173 0.000000 -3.967916 -0.883769
21009 -1417346.185173 0.000000 -3.967917 -0.883769
21522 -1417346.185173 0.000000 -3.967916 -0.883769
21543 -1417346.185172 0.000000 -3.967916 -0.883768
21990 -1417346.185173 0.000000 -3.967917 -0.883769
30410 -1417346.185173 0.000000 -3.967916 -0.883769
30856 -1417346.185173 0.000000 -3.967917 -0.883769
30912 -1417346.185172 0.000000 -3.967916 -0.883768
31447 -1417346.185173 0.000000 -3.967916 -0.883769
31482 -1417346.185172 0.000000 -3.967915 -0.883768
31956 -1417346.185173 0.000000 -3.967917 -0.883769
31967 -1417346.185172 0.000000 -3.967916 -0.883769
40743 -1417346.185172 0.000000 -3.967916 -0.883769
40799 -1417346.185173 0.000000 -3.967916 -0.883769
41350 -1417346.185172 0.000000 -3.967916 -0.883769
41400 -1417346.185172 0.000000 -3.967916 -0.883768
41894 -1417346.185173 0.000000 -3.967916 -0.883769
41921 -1417346.185171 0.000000 -3.967915 -0.883768
42242 -1417346.185173 0.000000 -3.967916 -0.883769
42246 -1417346.185172 0.000000 -3.967916 -0.883768
51240 -1417346.185173 0.000000 -3.967917 -0.883769
51296 -1417346.185173 0.000000 -3.967916 -0.883769
51810 -1417346.185172 0.000000 -3.967916 -0.883768
51851 -1417346.185172 0.000000 -3.967916 -0.883769
52193 -1417346.185173 0.000000 -3.967917 -0.883769
52210 -1417346.185173 0.000000 -3.967917 -0.883769
52359 -1417346.185172 0.000000 -3.967916 -0.883768
61184 -1417346.185173 0.000000 -3.967916 -0.883769
61704 -1417346.185173 0.000000 -3.967916 -0.883769
61759 -1417346.185173 0.000000 -3.967917 -0.883769
62123 -1417346.185173 0.000000 -3.967917 -0.883769
62156 -1417346.185172 0.000000 -3.967916 -0.883768
62323 -1417346.185172 0.000000 -3.967916 -0.883768
62332 -1417346.185172 0.000000 -3.967916 -0.883768
71595 -1417346.185172 0.000000 -3.967915 -0.883768
71651 -1417346.185173 0.000000 -3.967917 -0.883769
72031 -1417346.185171 0.000000 -3.967915 -0.883767
72078 -1417346.185172 0.000000 -3.967916 -0.883768
72267 -1417346.185173 0.000000 -3.967916 -0.883769
72290 -1417346.185173 0.000000 -3.967916 -0.883769
70313 -1417346.185173 0.000000 -3.967917 -0.883769
1731 -1417346.156300 0.000000 -3.939043 -0.854896
1791 -1417346.156300 0.000000 -3.939044 -0.854896
2168 -1417346.156300 0.000000 -3.939044 -0.854896
2224 -1417346.156300 0.000000 -3.939044 -0.854896
2417 -1417346.156300 0.000000 -3.939044 -0.854896
2450 -1417346.156300 0.000000 -3.939044 -0.854896
1446 -1417346.156300 0.000000 -3.939044 -0.854896
511 -1417346.156300 0.000000 -3.939044 -0.854896
12058 -1417346.156300 0.000000 -3.939044 -0.854896
12117 -1417346.156300 0.000000 -3.939044 -0.854896
12342 -1417346.156300 0.000000 -3.939044 -0.854896
12376 -1417346.156300 0.000000 -3.939044 -0.854896
12343 -1417346.156300 0.000000 -3.939044 -0.854896
170702 -1417346.156300 0.000000 -3.939044 -0.854896
11579 -1417346.156300 0.000000 -3.939043 -0.854896
20211 -1417346.156300 0.000000 -3.939044 -0.854896
20519 -1417346.156300 0.000000 -3.939043 -0.854896
20565 -1417346.156300 0.000000 -3.939044 -0.854896
21008 -1417346.156300 0.000000 -3.939044 -0.854896
21047 -1417346.156300 0.000000 -3.939044 -0.854896
21542 -1417346.156300 0.000000 -3.939044 -0.854896
21557 -1417346.156300 0.000000 -3.939044 -0.854896
30409 -1417346.156300 0.000000 -3.939044 -0.854896
30469 -1417346.156300 0.000000 -3.939044 -0.854896
30911 -1417346.156300 0.000000 -3.939044 -0.854896
30965 -1417346.156300 0.000000 -3.939044 -0.854896
31481 -1417346.156300 0.000000 -3.939044 -0.854896
31511 -1417346.156300 0.000000 -3.939044 -0.854896
31966 -1417346.156300 0.000000 -3.939044 -0.854896
40356 -1417346.156300 0.000000 -3.939044 -0.854896
40798 -1417346.156300 0.000000 -3.939044 -0.854896
40859 -1417346.156300 0.000000 -3.939044 -0.854896
41399 -1417346.156300 0.000000 -3.939044 -0.854896
41443 -1417346.156300 0.000000 -3.939043 -0.854896
41920 -1417346.156300 0.000000 -3.939044 -0.854896
41941 -1417346.156300 0.000000 -3.939043 -0.854896
42245 -1417346.156300 0.000000 -3.939044 -0.854896
50750 -1417346.156300 0.000000 -3.939044 -0.854896
51295 -1417346.156300 0.000000 -3.939044 -0.854896
51354 -1417346.156300 0.000000 -3.939044 -0.854896
51850 -1417346.156300 0.000000 -3.939044 -0.854896
51886 -1417346.156300 0.000000 -3.939043 -0.854896
52209 -1417346.156300 0.000000 -3.939044 -0.854896
52221 -1417346.156300 0.000000 -3.939044 -0.854896
61183 -1417346.156300 0.000000 -3.939044 -0.854896
61244 -1417346.156300 0.000000 -3.939044 -0.854896
61758 -1417346.156300 0.000000 -3.939044 -0.854896
61809 -1417346.156300 0.000000 -3.939044 -0.854896
62155 -1417346.156300 0.000000 -3.939043 -0.854896
62182 -1417346.156300 0.000000 -3.939044 -0.854896
62331 -1417346.156300 0.000000 -3.939044 -0.854896
71135 -1417346.156300 0.000000 -3.939043 -0.854896
71650 -1417346.156300 0.000000 -3.939044 -0.854896
71711 -1417346.156300 0.000000 -3.939044 -0.854896
72077 -1417346.156300 0.000000 -3.939044 -0.854896
72119 -1417346.156300 0.000000 -3.939044 -0.854896
72289 -1417346.156300 0.000000 -3.939044 -0.854896
72307 -1417346.156300 0.000000 -3.939043 -0.854896
1330 -1417345.779232 0.000000 -3.561976 -0.477828
1848 -1417345.779232 0.000000 -3.561976 -0.477828
1904 -1417345.779232 0.000000 -3.561976 -0.477829
2266 -1417345.779232 0.000000 -3.561976 -0.477828
2299 -1417345.779232 0.000000 -3.561976 -0.477828
2468 -1417345.779232 0.000000 -3.561976 -0.477828
2477 -1417345.779232 0.000000 -3.561976 -0.477828
11736 -1417345.779232 0.000000 -3.561976 -0.477828
11794 -1417345.779232 0.000000 -3.561976 -0.477829
12173 -1417345.779232 0.000000 -3.561976 -0.477828
12222 -1417345.779232 0.000000 -3.561976 -0.477829
12410 -1417345.779232 0.000000 -3.561976 -0.477828
12435 -1417345.779232 0.000000 -3.561976 -0.477828
10905 -1417345.779232 0.000000 -3.561976 -0.477828
10462 -1417345.779232 0.000000 -3.561976 -0.477828
22064 -1417345.779232 0.000000 -3.561976 -0.477828
22122 -1417345.779232 0.000000 -3.561976 -0.477828
22332 -1417345.779232 0.000000 -3.561976 -0.477828
22370 -1417345.779232 0.000000 -3.561976 -0.477829
21801 -1417345.779232 0.000000 -3.561976 -0.477828
180679 -1417345.779232 0.000000 -3.561976 -0.477828
21558 -1417345.779232 0.000000 -3.561976 -0.477828
30198 -1417345.779232 0.000000 -3.561976 -0.477828
30526 -1417345.779232 0.000000 -3.561976 -0.477828
30553 -1417345.779232 0.000000 -3.561976 -0.477828
31005 -1417345.779232 0.000000 -3.561976 -0.477828
31028 -1417345.779232 0.000000 -3.561976 -0.477828
31527 -1417345.779232 0.000000 -3.561976 -0.477828
31534 -1417345.779232 0.000000 -3.561976 -0.477828
40413 -1417345.779232 0.000000 -3.561976 -0.477828
40471 -1417345.779232 0.000000 -3.561976 -0.477828
40913 -1417345.779232 0.000000 -3.561976 -0.477828
40958 -1417345.779232 0.000000 -3.561976 -0.477828
41473 -1417345.779232 0.000000 -3.561976 -0.477828
41494 -1417345.779232 0.000000 -3.561976 -0.477829
41947 -1417345.779232 0.000000 -3.561976 -0.477828
50362 -1417345.779232 0.000000 -3.561976 -0.477828
50807 -1417345.779232 0.000000 -3.561976 -0.477828
50865 -1417345.779232 0.000000 -3.561976 -0.477828
51400 -1417345.779232 0.000000 -3.561976 -0.477828
51437 -1417345.779232 0.000000 -3.561976 -0.477828
51908 -1417345.779232 0.000000 -3.561976 -0.477828
51921 -1417345.779232 0.000000 -3.561976 -0.477828
52222 -1417345.779232 0.000000 -3.561976 -0.477828
60755 -1417345.779232 0.000000 -3.561976 -0.477828
61301 -1417345.779232 0.000000 -3.561976 -0.477828
61352 -1417345.779232 0.000000 -3.561976 -0.477828
61845 -1417345.779232 0.000000 -3.561976 -0.477828
61872 -1417345.779232 0.000000 -3.561976 -0.477828
62194 -1417345.779232 0.000000 -3.561976 -0.477828
62198 -1417345.779232 0.000000 -3.561976 -0.477828
71192 -1417345.779232 0.000000 -3.561976 -0.477828
71250 -1417345.779232 0.000000 -3.561976 -0.477828
71763 -1417345.779232 0.000000 -3.561975 -0.477828
71805 -1417345.779232 0.000000 -3.561976 -0.477828
72147 -1417345.779232 0.000000 -3.561976 -0.477829
72166 -1417345.779232 0.000000 -3.561976 -0.477828
72292 -1417345.779232 0.000000 -3.561976 -0.477828
839 -1417345.755481 0.000000 -3.538225 -0.454077
899 -1417345.755481 0.000000 -3.538225 -0.454077
1443 -1417345.755481 0.000000 -3.538225 -0.454077
1498 -1417345.755481 0.000000 -3.538225 -0.454077
1987 -1417345.755481 0.000000 -3.538225 -0.454077
2018 -1417345.755481 0.000000 -3.538225 -0.454077
2334 -1417345.755481 0.000000 -3.538225 -0.454077
10792 -1417345.755481 0.000000 -3.538225 -0.454077
11334 -1417345.755481 0.000000 -3.538225 -0.454077
11395 -1417345.755481 0.000000 -3.538225 -0.454077
11901 -1417345.755481 0.000000 -3.538225 -0.454077
11946 -1417345.755481 0.000000 -3.538225 -0.454077
12286 -1417345.755481 0.000000 -3.538225 -0.454077
12307 -1417345.755481 0.000000 -3.538225 -0.454077
12452 -1417345.755481 0.000000 -3.538225 -0.454077
21285 -1417345.755481 0.000000 -3.538225 -0.454077
21798 -1417345.755481 0.000000 -3.538225 -0.454077
21857 -1417345.755481 0.000000 -3.538225 -0.454077
22217 -1417345.755481 0.000000 -3.538225 -0.454077
22253 -1417345.755481 0.000000 -3.538225 -0.454077
22417 -1417345.755481 0.000000 -3.538225 -0.454077
22430 -1417345.755481 0.000000 -3.538225 -0.454077
31690 -1417345.755481 0.000000 -3.538225 -0.454077
31751 -1417345.755481 0.000000 -3.538225 -0.454077
32125 -1417345.755481 0.000000 -3.538225 -0.454077
32176 -1417345.755481 0.000000 -3.538225 -0.454077
32360 -1417345.755481 0.000000 -3.538225 -0.454077
32387 -1417345.755481 0.000000 -3.538225 -0.454077
30527 -1417345.755481 0.000000 -3.538225 -0.454077
41639 -1417345.755481 0.000000 -3.538225 -0.454077
42018 -1417345.755481 0.000000 -3.538224 -0.454077
42078 -1417345.755481 0.000000 -3.538225 -0.454077
42286 -1417345.755481 0.000000 -3.538225 -0.454077
42327 -1417345.755481 0.000000 -3.538225 -0.454077
41940 -1417345.755481 0.000000 -3.538225 -0.454077
41011 -1417345.755481 0.000000 -3.538225 -0.454077
51939 -1417345.755481 0.000000 -3.538225 -0.454077
209769 -1417345.755481 0.000000 -3.538225 -0.454077
50475 -1417345.755481 0.000000 -3.538225 -0.454077
50505 -1417345.755481 0.000000 -3.538224 -0.454077
50953 -1417345.755481 0.000000 -3.538225 -0.454077
50979 -1417345.755481 0.000000 -3.538225 -0.454077
51477 -1417345.755481 0.000000 -3.538225 -0.454077
51486 -1417345.755481 0.000000 -3.538225 -0.454077
60365 -1417345.755481 0.000000 -3.538225 -0.454077
60426 -1417345.755481 0.000000 -3.538225 -0.454077
60866 -1417345.755481 0.000000 -3.538224 -0.454077
60914 -1417345.755481 0.000000 -3.538225 -0.454077
61423 -1417345.755481 0.000000 -3.538225 -0.454077
61448 -1417345.755481 0.000000 -3.538225 -0.454077
61895 -1417345.755481 0.000000 -3.538225 -0.454077
70314 -1417345.755481 0.000000 -3.538225 -0.454077
70756 -1417345.755481 0.000000 -3.538225 -0.454077
70816 -1417345.755481 0.000000 -3.538225 -0.454077
71348 -1417345.755481 0.000000 -3.538225 -0.454077
71387 -1417345.755481 0.000000 -3.538224 -0.454077
71856 -1417345.755481 0.000000 -3.538225 -0.454077
71871 -1417345.755481 0.000000 -3.538225 -0.454077
257 -1417345.605651 0.000000 -3.388395 -0.304247
570 -1417345.605651 0.000000 -3.388395 -0.304247
613 -1417345.605651 0.000000 -3.388395 -0.304247
1055 -1417345.605650 0.000000 -3.388394 -0.304247
1090 -1417345.605651 0.000000 -3.388395 -0.304247
1590 -1417345.605651 0.000000 -3.388395 -0.304247
1601 -1417345.605651 0.000000 -3.388395 -0.304247
10461 -1417345.605651 0.000000 -3.388395 -0.304247
10519 -1417345.605650 0.000000 -3.388394 -0.304246
10964 -1417345.605651 0.000000 -3.388395 -0.304247
11013 -1417345.605651 0.000000 -3.388394 -0.304247
11533 -1417345.605651 0.000000 -3.388395 -0.304247
11559 -1417345.605651 0.000000 -3.388395 -0.304247
12013 -1417345.605651 0.000000 -3.388395 -0.304247
12016 -1417345.605651 0.000000 -3.388395 -0.304247
20852 -1417345.605651 0.000000 -3.388395 -0.304247
20910 -1417345.605651 0.000000 -3.388395 -0.304247
21450 -1417345.605651 0.000000 -3.388394 -0.304247
21491 -1417345.605650 0.000000 -3.388394 -0.304246
21966 -1417345.605651 0.000000 -3.388395 -0.304247
21983 -1417345.605650 0.000000 -3.388394 -0.304247
22292 -1417345.605650 0.000000 -3.388394 -0.304247
30799 -1417345.605651 0.000000 -3.388394 -0.304247
31347 -1417345.605651 0.000000 -3.388394 -0.304247
31402 -1417345.605650 0.000000 -3.388394 -0.304246
31903 -1417345.605650 0.000000 -3.388394 -0.304247
31935 -1417345.605651 0.000000 -3.388394 -0.304247
32261 -1417345.605650 0.000000 -3.388394 -0.304247
32269 -1417345.605651 0.000000 -3.388395 -0.304247
41235 -1417345.605650 0.000000 -3.388394 -0.304246
41293 -1417345.605651 0.000000 -3.388395 -0.304247
41810 -1417345.605651 0.000000 -3.388394 -0.304247
41857 -1417345.605651 0.000000 -3.388394 -0.304247
42206 -1417345.605651 0.000000 -3.388394 -0.304247
42229 -1417345.605651 0.000000 -3.388395 -0.304247
42383 -1417345.605651 0.000000 -3.388395 -0.304247
51183 -1417345.605651 0.000000 -3.388394 -0.304247
51701 -1417345.605650 0.000000 -3.388394 -0.304246
51759 -1417345.605651 0.000000 -3.388395 -0.304247
52129 -1417345.605651 0.000000 -3.388395 -0.304247
52166 -1417345.605651 0.000000 -3.388394 -0.304247
52341 -1417345.605651 0.000000 -3.388395 -0.304247
52355 -1417345.605651 0.000000 -3.388395 -0.304247
50152 -1417345.605651 0.000000 -3.388395 -0.304247
61647 -1417345.605650 0.000000 -3.388394 -0.304246
62027 -1417345.605650 0.000000 -3.388394 -0.304247
62080 -1417345.605651 0.000000 -3.388394 -0.304247
62275 -1417345.605650 0.000000 -3.388394 -0.304247
62304 -1417345.605651 0.000000 -3.388395 -0.304247
61186 -1417345.605651 0.000000 -3.388395 -0.304247
60368 -1417345.605651 0.000000 -3.388394 -0.304247
71918 -1417345.605651 0.000000 -3.388394 -0.304247
71975 -1417345.605651 0.000000 -3.388394 -0.304247
72203 -1417345.605651 0.000000 -3.388395 -0.304247
70468 -1417345.605651 0.000000 -3.388395 -0.304247
70930 -1417345.605651 0.000000 -3.388395 -0.304247
70940 -1417345.605651 0.000000 -3.388395 -0.304247
71436 -1417345.605651 0.000000 -3.388395 -0.304247
840 -1417345.617768 0.000000 -3.400512 -0.316364
1387 -1417345.617768 0.000000 -3.400512 -0.316364
1444 -1417345.617768 0.000000 -3.400512 -0.316364
1951 -1417345.617768 0.000000 -3.400512 -0.316364
1988 -1417345.617768 0.000000 -3.400512 -0.316364
2322 -1417345.617768 0.000000 -3.400512 -0.316364
2335 -1417345.617768 0.000000 -3.400512 -0.316364
2479 -1417345.617768 0.000000 -3.400512 -0.316364
11335 -1417345.617768 0.000000 -3.400512 -0.316364
11851 -1417345.617768 0.000000 -3.400512 -0.316364
11902 -1417345.617768 0.000000 -3.400512 -0.316364
12260 -1417345.617768 0.000000 -3.400512 -0.316364
12287 -1417345.617768 0.000000 -3.400511 -0.316364
12449 -1417345.617768 0.000000 -3.400512 -0.316364
12453 -1417345.617768 0.000000 -3.400512 -0.316364
21742 -1417345.617768 0.000000 -3.400512 -0.316364
21799 -1417345.617768 0.000000 -3.400512 -0.316364
22175 -1417345.617768 0.000000 -3.400512 -0.316364
22218 -1417345.617768 0.000000 -3.400512 -0.316364
22399 -1417345.617768 0.000000 -3.400512 -0.316364
22418 -1417345.617768 0.000000 -3.400512 -0.316364
20522 -1417345.617768 0.000000 -3.400512 -0.316364
31691 -1417345.617768 0.000000 -3.400512 -0.316364
32071 -1417345.617768 0.000000 -3.400512 -0.316364
32126 -1417345.617768 0.000000 -3.400512 -0.316364
32328 -1417345.617768 0.000000 -3.400512 -0.316364
32361 -1417345.617768 0.000000 -3.400512 -0.316364
31348 -1417345.617768 0.000000 -3.400512 -0.316364
30468 -1417345.617768 0.000000 -3.400512 -0.316364
41976 -1417345.617768 0.000000 -3.400512 -0.316364
40174 -1417345.617768 0.000000 -3.400512 -0.316364
40513 -1417345.617768 0.000000 -3.400512 -0.316364
40537 -1417345.617768 0.000000 -3.400512 -0.316364
40993 -1417345.617768 0.000000 -3.400512 -0.316364
41005 -1417345.617768 0.000000 -3.400512 -0.316364
41505 -1417345.617768 0.000000 -3.400512 -0.316364
41508 -1417345.617768 0.000000 -3.400512 -0.316364
50419 -1417345.617768 0.000000 -3.400512 -0.316364
50476 -1417345.617768 0.000000 -3.400512 -0.316364
50915 -1417345.617768 0.000000 -3.400512 -0.316364
50954 -1417345.617768 0.000000 -3.400512 -0.316364
51463 -1417345.617768 0.000000 -3.400512 -0.316364
51478 -1417345.617768 0.000000 -3.400512 -0.316364
51924 -1417345.617768 0.000000 -3.400512 -0.316364
60366 -1417345.617768 0.000000 -3.400512 -0.316364
60812 -1417345.617768 0.000000 -3.400512 -0.316364
60867 -1417345.617768 0.000000 -3.400512 -0.316364
61393 -1417345.617768 0.000000 -3.400512 -0.316364
61424 -1417345.617768 0.000000 -3.400512 -0.316364
61889 -1417345.617768 0.000000 -3.400512 -0.316364
61896 -1417345.617768 0.000000 -3.400512 -0.316364
70700 -1417345.617768 0.000000 -3.400512 -0.316364
70757 -1417345.617768 0.000000 -3.400512 -0.316364
71304 -1417345.617768 0.000000 -3.400512 -0.316364
71349 -1417345.617768 0.000000 -3.400512 -0.316364
71836 -1417345.617768 0.000000 -3.400512 -0.316364
71857 -1417345.617768 0.000000 -3.400512 -0.316364
72174 -1417345.617768 0.000000 -3.400512 -0.316364
454 -1417345.772216 0.000000 -3.554960 -0.470812
513 -1417345.772216 0.000000 -3.554960 -0.470812
953 -1417345.772216 0.000000 -3.554959 -0.470812
1011 -1417345.772216 0.000000 -3.554960 -0.470812
1536 -1417345.772216 0.000000 -3.554960 -0.470812
1570 -1417345.772216 0.000000 -3.554960 -0.470812
2032 -1417345.772216 0.000000 -3.554960 -0.470812
2042 -1417345.772216 0.000000 -3.554960 -0.470812
10846 -1417345.772216 0.000000 -3.554959 -0.470812
10907 -1417345.772216 0.000000 -3.554960 -0.470812
11448 -1417345.772215 0.000000 -3.554959 -0.470812
11498 -1417345.772216 0.000000 -3.554960 -0.470812
11975 -1417345.772216 0.000000 -3.554960 -0.470812
12001 -1417345.772216 0.000000 -3.554960 -0.470812
12312 -1417345.772216 0.000000 -3.554960 -0.470812
20795 -1417345.772216 0.000000 -3.554960 -0.470812
21339 -1417345.772216 0.000000 -3.554960 -0.470812
21400 -1417345.772216 0.000000 -3.554960 -0.470812
21900 -1417345.772216 0.000000 -3.554959 -0.470812
21940 -1417345.772216 0.000000 -3.554960 -0.470812
22273 -1417345.772216 0.000000 -3.554960 -0.470812
22289 -1417345.772215 0.000000 -3.554959 -0.470812
31230 -1417345.772216 0.000000 -3.554960 -0.470812
31290 -1417345.772216 0.000000 -3.554960 -0.470812
31805 -1417345.772216 0.000000 -3.554960 -0.470812
31861 -1417345.772216 0.000000 -3.554960 -0.470812
32211 -1417345.772216 0.000000 -3.554960 -0.470812
32243 -1417345.772215 0.000000 -3.554959 -0.470812
32398 -1417345.772216 0.000000 -3.554960 -0.470812
41178 -1417345.772216 0.000000 -3.554960 -0.470812
41693 -1417345.772216 0.000000 -3.554960 -0.470812
41754 -1417345.772216 0.000000 -3.554960 -0.470812
42128 -1417345.772216 0.000000 -3.554960 -0.470812
42174 -1417345.772216 0.000000 -3.554960 -0.470812
42353 -1417345.772216 0.000000 -3.554960 -0.470812
42375 -1417345.772216 0.000000 -3.554959 -0.470812
40857 -1417345.772216 0.000000 -3.554960 -0.470812
51644 -1417345.772216 0.000000 -3.554960 -0.470812
52021 -1417345.772216 0.000000 -3.554959 -0.470812
52082 -1417345.772216 0.000000 -3.554959 -0.470812
52280 -1417345.772216 0.000000 -3.554959 -0.470812
52317 -1417345.772216 0.000000 -3.554959 -0.470812
51480 -1417345.772216 0.000000 -3.554960 -0.470812
50478 -1417345.772216 0.000000 -3.554960 -0.470812
61926 -1417345.772216 0.000000 -3.554960 -0.470812
61970 -1417345.772216 0.000000 -3.554960 -0.470812
62212 -1417345.772216 0.000000 -3.554960 -0.470812
60492 -1417345.772216 0.000000 -3.554959 -0.470812
60945 -1417345.772216 0.000000 -3.554960 -0.470812
60960 -1417345.772216 0.000000 -3.554960 -0.470812
61456 -1417345.772216 0.000000 -3.554959 -0.470812
70074 -1417345.772216 0.000000 -3.554959 -0.470812
70368 -1417345.772216 0.000000 -3.554959 -0.470812
70429 -1417345.772216 0.000000 -3.554960 -0.470812
70863 -1417345.772215 0.000000 -3.554959 -0.470812
70907 -1417345.772216 0.000000 -3.554960 -0.470812
71410 -1417345.772216 0.000000 -3.554959 -0.470812
71430 -1417345.772216 0.000000 -3.554959 -0.470812
2071 -1417347.098240 0.000000 -4.880984 -1.796836
2114 -1417347.098241 0.000000 -4.880985 -1.796837
2356 -1417347.098240 0.000000 -4.880984 -1.796836
638 -1417347.098241 0.000000 -4.880984 -1.796837
1089 -1417347.098241 0.000000 -4.880985 -1.796837
1103 -1417347.098241 0.000000 -4.880985 -1.796837
1600 -1417347.098240 0.000000 -4.880984 -1.796836
10223 -1417347.098241 0.000000 -4.880984 -1.796837
10518 -1417347.098241 0.000000 -4.880985 -1.796837
10577 -1417347.098240 0.000000 -4.880984 -1.796836
11012 -1417347.098241 0.000000 -4.880984 -1.796837
11053 -1417347.098241 0.000000 -4.880985 -1.796837
11558 -1417347.098241 0.000000 -4.880984 -1.796837
11575 -1417347.098240 0.000000 -4.880984 -1.796836
20407 -1417347.098241 0.000000 -4.880985 -1.796837
20465 -1417347.098241 0.000000 -4.880985 -1.796837
20909 -1417347.098240 0.000000 -4.880984 -1.796836
20965 -1417347.098241 0.000000 -4.880985 -1.796837
21490 -1417347.098241 0.000000 -4.880985 -1.796837
21523 -1417347.098241 0.000000 -4.880984 -1.796837
21982 -1417347.098240 0.000000 -4.880984 -1.796836
21991 -1417347.098241 0.000000 -4.880984 -1.796837
30798 -1417347.098241 0.000000 -4.880984 -1.796837
30857 -1417347.098241 0.000000 -4.880985 -1.796837
31401 -1417347.098241 0.000000 -4.880985 -1.796837
31448 -1417347.098240 0.000000 -4.880984 -1.796836
31934 -1417347.098241 0.000000 -4.880985 -1.796837
31957 -1417347.098240 0.000000 -4.880984 -1.796837
32268 -1417347.098241 0.000000 -4.880984 -1.796837
40744 -1417347.098240 0.000000 -4.880984 -1.796836
41292 -1417347.098240 0.000000 -4.880984 -1.796836
41351 -1417347.098241 0.000000 -4.880984 -1.796837
41856 -1417347.098241 0.000000 -4.880984 -1.796837
41895 -1417347.098241 0.000000 -4.880985 -1.796837
42228 -1417347.098241 0.000000 -4.880985 -1.796837
42243 -1417347.098241 0.000000 -4.880984 -1.796837
51182 -1417347.098240 0.000000 -4.880984 -1.796836
51241 -1417347.098241 0.000000 -4.880984 -1.796837
51758 -1417347.098241 0.000000 -4.880984 -1.796837
51811 -1417347.098240 0.000000 -4.880984 -1.796837
52165 -1417347.098240 0.000000 -4.880984 -1.796837
52194 -1417347.098240 0.000000 -4.880984 -1.796836
52354 -1417347.098240 0.000000 -4.880984 -1.796836
61129 -1417347.098240 0.000000 -4.880984 -1.796836
61646 -1417347.098241 0.000000 -4.880984 -1.796837
61705 -1417347.098240 0.000000 -4.880984 -1.796837
62079 -1417347.098241 0.000000 -4.880985 -1.796837
62124 -1417347.098241 0.000000 -4.880984 -1.796837
62303 -1417347.098240 0.000000 -4.880984 -1.796836
62324 -1417347.098241 0.000000 -4.880984 -1.796837
60425 -1417347.098241 0.000000 -4.880985 -1.796837
71596 -1417347.098241 0.000000 -4.880984 -1.796837
71974 -1417347.098241 0.000000 -4.880985 -1.796837
72032 -1417347.098241 0.000000 -4.880984 -1.796837
72234 -1417347.098241 0.000000 -4.880984 -1.796837
72268 -1417347.098241 0.000000 -4.880984 -1.796837
71193 -1417347.098241 0.000000 -4.880984 -1.796837
70103 -1417347.098241 0.000000 -4.880984 -1.796837
1329 -1417346.559952 0.000000 -4.342696 -1.258548
1388 -1417346.559952 0.000000 -4.342696 -1.258549
1903 -1417346.559953 0.000000 -4.342696 -1.258549
1952 -1417346.559952 0.000000 -4.342696 -1.258549
2298 -1417346.559952 0.000000 -4.342696 -1.258549
2323 -1417346.559952 0.000000 -4.342696 -1.258549
2476 -1417346.559952 0.000000 -4.342696 -1.258549
11279 -1417346.559953 0.000000 -4.342696 -1.258549
11793 -1417346.559952 0.000000 -4.342696 -1.258548
11852 -1417346.559952 0.000000 -4.342696 -1.258549
12221 -1417346.559952 0.000000 -4.342696 -1.258549
12261 -1417346.559952 0.000000 -4.342696 -1.258549
12434 -1417346.559952 0.000000 -4.342696 -1.258549
12450 -1417346.559952 0.000000 -4.342696 -1.258549
21685 -1417346.559952 0.000000 -4.342696 -1.258548
21743 -1417346.559952 0.000000 -4.342696 -1.258549
22121 -1417346.559952 0.000000 -4.342696 -1.258548
22176 -1417346.559952 0.000000 -4.342695 -1.258548
22369 -1417346.559952 0.000000 -4.342696 -1.258549
22400 -1417346.559952 0.000000 -4.342696 -1.258549
21011 -1417346.559952 0.000000 -4.342696 -1.258549
20210 -1417346.559952 0.000000 -4.342696 -1.258548
32015 -1417346.559952 0.000000 -4.342696 -1.258548
32072 -1417346.559952 0.000000 -4.342696 -1.258548
191913 -1417346.559952 0.000000 -4.342696 -1.258548
191945 -1417346.559952 0.000000 -4.342696 -1.258549
191587 -1417346.559952 0.000000 -4.342696 -1.258549
31039 -1417346.559952 0.000000 -4.342696 -1.258548
31533 -1417346.559952 0.000000 -4.342696 -1.258548
40160 -1417346.559953 0.000000 -4.342696 -1.258549
40470 -1417346.559952 0.000000 -4.342696 -1.258548
40514 -1417346.559952 0.000000 -4.342696 -1.258549
40957 -1417346.559952 0.000000 -4.342696 -1.258548
40994 -1417346.559952 0.000000 -4.342696 -1.258549
41493 -1417346.559952 0.000000 -4.342695 -1.258548
41506 -1417346.559952 0.000000 -4.342696 -1.258548
50361 -1417346.559952 0.000000 -4.342696 -1.258549
50420 -1417346.559952 0.000000 -4.342696 -1.258548
50864 -1417346.559952 0.000000 -4.342696 -1.258548
50916 -1417346.559952 0.000000 -4.342696 -1.258548
51436 -1417346.559952 0.000000 -4.342696 -1.258548
51464 -1417346.559952 0.000000 -4.342696 -1.258549
51920 -1417346.559952 0.000000 -4.342696 -1.258548
60310 -1417346.559952 0.000000 -4.342695 -1.258548
60754 -1417346.559952 0.000000 -4.342696 -1.258549
60813 -1417346.559952 0.000000 -4.342696 -1.258549
61351 -1417346.559952 0.000000 -4.342696 -1.258549
61394 -1417346.559953 0.000000 -4.342696 -1.258549
61871 -1417346.559952 0.000000 -4.342696 -1.258549
61890 -1417346.559951 0.000000 -4.342695 -1.258547
62197 -1417346.559952 0.000000 -4.342696 -1.258548
70701 -1417346.559952 0.000000 -4.342696 -1.258549
71249 -1417346.559951 0.000000 -4.342695 -1.258548
71305 -1417346.559952 0.000000 -4.342696 -1.258549
71804 -1417346.559952 0.000000 -4.342696 -1.258548
71837 -1417346.559952 0.000000 -4.342696 -1.258549
72165 -1417346.559952 0.000000 -4.342696 -1.258549
72175 -1417346.559952 0.000000 -4.342696 -1.258548
956 -1417346.521161 0.000000 -4.303905 -1.219757
1010 -1417346.521161 0.000000 -4.303905 -1.219757
1539 -1417346.521161 0.000000 -4.303905 -1.219757
1569 -1417346.521161 0.000000 -4.303905 -1.219757
2035 -1417346.521161 0.000000 -4.303904 -1.219757
2041 -1417346.521161 0.000000 -4.303905 -1.219757
10849 -1417346.521161 0.000000 -4.303905 -1.219757
10906 -1417346.521161 0.000000 -4.303905 -1.219757
11451 -1417346.521161 0.000000 -4.303905 -1.219757
11497 -1417346.521161 0.000000 -4.303905 -1.219757
11978 -1417346.521161 0.000000 -4.303905 -1.219757
12000 -1417346.521161 0.000000 -4.303905 -1.219757
12315 -1417346.521161 0.000000 -4.303905 -1.219757
20794 -1417346.521161 0.000000 -4.303905 -1.219757
21342 -1417346.521161 0.000000 -4.303905 -1.219757
21399 -1417346.521161 0.000000 -4.303905 -1.219757
21903 -1417346.521161 0.000000 -4.303905 -1.219757
21939 -1417346.521161 0.000000 -4.303905 -1.219757
22276 -1417346.521161 0.000000 -4.303905 -1.219757
22288 -1417346.521161 0.000000 -4.303905 -1.219757
22431 -1417346.521161 0.000000 -4.303905 -1.219757
31289 -1417346.521161 0.000000 -4.303905 -1.219757
31808 -1417346.521160 0.000000 -4.303904 -1.219757
31860 -1417346.521161 0.000000 -4.303904 -1.219757
32214 -1417346.521161 0.000000 -4.303905 -1.219757
32242 -1417346.521161 0.000000 -4.303905 -1.219757
32401 -1417346.521161 0.000000 -4.303905 -1.219757
32386 -1417346.521161 0.000000 -4.303905 -1.219757
41696 -1417346.521161 0.000000 -4.303905 -1.219757
41753 -1417346.521161 0.000000 -4.303904 -1.219757
42131 -1417346.521161 0.000000 -4.303905 -1.219757
42173 -1417346.521161 0.000000 -4.303905 -1.219757
42356 -1417346.521161 0.000000 -4.303904 -1.219757
42374 -1417346.521161 0.000000 -4.303905 -1.219757
40414 -1417346.521161 0.000000 -4.303905 -1.219757
51643 -1417346.521160 0.000000 -4.303904 -1.219757
52024 -1417346.521161 0.000000 -4.303905 -1.219757
52081 -1417346.521161 0.000000 -4.303905 -1.219757
52282 -1417346.521161 0.000000 -4.303905 -1.219757
211932 -1417346.521161 0.000000 -4.303905 -1.219757
211017 -1417346.521161 0.000000 -4.303905 -1.219757
210120 -1417346.521161 0.000000 -4.303905 -1.219757
221543 -1417346.521161 0.000000 -4.303905 -1.219757
60129 -1417346.521161 0.000000 -4.303905 -1.219757
60468 -1417346.521161 0.000000 -4.303905 -1.219757
60491 -1417346.521161 0.000000 -4.303905 -1.219757
60948 -1417346.521161 0.000000 -4.303905 -1.219757
60959 -1417346.521161 0.000000 -4.303905 -1.219757
61459 -1417346.521161 0.000000 -4.303905 -1.219757
61461 -1417346.521161 0.000000 -4.303905 -1.219757
70371 -1417346.521161 0.000000 -4.303905 -1.219757
70428 -1417346.521161 0.000000 -4.303905 -1.219757
70866 -1417346.521161 0.000000 -4.303905 -1.219757
70906 -1417346.521161 0.000000 -4.303905 -1.219757
71413 -1417346.521161 0.000000 -4.303905 -1.219757
71429 -1417346.521161 0.000000 -4.303905 -1.219757
71874 -1417346.521161 0.000000 -4.303905 -1.219757
80320 -1417346.521161 0.000000 -4.303905 -1.219757
2483 -1417346.256197 0.000000 -4.038941 -0.954793
2484 -1417346.256197 0.000000 -4.038941 -0.954793
2485 -1417346.256197 0.000000 -4.038941 -0.954793
2486 -1417346.256197 0.000000 -4.038941 -0.954793
2487 -1417346.256197 0.000000 -4.038941 -0.954793
2488 -1417346.256197 0.000000 -4.038941 -0.954793
2489 -1417346.256197 0.000000 -4.038941 -0.954793
12458 -1417346.256197 0.000000 -4.038941 -0.954793
12459 -1417346.256197 0.000000 -4.038941 -0.954793
12460 -1417346.256197 0.000000 -4.038941 -0.954793
12461 -1417346.256197 0.000000 -4.038941 -0.954793
12462 -1417346.256197 0.000000 -4.038941 -0.954793
12463 -1417346.256197 0.000000 -4.038941 -0.954793
12464 -1417346.256197 0.000000 -4.038941 -0.954793
22432 -1417346.256197 0.000000 -4.038941 -0.954793
22433 -1417346.256197 0.000000 -4.038941 -0.954793
22434 -1417346.256197 0.000000 -4.038941 -0.954793
22435 -1417346.256197 0.000000 -4.038941 -0.954793
23153 -1417346.256197 0.000000 -4.038941 -0.954793
22437 -1417346.256197 0.000000 -4.038941 -0.954793
22438 -1417346.256197 0.000000 -4.038941 -0.954793
32405 -1417346.256197 0.000000 -4.038941 -0.954793
32406 -1417346.256197 0.000000 -4.038941 -0.954793
32407 -1417346.256197 0.000000 -4.038941 -0.954793
32408 -1417346.256197 0.000000 -4.038941 -0.954793
32409 -1417346.256197 0.000000 -4.038940 -0.954793
32410 -1417346.256197 0.000000 -4.038941 -0.954793
32411 -1417346.256197 0.000000 -4.038941 -0.954793
42387 -1417346.256197 0.000000 -4.038940 -0.954793
42388 -1417346.256197 0.000000 -4.038941 -0.954793
42389 -1417346.256197 0.000000 -4.038941 -0.954793
42390 -1417346.256197 0.000000 -4.038941 -0.954793
42391 -1417346.256197 0.000000 -4.038941 -0.954793
42392 -1417346.256197 0.000000 -4.038941 -0.954793
42393 -1417346.256197 0.000000 -4.038941 -0.954793
42394 -1417346.256197 0.000000 -4.038941 -0.954793
52362 -1417346.256197 0.000000 -4.038941 -0.954793
52363 -1417346.256197 0.000000 -4.038941 -0.954793
52364 -1417346.256197 0.000000 -4.038941 -0.954793
52365 -1417346.256197 0.000000 -4.038941 -0.954793
52366 -1417346.256197 0.000000 -4.038941 -0.954793
52367 -1417346.256197 0.000000 -4.038941 -0.954793
52368 -1417346.256197 0.000000 -4.038941 -0.954793
63303 -1417346.256197 0.000000 -4.038941 -0.954793
62337 -1417346.256197 0.000000 -4.038941 -0.954793
62338 -1417346.256197 0.000000 -4.038941 -0.954793
62339 -1417346.256197 0.000000 -4.038941 -0.954793
62340 -1417346.256197 0.000000 -4.038941 -0.954793
62341 -1417346.256197 0.000000 -4.038941 -0.954793
62342 -1417346.256197 0.000000 -4.038941 -0.954793
72309 -1417346.256197 0.000000 -4.038941 -0.954793
72310 -1417346.256197 0.000000 -4.038941 -0.954793
72311 -1417346.256197 0.000000 -4.038941 -0.954793
72312 -1417346.256197 0.000000 -4.038941 -0.954793
72313 -1417346.256197 0.000000 -4.038940 -0.954793
72314 -1417346.256197 0.000000 -4.038941 -0.954793
231931 -1417346.256197 0.000000 -4.038941 -0.954793
241914 -1417346.256197 0.000000 -4.038941 -0.954793
3396 -1417345.768407 0.000000 -3.551151 -0.467003
2940 -1417345.768407 0.000000 -3.551151 -0.467003
2888 -1417345.768407 0.000000 -3.551151 -0.467003
2620 -1417345.768407 0.000000 -3.551151 -0.467003
2592 -1417345.768407 0.000000 -3.551151 -0.467003
2501 -1417345.768407 0.000000 -3.551151 -0.467003
2497 -1417345.768407 0.000000 -3.551151 -0.467003
13001 -1417345.768407 0.000000 -3.551151 -0.467003
12941 -1417345.768407 0.000000 -3.551151 -0.467003
12652 -1417345.768407 0.000000 -3.551151 -0.467003
12608 -1417345.768407 0.000000 -3.551151 -0.467003
12498 -1417345.768407 0.000000 -3.551151 -0.467003
12478 -1417345.768407 0.000000 -3.551150 -0.467003
12466 -1417345.768407 0.000000 -3.551151 -0.467003
22999 -1417345.768407 0.000000 -3.551151 -0.467003
22704 -1417345.768407 0.000000 -3.551151 -0.467003
182264 -1417345.768407 0.000000 -3.551151 -0.467003
24093 -1417345.768407 0.000000 -3.551151 -0.467003
24083 -1417345.768407 0.000000 -3.551151 -0.467003
23593 -1417345.768407 0.000000 -3.551150 -0.467003
23587 -1417345.768407 0.000000 -3.551151 -0.467003
34543 -1417345.768407 0.000000 -3.551151 -0.467003
34497 -1417345.768407 0.000000 -3.551151 -0.467003
34121 -1417345.768407 0.000000 -3.551151 -0.467003
34071 -1417345.768407 0.000000 -3.551151 -0.467003
33596 -1417345.768407 0.000000 -3.551151 -0.467003
33570 -1417345.768407 0.000000 -3.551151 -0.467003
33082 -1417345.768407 0.000000 -3.551151 -0.467003
33078 -1417345.768407 0.000000 -3.551151 -0.467003
44192 -1417345.768407 0.000000 -3.551151 -0.467003
44132 -1417345.768407 0.000000 -3.551151 -0.467003
43636 -1417345.768407 0.000000 -3.551151 -0.467003
43596 -1417345.768407 0.000000 -3.551151 -0.467003
43085 -1417345.768407 0.000000 -3.551151 -0.467003
43069 -1417345.768407 0.000000 -3.551151 -0.467003
42688 -1417345.768407 0.000000 -3.551151 -0.467003
54189 -1417345.768407 0.000000 -3.551151 -0.467003
53682 -1417345.768407 0.000000 -3.551151 -0.467003
53626 -1417345.768407 0.000000 -3.551151 -0.467003
53098 -1417345.768407 0.000000 -3.551151 -0.467003
53066 -1417345.768407 0.000000 -3.551151 -0.467003
52668 -1417345.768407 0.000000 -3.551151 -0.467003
52660 -1417345.768407 0.000000 -3.551151 -0.467003
63742 -1417345.768407 0.000000 -3.551151 -0.467003
63682 -1417345.768407 0.000000 -3.551151 -0.467003
63136 -1417345.768407 0.000000 -3.551151 -0.467003
63090 -1417345.768407 0.000000 -3.551151 -0.467003
62668 -1417345.768407 0.000000 -3.551151 -0.467003
62646 -1417345.768407 0.000000 -3.551151 -0.467003
62421 -1417345.768407 0.000000 -3.551151 -0.467003
73738 -1417345.768407 0.000000 -3.551151 -0.467003
73187 -1417345.768407 0.000000 -3.551151 -0.467003
73128 -1417345.768407 0.000000 -3.551151 -0.467003
72688 -1417345.768407 0.000000 -3.551151 -0.467003
72650 -1417345.768407 0.000000 -3.551151 -0.467003
72406 -1417345.768407 0.000000 -3.551151 -0.467003
72392 -1417345.768407 0.000000 -3.551151 -0.467003
72320 -1417345.768407 0.000000 -3.551151 -0.467003
3894 -1417345.753733 0.000000 -3.536476 -0.452329
3835 -1417345.753732 0.000000 -3.536476 -0.452328
3285 -1417345.753732 0.000000 -3.536476 -0.452329
3239 -1417345.753732 0.000000 -3.536476 -0.452329
2818 -1417345.753732 0.000000 -3.536476 -0.452329
2796 -1417345.753732 0.000000 -3.536476 -0.452328
2570 -1417345.753733 0.000000 -3.536476 -0.452329
13892 -1417345.753732 0.000000 -3.536476 -0.452329
13342 -1417345.753732 0.000000 -3.536476 -0.452329
13284 -1417345.753732 0.000000 -3.536476 -0.452328
12842 -1417345.753732 0.000000 -3.536476 -0.452329
12806 -1417345.753732 0.000000 -3.536476 -0.452328
12557 -1417345.753732 0.000000 -3.536476 -0.452329
12545 -1417345.753732 0.000000 -3.536476 -0.452329
23401 -1417345.753732 0.000000 -3.536476 -0.452328
23342 -1417345.753732 0.000000 -3.536476 -0.452329
22885 -1417345.753732 0.000000 -3.536476 -0.452328
22833 -1417345.753732 0.000000 -3.536476 -0.452328
22566 -1417345.753732 0.000000 -3.536476 -0.452328
22538 -1417345.753732 0.000000 -3.536476 -0.452329
22448 -1417345.753732 0.000000 -3.536476 -0.452328
33397 -1417345.753732 0.000000 -3.536476 -0.452328
32941 -1417345.753732 0.000000 -3.536476 -0.452328
32882 -1417345.753732 0.000000 -3.536476 -0.452329
32595 -1417345.753732 0.000000 -3.536476 -0.452328
32553 -1417345.753732 0.000000 -3.536476 -0.452328
32442 -1417345.753732 0.000000 -3.536476 -0.452329
32424 -1417345.753732 0.000000 -3.536476 -0.452328
32412 -1417345.753733 0.000000 -3.536476 -0.452329
42955 -1417345.753732 0.000000 -3.536476 -0.452329
42658 -1417345.753732 0.000000 -3.536476 -0.452328
42601 -1417345.753732 0.000000 -3.536476 -0.452329
202077 -1417345.753732 0.000000 -3.536476 -0.452329
202052 -1417345.753732 0.000000 -3.536476 -0.452329
43550 -1417345.753732 0.000000 -3.536476 -0.452329
43545 -1417345.753732 0.000000 -3.536476 -0.452328
54498 -1417345.753733 0.000000 -3.536476 -0.452329
54453 -1417345.753732 0.000000 -3.536476 -0.452329
54077 -1417345.753732 0.000000 -3.536476 -0.452329
54029 -1417345.753732 0.000000 -3.536476 -0.452329
53551 -1417345.753732 0.000000 -3.536476 -0.452329
53527 -1417345.753732 0.000000 -3.536476 -0.452328
53039 -1417345.753732 0.000000 -3.536476 -0.452329
64499 -1417345.753732 0.000000 -3.536476 -0.452329
64134 -1417345.753732 0.000000 -3.536476 -0.452329
64075 -1417345.753732 0.000000 -3.536476 -0.452328
63578 -1417345.753732 0.000000 -3.536476 -0.452329
63538 -1417345.753732 0.000000 -3.536476 -0.452328
63032 -1417345.753732 0.000000 -3.536476 -0.452328
63016 -1417345.753732 0.000000 -3.536476 -0.452328
74192 -1417345.753732 0.000000 -3.536476 -0.452329
74134 -1417345.753732 0.000000 -3.536476 -0.452329
73624 -1417345.753732 0.000000 -3.536476 -0.452328
73570 -1417345.753732 0.000000 -3.536476 -0.452329
73041 -1417345.753732 0.000000 -3.536476 -0.452329
73011 -1417345.753732 0.000000 -3.536476 -0.452329
72610 -1417345.753732 0.000000 -3.536476 -0.452329
72604 -1417345.753732 0.000000 -3.536476 -0.452329
4594 -1417345.848569 0.000000 -3.631313 -0.547165
4232 -1417345.848569 0.000000 -3.631312 -0.547165
4178 -1417345.848567 0.000000 -3.631311 -0.547163
3695 -1417345.848568 0.000000 -3.631312 -0.547164
3665 -1417345.848569 0.000000 -3.631313 -0.547165
3170 -1417345.848569 0.000000 -3.631312 -0.547165
3164 -1417345.848568 0.000000 -3.631312 -0.547164
14289 -1417345.848569 0.000000 -3.631312 -0.547165
14230 -1417345.848568 0.000000 -3.631312 -0.547164
13725 -1417345.848569 0.000000 -3.631312 -0.547165
13680 -1417345.848569 0.000000 -3.631313 -0.547165
13168 -1417345.848569 0.000000 -3.631313 -0.547165
13146 -1417345.848569 0.000000 -3.631313 -0.547165
12762 -1417345.848568 0.000000 -3.631312 -0.547165
24291 -1417345.848569 0.000000 -3.631313 -0.547165
23783 -1417345.848569 0.000000 -3.631312 -0.547165
23724 -1417345.848567 0.000000 -3.631311 -0.547163
23189 -1417345.848569 0.000000 -3.631313 -0.547165
23152 -1417345.848569 0.000000 -3.631313 -0.547165
22746 -1417345.848569 0.000000 -3.631313 -0.547165
22734 -1417345.848569 0.000000 -3.631313 -0.547165
33840 -1417345.848568 0.000000 -3.631312 -0.547164
33781 -1417345.848568 0.000000 -3.631312 -0.547164
33227 -1417345.848568 0.000000 -3.631312 -0.547164
33176 -1417345.848569 0.000000 -3.631312 -0.547165
32748 -1417345.848569 0.000000 -3.631313 -0.547165
32721 -1417345.848569 0.000000 -3.631313 -0.547165
32491 -1417345.848568 0.000000 -3.631312 -0.547164
32487 -1417345.848568 0.000000 -3.631312 -0.547164
43300 -1417345.848569 0.000000 -3.631313 -0.547165
43241 -1417345.848569 0.000000 -3.631313 -0.547165
42793 -1417345.848568 0.000000 -3.631312 -0.547164
42751 -1417345.848568 0.000000 -3.631312 -0.547165
42496 -1417345.848569 0.000000 -3.631312 -0.547165
42478 -1417345.848569 0.000000 -3.631313 -0.547165
42401 -1417345.848568 0.000000 -3.631312 -0.547164
53300 -1417345.848569 0.000000 -3.631313 -0.547165
52843 -1417345.848569 0.000000 -3.631313 -0.547165
52786 -1417345.848569 0.000000 -3.631313 -0.547165
52512 -1417345.848569 0.000000 -3.631312 -0.547165
52479 -1417345.848569 0.000000 -3.631313 -0.547165
52384 -1417345.848569 0.000000 -3.631313 -0.547165
52374 -1417345.848569 0.000000 -3.631312 -0.547165
62903 -1417345.848568 0.000000 -3.631312 -0.547164
62844 -1417345.848569 0.000000 -3.631313 -0.547165
62552 -1417345.848569 0.000000 -3.631313 -0.547165
62504 -1417345.848568 0.000000 -3.631312 -0.547165
62386 -1417345.848569 0.000000 -3.631313 -0.547165
62363 -1417345.848569 0.000000 -3.631313 -0.547165
221960 -1417345.848569 0.000000 -3.631313 -0.547165
232517 -1417345.848568 0.000000 -3.631312 -0.547165
74401 -1417345.848569 0.000000 -3.631313 -0.547165
74385 -1417345.848569 0.000000 -3.631312 -0.547165
73974 -1417345.848569 0.000000 -3.631312 -0.547165
73953 -1417345.848568 0.000000 -3.631312 -0.547164
73472 -1417345.848569 0.000000 -3.631313 -0.547165
73459 -1417345.848569 0.000000 -3.631312 -0.547165
72982 -1417345.848569 0.000000 -3.631312 -0.547165
3054 -1417346.231476 0.000000 -4.014220 -0.930072
2996 -1417346.231476 0.000000 -4.014220 -0.930072
2701 -1417346.231477 0.000000 -4.014221 -0.930073
2654 -1417346.231476 0.000000 -4.014220 -0.930072
2535 -1417346.231477 0.000000 -4.014221 -0.930073
2512 -1417346.231476 0.000000 -4.014220 -0.930072
2492 -1417346.231477 0.000000 -4.014220 -0.930073
13057 -1417346.231477 0.000000 -4.014220 -0.930073
12745 -1417346.231476 0.000000 -4.014220 -0.930072
172318 -1417346.231477 0.000000 -4.014221 -0.930073
14128 -1417346.231476 0.000000 -4.014220 -0.930072
14109 -1417346.231477 0.000000 -4.014221 -0.930073
13626 -1417346.231476 0.000000 -4.014220 -0.930072
13615 -1417346.231477 0.000000 -4.014221 -0.930073
24598 -1417346.231476 0.000000 -4.014220 -0.930073
24540 -1417346.231477 0.000000 -4.014220 -0.930073
24177 -1417346.231476 0.000000 -4.014220 -0.930072
24124 -1417346.231476 0.000000 -4.014220 -0.930073
23638 -1417346.231477 0.000000 -4.014221 -0.930073
23609 -1417346.231476 0.000000 -4.014220 -0.930073
23114 -1417346.231476 0.000000 -4.014220 -0.930073
23109 -1417346.231476 0.000000 -4.014220 -0.930072
34233 -1417346.231477 0.000000 -4.014220 -0.930073
34175 -1417346.231477 0.000000 -4.014220 -0.930073
33672 -1417346.231476 0.000000 -4.014220 -0.930072
33628 -1417346.231477 0.000000 -4.014221 -0.930073
33110 -1417346.231476 0.000000 -4.014220 -0.930073
33090 -1417346.231477 0.000000 -4.014220 -0.930073
32703 -1417346.231476 0.000000 -4.014220 -0.930072
44248 -1417346.231476 0.000000 -4.014220 -0.930073
43739 -1417346.231477 0.000000 -4.014221 -0.930073
43682 -1417346.231477 0.000000 -4.014220 -0.930073
43143 -1417346.231477 0.000000 -4.014220 -0.930073
43108 -1417346.231474 0.000000 -4.014218 -0.930070
42701 -1417346.231477 0.000000 -4.014220 -0.930073
42689 -1417346.231477 0.000000 -4.014221 -0.930073
53796 -1417346.231476 0.000000 -4.014220 -0.930072
53738 -1417346.231477 0.000000 -4.014220 -0.930073
53186 -1417346.231476 0.000000 -4.014220 -0.930072
53136 -1417346.231477 0.000000 -4.014221 -0.930073
52708 -1417346.231477 0.000000 -4.014221 -0.930073
52682 -1417346.231476 0.000000 -4.014220 -0.930072
52448 -1417346.231476 0.000000 -4.014220 -0.930073
63798 -1417346.231477 0.000000 -4.014221 -0.930073
63246 -1417346.231477 0.000000 -4.014220 -0.930073
63188 -1417346.231475 0.000000 -4.014219 -0.930071
62737 -1417346.231477 0.000000 -4.014220 -0.930073
62696 -1417346.231477 0.000000 -4.014220 -0.930073
62442 -1417346.231477 0.000000 -4.014220 -0.930073
62425 -1417346.231477 0.000000 -4.014220 -0.930073
62349 -1417346.231476 0.000000 -4.014220 -0.930072
73243 -1417346.231476 0.000000 -4.014220 -0.930072
72787 -1417346.231475 0.000000 -4.014219 -0.930072
72732 -1417346.231477 0.000000 -4.014220 -0.930073
72458 -1417346.231476 0.000000 -4.014220 -0.930072
72426 -1417346.231477 0.000000 -4.014220 -0.930073
72329 -1417346.231476 0.000000 -4.014220 -0.930072
72321 -1417346.231477 0.000000 -4.014221 -0.930073
3893 -1417345.817728 0.000000 -3.600472 -0.516324
3341 -1417345.817728 0.000000 -3.600471 -0.516324
3284 -1417345.817728 0.000000 -3.600471 -0.516324
2850 -1417345.817728 0.000000 -3.600472 -0.516324
2817 -1417345.817728 0.000000 -3.600472 -0.516324
2578 -1417345.817728 0.000000 -3.600472 -0.516324
2569 -1417345.817728 0.000000 -3.600472 -0.516324
13401 -1417345.817728 0.000000 -3.600472 -0.516324
13341 -1417345.817728 0.000000 -3.600472 -0.516324
12888 -1417345.817728 0.000000 -3.600472 -0.516324
12841 -1417345.817728 0.000000 -3.600472 -0.516324
12579 -1417345.817728 0.000000 -3.600471 -0.516324
12556 -1417345.817728 0.000000 -3.600472 -0.516324
12473 -1417345.817728 0.000000 -3.600472 -0.516324
23400 -1417345.817728 0.000000 -3.600472 -0.516324
22944 -1417345.817728 0.000000 -3.600472 -0.516324
22884 -1417345.817728 0.000000 -3.600472 -0.516324
22604 -1417345.817728 0.000000 -3.600472 -0.516324
22565 -1417345.817728 0.000000 -3.600472 -0.516324
22462 -1417345.817728 0.000000 -3.600472 -0.516324
22447 -1417345.817728 0.000000 -3.600471 -0.516324
22439 -1417345.817728 0.000000 -3.600472 -0.516324
32940 -1417345.817728 0.000000 -3.600472 -0.516324
32646 -1417345.817728 0.000000 -3.600472 -0.516324
32594 -1417345.817728 0.000000 -3.600472 -0.516324
32469 -1417345.817728 0.000000 -3.600472 -0.516324
192057 -1417345.817728 0.000000 -3.600472 -0.516324
33560 -1417345.817728 0.000000 -3.600472 -0.516324
33557 -1417345.817728 0.000000 -3.600472 -0.516324
44500 -1417345.817728 0.000000 -3.600471 -0.516324
44469 -1417345.817728 0.000000 -3.600471 -0.516324
44082 -1417345.817728 0.000000 -3.600472 -0.516324
44048 -1417345.817728 0.000000 -3.600471 -0.516324
43570 -1417345.817728 0.000000 -3.600472 -0.516324
43549 -1417345.817728 0.000000 -3.600472 -0.516324
43067 -1417345.817728 0.000000 -3.600472 -0.516324
54497 -1417345.817728 0.000000 -3.600472 -0.516324
54134 -1417345.817728 0.000000 -3.600472 -0.516324
54076 -1417345.817728 0.000000 -3.600472 -0.516324
53585 -1417345.817728 0.000000 -3.600472 -0.516324
53550 -1417345.817728 0.000000 -3.600472 -0.516324
53049 -1417345.817728 0.000000 -3.600472 -0.516324
53038 -1417345.817728 0.000000 -3.600472 -0.516324
64193 -1417345.817728 0.000000 -3.600472 -0.516324
64133 -1417345.817727 0.000000 -3.600471 -0.516324
63628 -1417345.817727 0.000000 -3.600471 -0.516324
63577 -1417345.817728 0.000000 -3.600472 -0.516324
63058 -1417345.817728 0.000000 -3.600471 -0.516324
63031 -1417345.817728 0.000000 -3.600472 -0.516324
62638 -1417345.817728 0.000000 -3.600472 -0.516324
62634 -1417345.817728 0.000000 -3.600472 -0.516324
73683 -1417345.817728 0.000000 -3.600472 -0.516324
73623 -1417345.817728 0.000000 -3.600472 -0.516324
73081 -1417345.817728 0.000000 -3.600472 -0.516324
73040 -1417345.817728 0.000000 -3.600471 -0.516324
72627 -1417345.817728 0.000000 -3.600472 -0.516324
72609 -1417345.817728 0.000000 -3.600471 -0.516324
72390 -1417345.817728 0.000000 -3.600472 -0.516324
4345 -1417345.836973 0.000000 -3.619717 -0.535570
4287 -1417345.836974 0.000000 -3.619718 -0.535570
3779 -1417345.836974 0.000000 -3.619718 -0.535570
3731 -1417345.836974 0.000000 -3.619717 -0.535570
3206 -1417345.836974 0.000000 -3.619718 -0.535570
3182 -1417345.836974 0.000000 -3.619718 -0.535570
2787 -1417345.836974 0.000000 -3.619718 -0.535570
14344 -1417345.836974 0.000000 -3.619718 -0.535570
13835 -1417345.836975 0.000000 -3.619718 -0.535571
13777 -1417345.836974 0.000000 -3.619717 -0.535570
13236 -1417345.836974 0.000000 -3.619718 -0.535570
13196 -1417345.836973 0.000000 -3.619717 -0.535570
12782 -1417345.836974 0.000000 -3.619718 -0.535570
12766 -1417345.836974 0.000000 -3.619718 -0.535570
23895 -1417345.836974 0.000000 -3.619717 -0.535570
23838 -1417345.836975 0.000000 -3.619718 -0.535571
23285 -1417345.836974 0.000000 -3.619718 -0.535570
23231 -1417345.836974 0.000000 -3.619718 -0.535571
22794 -1417345.836974 0.000000 -3.619718 -0.535570
22764 -1417345.836974 0.000000 -3.619718 -0.535570
22522 -1417345.836974 0.000000 -3.619718 -0.535570
22515 -1417345.836974 0.000000 -3.619718 -0.535570
33340 -1417345.836974 0.000000 -3.619717 -0.535570
33282 -1417345.836973 0.000000 -3.619717 -0.535569
32828 -1417345.836974 0.000000 -3.619717 -0.535570
32782 -1417345.836974 0.000000 -3.619718 -0.535570
32523 -1417345.836975 0.000000 -3.619718 -0.535571
32501 -1417345.836974 0.000000 -3.619718 -0.535570
32418 -1417345.836974 0.000000 -3.619718 -0.535571
43355 -1417345.836973 0.000000 -3.619717 -0.535570
42898 -1417345.836974 0.000000 -3.619718 -0.535571
42841 -1417345.836974 0.000000 -3.619718 -0.535570
42556 -1417345.836974 0.000000 -3.619718 -0.535570
42520 -1417345.836975 0.000000 -3.619718 -0.535571
42415 -1417345.836974 0.000000 -3.619718 -0.535571
42403 -1417345.836974 0.000000 -3.619718 -0.535570
52956 -1417345.836974 0.000000 -3.619718 -0.535571
52898 -1417345.836975 0.000000 -3.619718 -0.535571
52603 -1417345.836974 0.000000 -3.619718 -0.535570
52552 -1417345.836973 0.000000 -3.619717 -0.535569
52427 -1417345.836974 0.000000 -3.619718 -0.535571
52400 -1417345.836975 0.000000 -3.619718 -0.535571
52371 -1417345.836975 0.000000 -3.619719 -0.535571
222574 -1417345.836974 0.000000 -3.619718 -0.535571
64442 -1417345.836974 0.000000 -3.619718 -0.535570
64412 -1417345.836975 0.000000 -3.619718 -0.535571
64024 -1417345.836974 0.000000 -3.619718 -0.535570
63992 -1417345.836974 0.000000 -3.619718 -0.535570
63511 -1417345.836975 0.000000 -3.619718 -0.535571
63492 -1417345.836974 0.000000 -3.619718 -0.535571
63012 -1417345.836975 0.000000 -3.619718 -0.535571
74443 -1417345.836974 0.000000 -3.619718 -0.535570
74077 -1417345.836974 0.000000 -3.619718 -0.535571
74020 -1417345.836973 0.000000 -3.619717 -0.535569
73528 -1417345.836974 0.000000 -3.619718 -0.535570
73494 -1417345.836973 0.000000 -3.619717 -0.535569
72993 -1417345.836974 0.000000 -3.619718 -0.535570
72983 -1417345.836974 0.000000 -3.619718 -0.535570
3053 -1417346.154062 0.000000 -3.936806 -0.852658
162373 -1417346.154062 0.000000 -3.936806 -0.852658
162316 -1417346.154062 0.000000 -3.936806 -0.852658
4147 -1417346.154062 0.000000 -3.936806 -0.852658
4137 -1417346.154062 0.000000 -3.936806 -0.852658
3649 -1417346.154062 0.000000 -3.936805 -0.852658
3643 -1417346.154062 0.000000 -3.936806 -0.852658
14596 -1417346.154062 0.000000 -3.936806 -0.852658
14551 -1417346.154062 0.000000 -3.936806 -0.852658
14176 -1417346.154062 0.000000 -3.936805 -0.852658
14127 -1417346.154062 0.000000 -3.936805 -0.852658
13650 -1417346.154062 0.000000 -3.936806 -0.852658
13625 -1417346.154062 0.000000 -3.936806 -0.852658
13139 -1417346.154062 0.000000 -3.936806 -0.852658
24597 -1417346.154062 0.000000 -3.936806 -0.852658
24236 -1417346.154062 0.000000 -3.936806 -0.852658
24176 -1417346.154062 0.000000 -3.936806 -0.852658
23678 -1417346.154062 0.000000 -3.936806 -0.852658
23637 -1417346.154062 0.000000 -3.936806 -0.852658
23130 -1417346.154062 0.000000 -3.936806 -0.852658
23113 -1417346.154062 0.000000 -3.936806 -0.852658
22733 -1417346.154062 0.000000 -3.936806 -0.852658
34232 -1417346.154062 0.000000 -3.936806 -0.852658
33726 -1417346.154062 0.000000 -3.936806 -0.852658
33671 -1417346.154062 0.000000 -3.936806 -0.852658
33140 -1417346.154062 0.000000 -3.936805 -0.852658
33109 -1417346.154062 0.000000 -3.936806 -0.852658
32709 -1417346.154062 0.000000 -3.936806 -0.852658
32702 -1417346.154062 0.000000 -3.936806 -0.852658
43798 -1417346.154062 0.000000 -3.936806 -0.852658
43738 -1417346.154062 0.000000 -3.936806 -0.852658
43189 -1417346.154062 0.000000 -3.936806 -0.852658
43142 -1417346.154062 0.000000 -3.936806 -0.852658
42723 -1417346.154062 0.000000 -3.936806 -0.852658
42700 -1417346.154062 0.000000 -3.936806 -0.852658
42474 -1417346.154062 0.000000 -3.936806 -0.852658
53795 -1417346.154062 0.000000 -3.936806 -0.852658
53245 -1417346.154062 0.000000 -3.936805 -0.852658
53185 -1417346.154062 0.000000 -3.936805 -0.852658
52744 -1417346.154062 0.000000 -3.936806 -0.852658
52707 -1417346.154062 0.000000 -3.936806 -0.852658
52460 -1417346.154062 0.000000 -3.936806 -0.852658
52447 -1417346.154062 0.000000 -3.936806 -0.852658
63306 -1417346.154062 0.000000 -3.936805 -0.852658
63245 -1417346.154062 0.000000 -3.936806 -0.852658
62789 -1417346.154062 0.000000 -3.936806 -0.852658
62736 -1417346.154062 0.000000 -3.936806 -0.852658
62470 -1417346.154062 0.000000 -3.936806 -0.852658
62441 -1417346.154062 0.000000 -3.936805 -0.852658
62353 -1417346.154062 0.000000 -3.936806 -0.852658
62348 -1417346.154062 0.000000 -3.936806 -0.852658
72846 -1417346.154062 0.000000 -3.936806 -0.852658
72786 -1417346.154062 0.000000 -3.936805 -0.852658
72500 -1417346.154062 0.000000 -3.936806 -0.852658
72457 -1417346.154061 0.000000 -3.936805 -0.852657
72347 -1417346.154062 0.000000 -3.936806 -0.852658
72328 -1417346.154062 0.000000 -3.936806 -0.852658
72316 -1417346.154062 0.000000 -3.936806 -0.852658
3454 -1417345.791023 0.000000 -3.573767 -0.489619
2999 -1417345.791023 0.000000 -3.573767 -0.489619
2938 -1417345.791023 0.000000 -3.573767 -0.489619
2657 -1417345.791023 0.000000 -3.573767 -0.489619
2618 -1417345.791023 0.000000 -3.573767 -0.489619
2515 -1417345.791023 0.000000 -3.573767 -0.489619
2499 -1417345.791023 0.000000 -3.573767 -0.489619
2491 -1417345.791023 0.000000 -3.573767 -0.489619
12999 -1417345.791023 0.000000 -3.573767 -0.489619
12704 -1417345.791023 0.000000 -3.573767 -0.489619
12650 -1417345.791023 0.000000 -3.573767 -0.489619
172141 -1417345.791023 0.000000 -3.573767 -0.489619
172112 -1417345.791023 0.000000 -3.573766 -0.489619
13617 -1417345.791022 0.000000 -3.573765 -0.489618
13614 -1417345.791023 0.000000 -3.573767 -0.489619
24543 -1417345.791023 0.000000 -3.573767 -0.489619
24512 -1417345.791023 0.000000 -3.573766 -0.489619
24127 -1417345.791023 0.000000 -3.573767 -0.489619
24092 -1417345.791022 0.000000 -3.573766 -0.489618
23612 -1417345.791023 0.000000 -3.573767 -0.489619
23591 -1417345.791023 0.000000 -3.573766 -0.489619
23111 -1417345.791023 0.000000 -3.573766 -0.489619
34541 -1417345.791023 0.000000 -3.573767 -0.489619
34178 -1417345.791023 0.000000 -3.573767 -0.489619
34119 -1417345.791023 0.000000 -3.573767 -0.489619
33631 -1417345.791023 0.000000 -3.573767 -0.489619
33594 -1417345.791023 0.000000 -3.573767 -0.489619
33093 -1417345.791023 0.000000 -3.573767 -0.489619
33080 -1417345.791023 0.000000 -3.573767 -0.489619
44251 -1417345.791023 0.000000 -3.573767 -0.489619
44190 -1417345.791023 0.000000 -3.573766 -0.489619
43685 -1417345.791023 0.000000 -3.573767 -0.489619
43634 -1417345.791023 0.000000 -3.573767 -0.489619
43111 -1417345.791023 0.000000 -3.573767 -0.489619
43083 -1417345.791023 0.000000 -3.573767 -0.489619
42692 -1417345.791023 0.000000 -3.573767 -0.489619
42687 -1417345.791023 0.000000 -3.573767 -0.489619
53741 -1417345.791023 0.000000 -3.573767 -0.489619
53680 -1417345.791023 0.000000 -3.573767 -0.489619
53139 -1417345.791023 0.000000 -3.573766 -0.489619
53096 -1417345.791023 0.000000 -3.573766 -0.489619
52685 -1417345.791023 0.000000 -3.573767 -0.489619
52666 -1417345.791023 0.000000 -3.573767 -0.489619
52446 -1417345.791023 0.000000 -3.573766 -0.489619
63740 -1417345.791023 0.000000 -3.573767 -0.489619
63191 -1417345.791023 0.000000 -3.573767 -0.489619
63134 -1417345.791023 0.000000 -3.573767 -0.489619
62699 -1417345.791023 0.000000 -3.573767 -0.489619
62666 -1417345.791023 0.000000 -3.573766 -0.489619
62428 -1417345.791023 0.000000 -3.573767 -0.489619
62419 -1417345.791023 0.000000 -3.573767 -0.489619
73246 -1417345.791023 0.000000 -3.573767 -0.489619
73185 -1417345.791023 0.000000 -3.573767 -0.489619
72735 -1417345.791023 0.000000 -3.573767 -0.489619
72686 -1417345.791023 0.000000 -3.573766 -0.489619
72429 -1417345.791023 0.000000 -3.573767 -0.489619
72404 -1417345.791023 0.000000 -3.573767 -0.489619
72324 -1417345.791023 0.000000 -3.573767 -0.489619
3055 -1417345.598629 0.000000 -3.381373 -0.297225
2756 -1417345.598630 0.000000 -3.381374 -0.297226
2702 -1417345.598630 0.000000 -3.381374 -0.297226
2559 -1417345.598630 0.000000 -3.381374 -0.297226
162152 -1417345.598630 0.000000 -3.381373 -0.297226
3648 -1417345.598629 0.000000 -3.381373 -0.297226
3644 -1417345.598630 0.000000 -3.381374 -0.297226
14595 -1417345.598630 0.000000 -3.381374 -0.297226
14552 -1417345.598630 0.000000 -3.381374 -0.297226
14175 -1417345.598630 0.000000 -3.381374 -0.297226
14129 -1417345.598630 0.000000 -3.381373 -0.297226
13649 -1417345.598630 0.000000 -3.381374 -0.297226
13627 -1417345.598629 0.000000 -3.381373 -0.297226
13138 -1417345.598630 0.000000 -3.381374 -0.297226
24599 -1417345.598630 0.000000 -3.381374 -0.297226
24235 -1417345.598630 0.000000 -3.381373 -0.297226
24178 -1417345.598630 0.000000 -3.381374 -0.297226
23677 -1417345.598629 0.000000 -3.381373 -0.297226
23639 -1417345.598630 0.000000 -3.381374 -0.297226
23129 -1417345.598630 0.000000 -3.381374 -0.297226
23115 -1417345.598629 0.000000 -3.381373 -0.297226
34291 -1417345.598630 0.000000 -3.381373 -0.297226
34234 -1417345.598630 0.000000 -3.381374 -0.297226
33725 -1417345.598630 0.000000 -3.381374 -0.297226
33673 -1417345.598630 0.000000 -3.381374 -0.297226
33139 -1417345.598630 0.000000 -3.381374 -0.297226
33111 -1417345.598629 0.000000 -3.381372 -0.297225
32708 -1417345.598630 0.000000 -3.381374 -0.297226
44305 -1417345.598630 0.000000 -3.381373 -0.297226
43797 -1417345.598630 0.000000 -3.381374 -0.297226
43740 -1417345.598630 0.000000 -3.381374 -0.297226
43188 -1417345.598630 0.000000 -3.381374 -0.297226
43144 -1417345.598630 0.000000 -3.381374 -0.297226
42722 -1417345.598630 0.000000 -3.381374 -0.297226
42702 -1417345.598629 0.000000 -3.381373 -0.297226
42473 -1417345.598630 0.000000 -3.381374 -0.297226
53797 -1417345.598630 0.000000 -3.381373 -0.297226
53244 -1417345.598630 0.000000 -3.381374 -0.297226
53187 -1417345.598630 0.000000 -3.381374 -0.297226
52743 -1417345.598630 0.000000 -3.381374 -0.297226
52709 -1417345.598630 0.000000 -3.381374 -0.297226
52459 -1417345.598630 0.000000 -3.381374 -0.297226
52449 -1417345.598629 0.000000 -3.381373 -0.297226
63305 -1417345.598630 0.000000 -3.381374 -0.297226
63247 -1417345.598629 0.000000 -3.381373 -0.297225
62788 -1417345.598630 0.000000 -3.381374 -0.297226
62738 -1417345.598630 0.000000 -3.381374 -0.297226
62469 -1417345.598630 0.000000 -3.381374 -0.297226
62443 -1417345.598630 0.000000 -3.381374 -0.297226
62352 -1417345.598630 0.000000 -3.381374 -0.297226
73300 -1417345.598630 0.000000 -3.381374 -0.297226
72845 -1417345.598630 0.000000 -3.381374 -0.297226
72788 -1417345.598629 0.000000 -3.381373 -0.297225
72499 -1417345.598630 0.000000 -3.381374 -0.297226
72459 -1417345.598630 0.000000 -3.381374 -0.297226
72346 -1417345.598630 0.000000 -3.381374 -0.297226
72330 -1417345.598630 0.000000 -3.381374 -0.297226
82919 -1417345.598629 0.000000 -3.381373 -0.297226
