#ID      EIFS 	      EIPFS 	   FSbin        FSseg
836 -370217.768748 0.000000 -4.467684 -1.434259
1106 -370220.351808 0.000000 -7.050744 -4.017319
1133 -370217.772296 0.000000 -4.471232 -1.437807
1052 -370217.768747 0.000000 -4.467683 -1.434258
1295 -370220.351807 0.000000 -7.050743 -4.017319
1279 -370217.772295 0.000000 -4.471231 -1.437807
1283 -370217.768747 0.000000 -4.467683 -1.434258
6262 -370220.351807 0.000000 -7.050743 -4.017319
6289 -370217.772295 0.000000 -4.471231 -1.437806
6199 -370217.768747 0.000000 -4.467683 -1.434259
6503 -370220.351807 0.000000 -7.050743 -4.017319
6469 -370217.772295 0.000000 -4.471231 -1.437807
6476 -370217.768748 0.000000 -4.467684 -1.434260
11408 -370220.351807 0.000000 -7.050743 -4.017319
11434 -370217.772296 0.000000 -4.471232 -1.437807
11346 -370217.768762 0.000000 -4.467698 -1.434273
11693 -370220.351804 0.000000 -7.050740 -4.017316
11638 -370217.772320 0.000000 -4.471256 -1.437832
11649 -370217.768856 0.000000 -4.467792 -1.434367
11511 -370220.351710 0.000000 -7.050645 -4.017221
16586 -370217.772310 0.000000 -4.471246 -1.437822
16502 -370217.838173 0.000000 -4.537108 -1.503684
16874 -370217.772605 0.000000 -4.471541 -1.438116
16802 -370217.768835 0.000000 -4.467771 -1.434347
16928 -370220.351804 0.000000 -7.050740 -4.017316
16980 -370217.772312 0.000000 -4.471248 -1.437823
760 -370217.748505 0.000000 -4.447441 -1.414017
1136 -370217.748410 0.000000 -4.447346 -1.413921
1027 -370217.746129 0.000000 -4.445065 -1.411641
1296 -370217.867618 0.000000 -4.566554 -1.533129
1269 -370217.748408 0.000000 -4.447344 -1.413919
1285 -370217.746130 0.000000 -4.445065 -1.411641
6234 -370217.867617 0.000000 -4.566553 -1.533128
6292 -370217.748408 0.000000 -4.447344 -1.413919
6179 -370217.746130 0.000000 -4.445066 -1.411641
6505 -370217.867617 0.000000 -4.566552 -1.533128
6455 -370217.748408 0.000000 -4.447344 -1.413919
6479 -370217.746131 0.000000 -4.445067 -1.411642
6148 -370217.867613 0.000000 -4.566549 -1.533124
11437 -370217.748408 0.000000 -4.447343 -1.413919
11333 -370217.746149 0.000000 -4.445085 -1.411661
11696 -370217.867575 0.000000 -4.566511 -1.533086
11621 -370217.748450 0.000000 -4.447386 -1.413961
11652 -370217.746376 0.000000 -4.445311 -1.411887
11619 -370217.867601 0.000000 -4.566537 -1.533113
16589 -370217.749687 0.000000 -4.448623 -1.415198
16495 -370217.748121 0.000000 -4.447057 -1.413632
16877 -370217.749042 0.000000 -4.447978 -1.414554
16781 -370217.746331 0.000000 -4.445267 -1.411842
16816 -370217.748490 0.000000 -4.447426 -1.414002
16974 -370217.748441 0.000000 -4.447377 -1.413952
16972 -370217.746133 0.000000 -4.445069 -1.411645
759 -370217.672652 0.000000 -4.371588 -1.338164
1105 -370217.676381 0.000000 -4.375317 -1.341892
1026 -370217.672878 0.000000 -4.371814 -1.338390
1051 -370217.672649 0.000000 -4.371585 -1.338161
1268 -370217.676385 0.000000 -4.375321 -1.341896
1278 -370217.672879 0.000000 -4.371815 -1.338390
1203 -370217.672649 0.000000 -4.371585 -1.338161
6261 -370217.676385 0.000000 -4.375321 -1.341897
6178 -370217.672879 0.000000 -4.371815 -1.338390
6487 -370219.176436 0.000000 -5.875372 -2.841947
6454 -370217.676385 0.000000 -4.375321 -1.341897
6468 -370217.672878 0.000000 -4.371814 -1.338390
6149 -370219.176436 0.000000 -5.875372 -2.841948
11407 -370217.676385 0.000000 -4.375321 -1.341896
11332 -370217.672871 0.000000 -4.371807 -1.338383
11668 -370219.176434 0.000000 -5.875370 -2.841946
11620 -370217.676370 0.000000 -4.375306 -1.341882
11637 -370217.672767 0.000000 -4.371703 -1.338278
11640 -370219.176339 0.000000 -5.875275 -2.841851
11595 -370217.676255 0.000000 -4.375191 -1.341766
16494 -370217.670815 0.000000 -4.369751 -1.336326
16847 -370217.675639 0.000000 -4.374575 -1.341150
16780 -370217.672381 0.000000 -4.371317 -1.337893
16801 -370217.672656 0.000000 -4.371592 -1.338168
16973 -370217.676330 0.000000 -4.375266 -1.341841
16979 -370217.672863 0.000000 -4.371799 -1.338374
1594 -370217.853599 0.000000 -4.552535 -1.519110
1536 -370217.855443 0.000000 -4.554379 -1.520954
1652 -370217.870466 0.000000 -4.569402 -1.535978
1329 -370217.853603 0.000000 -4.552539 -1.519114
1381 -370217.855443 0.000000 -4.554379 -1.520954
1367 -370217.870466 0.000000 -4.569402 -1.535977
6898 -370217.853603 0.000000 -4.552539 -1.519115
6841 -370217.855443 0.000000 -4.554379 -1.520954
6956 -370217.870466 0.000000 -4.569402 -1.535977
6585 -370217.853603 0.000000 -4.552539 -1.519115
6663 -370217.855443 0.000000 -4.554379 -1.520954
6643 -370217.870465 0.000000 -4.569401 -1.535976
6534 -370217.853604 0.000000 -4.552540 -1.519115
12142 -370217.855439 0.000000 -4.554375 -1.520950
11911 -370217.847518 0.000000 -4.546454 -1.513029
11856 -370217.853603 0.000000 -4.552539 -1.519115
11955 -370217.855376 0.000000 -4.554312 -1.520887
11759 -370217.847634 0.000000 -4.546570 -1.513145
11771 -370217.853401 0.000000 -4.552337 -1.518912
17440 -370217.854632 0.000000 -4.553567 -1.520143
17202 -370217.852435 0.000000 -4.551371 -1.517946
17144 -370217.854935 0.000000 -4.553871 -1.520447
17256 -370217.870487 0.000000 -4.569423 -1.535998
16994 -370217.853539 0.000000 -4.552475 -1.519051
17022 -370217.855428 0.000000 -4.554364 -1.520940
17013 -370217.870471 0.000000 -4.569406 -1.535982
1593 -370217.891459 0.000000 -4.590394 -1.556970
1564 -370217.883235 0.000000 -4.582171 -1.548746
1651 -370217.927441 0.000000 -4.626377 -1.592953
1346 -370217.891464 0.000000 -4.590400 -1.556975
1380 -370217.883236 0.000000 -4.582172 -1.548747
1370 -370217.927441 0.000000 -4.626377 -1.592952
1302 -370217.891464 0.000000 -4.590400 -1.556976
6869 -370217.883236 0.000000 -4.582172 -1.548747
6955 -370217.927441 0.000000 -4.626377 -1.592952
6607 -370217.891464 0.000000 -4.590400 -1.556976
6662 -370217.883236 0.000000 -4.582172 -1.548747
6649 -370217.927440 0.000000 -4.626376 -1.592951
6533 -370217.891465 0.000000 -4.590401 -1.556976
12170 -370217.883234 0.000000 -4.582170 -1.548746
12254 -370217.927429 0.000000 -4.626365 -1.592941
11882 -370217.891470 0.000000 -4.590406 -1.556982
11954 -370217.883199 0.000000 -4.582135 -1.548710
11937 -370217.927301 0.000000 -4.626236 -1.592812
11770 -370217.891480 0.000000 -4.590416 -1.556991
11768 -370217.882631 0.000000 -4.581567 -1.548143
17201 -370217.887665 0.000000 -4.586601 -1.553176
17172 -370217.882231 0.000000 -4.581167 -1.547743
17255 -370217.927383 0.000000 -4.626319 -1.592894
17008 -370217.891354 0.000000 -4.590290 -1.556865
17021 -370217.883205 0.000000 -4.582141 -1.548716
17015 -370217.927444 0.000000 -4.626380 -1.592956
1737 -370217.982797 0.000000 -4.681733 -1.648309
1710 -370217.980592 0.000000 -4.679528 -1.646103
43251 -370218.358796 0.000000 -5.057732 -2.024307
1417 -370217.982799 0.000000 -4.681735 -1.648311
1487 -370217.980591 0.000000 -4.679527 -1.646102
1308 -370217.978980 0.000000 -4.677916 -1.644492
1311 -370217.982799 0.000000 -4.681735 -1.648311
7008 -370217.980591 0.000000 -4.679527 -1.646102
6734 -370217.978980 0.000000 -4.677916 -1.644492
6707 -370217.982799 0.000000 -4.681735 -1.648311
6787 -370217.980591 0.000000 -4.679527 -1.646102
6546 -370217.978980 0.000000 -4.677916 -1.644492
6559 -370217.982799 0.000000 -4.681735 -1.648311
12292 -370217.980589 0.000000 -4.679525 -1.646101
12032 -370217.978983 0.000000 -4.677919 -1.644494
12005 -370217.982798 0.000000 -4.681734 -1.648309
12092 -370217.980564 0.000000 -4.679500 -1.646076
11792 -370217.979018 0.000000 -4.677954 -1.644529
11822 -370217.982760 0.000000 -4.681696 -1.648272
11819 -370217.980141 0.000000 -4.679077 -1.645652
17338 -370217.979595 0.000000 -4.678531 -1.645106
17311 -370217.980611 0.000000 -4.679547 -1.646122
17403 -370218.358796 0.000000 -5.057732 -2.024308
17050 -370217.982722 0.000000 -4.681658 -1.648234
17102 -370217.980597 0.000000 -4.679533 -1.646109
17095 -370218.358797 0.000000 -5.057733 -2.024308
37891 -370217.987177 0.000000 -4.686113 -1.652689
1711 -370217.986637 0.000000 -4.685573 -1.652148
1802 -370218.381174 0.000000 -5.080110 -2.046685
1418 -370217.987183 0.000000 -4.686119 -1.652694
1510 -370217.986636 0.000000 -4.685572 -1.652148
1479 -370218.381173 0.000000 -5.080109 -2.046685
1318 -370217.987183 0.000000 -4.686119 -1.652695
7009 -370217.986636 0.000000 -4.685572 -1.652148
48572 -370218.381174 0.000000 -5.080109 -2.046685
6708 -370217.987183 0.000000 -4.686119 -1.652695
6814 -370217.986636 0.000000 -4.685572 -1.652148
6547 -370217.988204 0.000000 -4.687139 -1.653715
6570 -370217.987183 0.000000 -4.686119 -1.652694
6558 -370217.986635 0.000000 -4.685571 -1.652146
12062 -370217.988205 0.000000 -4.687140 -1.653716
12006 -370217.987180 0.000000 -4.686116 -1.652692
12115 -370217.986615 0.000000 -4.685551 -1.652127
11793 -370217.988211 0.000000 -4.687147 -1.653723
11837 -370217.987139 0.000000 -4.686075 -1.652650
11820 -370217.986365 0.000000 -4.685301 -1.651876
17366 -370217.988210 0.000000 -4.687146 -1.653721
17312 -370217.986287 0.000000 -4.685223 -1.651799
17413 -370218.381606 0.000000 -5.080542 -2.047117
17051 -370217.987035 0.000000 -4.685971 -1.652546
17121 -370217.986624 0.000000 -4.685560 -1.652136
17096 -370218.381191 0.000000 -5.080127 -2.046703
1738 -370218.030173 0.000000 -4.729109 -1.695685
1800 -370218.063614 0.000000 -4.762550 -1.729125
1444 -370218.029740 0.000000 -4.728676 -1.695251
1507 -370218.030173 0.000000 -4.729109 -1.695685
1488 -370218.063612 0.000000 -4.762548 -1.729124
1315 -370218.029740 0.000000 -4.728676 -1.695252
1312 -370218.030173 0.000000 -4.729109 -1.695684
7089 -370218.063612 0.000000 -4.762548 -1.729124
6735 -370218.029740 0.000000 -4.728676 -1.695252
6811 -370218.030173 0.000000 -4.729109 -1.695684
6788 -370218.063612 0.000000 -4.762548 -1.729124
6567 -370218.029740 0.000000 -4.728676 -1.695252
6560 -370218.030173 0.000000 -4.729108 -1.695684
53868 -370218.063610 0.000000 -4.762546 -1.729121
12033 -370218.029741 0.000000 -4.728677 -1.695252
12112 -370218.030163 0.000000 -4.729099 -1.695675
11811 -370218.403346 0.000000 -5.102282 -2.068857
11834 -370218.029742 0.000000 -4.728678 -1.695253
11823 -370218.030023 0.000000 -4.728959 -1.695535
11754 -370218.403698 0.000000 -5.102634 -2.069210
17339 -370218.029720 0.000000 -4.728656 -1.695232
17410 -370218.063997 0.000000 -4.762933 -1.729508
17073 -370218.029478 0.000000 -4.728414 -1.694990
17118 -370218.030137 0.000000 -4.729073 -1.695648
17103 -370218.063636 0.000000 -4.762572 -1.729147
16984 -370218.029729 0.000000 -4.728665 -1.695241
1821 -370218.414042 0.000000 -5.112978 -2.079553
1471 -370219.471878 0.000000 -6.170814 -3.137390
1534 -370218.415402 0.000000 -5.114338 -2.080913
1508 -370218.414042 0.000000 -5.112977 -2.079553
1327 -370219.471880 0.000000 -6.170816 -3.137392
1316 -370218.415402 0.000000 -5.114338 -2.080913
1365 -370218.414042 0.000000 -5.112977 -2.079553
6762 -370219.471880 0.000000 -6.170816 -3.137392
6839 -370218.415402 0.000000 -5.114338 -2.080913
6812 -370218.414041 0.000000 -5.112977 -2.079553
6583 -370219.471880 0.000000 -6.170816 -3.137392
6568 -370218.415401 0.000000 -5.114337 -2.080913
6642 -370218.414041 0.000000 -5.112976 -2.079552
12061 -370219.471880 0.000000 -6.170816 -3.137392
12140 -370218.415392 0.000000 -5.114328 -2.080903
12113 -370218.414035 0.000000 -5.112971 -2.079547
11854 -370219.471851 0.000000 -6.170787 -3.137362
11835 -370218.415286 0.000000 -5.114222 -2.080798
11933 -370218.414008 0.000000 -5.112944 -2.079519
11755 -370219.471223 0.000000 -6.170158 -3.136734
17438 -370218.413841 0.000000 -5.112777 -2.079353
17411 -370218.787139 0.000000 -5.486075 -2.452650
17142 -370218.415334 0.000000 -5.114270 -2.080846
17119 -370218.414040 0.000000 -5.112976 -2.079552
58800 -370218.786956 0.000000 -5.485892 -2.452467
16985 -370218.415400 0.000000 -5.114336 -2.080911
37921 -370218.847337 0.000000 -5.546273 -2.512848
1801 -370218.833268 0.000000 -5.532204 -2.498779
1566 -370218.845601 0.000000 -5.544537 -2.511112
1509 -370218.847335 0.000000 -5.546270 -2.512846
43156 -370218.833267 0.000000 -5.532203 -2.498779
1317 -370218.845600 0.000000 -5.544536 -2.511112
1372 -370218.847334 0.000000 -5.546270 -2.512846
6763 -370220.305386 0.000000 -7.004322 -3.970897
6871 -370218.845600 0.000000 -5.544536 -2.511112
6813 -370218.847334 0.000000 -5.546270 -2.512846
6609 -370220.305386 0.000000 -7.004322 -3.970897
6569 -370218.845600 0.000000 -5.544536 -2.511112
6651 -370218.847334 0.000000 -5.546270 -2.512846
6530 -370220.305385 0.000000 -7.004321 -3.970897
12172 -370218.845600 0.000000 -5.544536 -2.511111
12114 -370218.847337 0.000000 -5.546273 -2.512848
11884 -370220.305365 0.000000 -7.004301 -3.970876
11836 -370218.845608 0.000000 -5.544544 -2.511120
11939 -370218.847370 0.000000 -5.546306 -2.512882
11756 -370220.305058 0.000000 -7.003994 -3.970570
17467 -370218.846196 0.000000 -5.545132 -2.511708
17412 -370218.833616 0.000000 -5.532552 -2.499127
17174 -370218.845494 0.000000 -5.544430 -2.511005
17120 -370218.847359 0.000000 -5.546295 -2.512871
17240 -370218.833283 0.000000 -5.532219 -2.498794
16986 -370218.845599 0.000000 -5.544535 -2.511111
1822 -370219.284935 0.000000 -5.983871 -2.950447
1563 -370219.284601 0.000000 -5.983537 -2.950113
1535 -370219.287614 0.000000 -5.986549 -2.953125
1644 -370219.284936 0.000000 -5.983871 -2.950447
1328 -370219.284601 0.000000 -5.983537 -2.950112
1369 -370219.287613 0.000000 -5.986549 -2.953125
1366 -370219.284936 0.000000 -5.983872 -2.950447
6868 -370219.284601 0.000000 -5.983537 -2.950112
6840 -370219.287613 0.000000 -5.986549 -2.953125
48414 -370219.284936 0.000000 -5.983872 -2.950447
6584 -370219.284601 0.000000 -5.983537 -2.950112
6648 -370219.287613 0.000000 -5.986549 -2.953124
6531 -370219.534603 0.000000 -6.233539 -3.200114
12169 -370219.284598 0.000000 -5.983534 -2.950109
12141 -370219.287607 0.000000 -5.986543 -2.953119
11881 -370219.534601 0.000000 -6.233537 -3.200112
11855 -370219.284557 0.000000 -5.983493 -2.950068
11936 -370219.287553 0.000000 -5.986489 -2.953065
11758 -370219.534427 0.000000 -6.233363 -3.199939
11767 -370219.284200 0.000000 -5.983136 -2.949711
17439 -370219.285131 0.000000 -5.984067 -2.950642
17171 -370219.284512 0.000000 -5.983448 -2.950023
17143 -370219.287640 0.000000 -5.986575 -2.953151
17238 -370219.284939 0.000000 -5.983875 -2.950450
16993 -370219.284601 0.000000 -5.983537 -2.950112
17014 -370219.287615 0.000000 -5.986551 -2.953126
37887 -370218.084394 0.000000 -4.783330 -1.749905
1823 -370218.081635 0.000000 -4.780571 -1.747146
1445 -370218.084494 0.000000 -4.783430 -1.750005
1537 -370218.084398 0.000000 -4.783334 -1.749909
1489 -370218.081634 0.000000 -4.780569 -1.747145
1330 -370218.084495 0.000000 -4.783431 -1.750006
1313 -370218.084398 0.000000 -4.783334 -1.749909
7096 -370218.081633 0.000000 -4.780569 -1.747145
6736 -370218.084495 0.000000 -4.783431 -1.750006
6842 -370218.084398 0.000000 -4.783334 -1.749909
6789 -370218.081633 0.000000 -4.780569 -1.747145
6586 -370218.084495 0.000000 -4.783431 -1.750006
6561 -370218.084398 0.000000 -4.783333 -1.749909
6644 -370218.081632 0.000000 -4.780568 -1.747143
12034 -370218.084495 0.000000 -4.783431 -1.750006
12143 -370218.084389 0.000000 -4.783324 -1.749900
12093 -370218.081609 0.000000 -4.780545 -1.747120
11857 -370218.084484 0.000000 -4.783420 -1.749995
11824 -370218.084262 0.000000 -4.783198 -1.749774
53568 -370218.081351 0.000000 -4.780287 -1.746863
17340 -370218.084192 0.000000 -4.783128 -1.749703
17441 -370218.081418 0.000000 -4.780354 -1.746929
17074 -370218.084008 0.000000 -4.782944 -1.749519
17145 -370218.084268 0.000000 -4.783204 -1.749779
17104 -370218.081637 0.000000 -4.780573 -1.747148
16995 -370218.084470 0.000000 -4.783406 -1.749981
1907 -370218.029700 0.000000 -4.728636 -1.695211
1596 -370218.083239 0.000000 -4.782175 -1.748750
1681 -370218.068725 0.000000 -4.767661 -1.734237
1654 -370218.029694 0.000000 -4.728630 -1.695206
1396 -370218.083242 0.000000 -4.782178 -1.748753
1383 -370218.068725 0.000000 -4.767661 -1.734236
43112 -370218.029694 0.000000 -4.728630 -1.695205
6900 -370218.083242 0.000000 -4.782178 -1.748753
6979 -370218.068725 0.000000 -4.767661 -1.734236
6635 -370218.083372 0.000000 -4.782308 -1.748883
6682 -370218.083242 0.000000 -4.782178 -1.748753
6665 -370218.068725 0.000000 -4.767661 -1.734236
6538 -370218.083372 0.000000 -4.782308 -1.748883
12199 -370218.083242 0.000000 -4.782178 -1.748753
12263 -370218.068725 0.000000 -4.767661 -1.734236
11912 -370218.083373 0.000000 -4.782308 -1.748884
11977 -370218.083246 0.000000 -4.782182 -1.748757
11957 -370218.068727 0.000000 -4.767663 -1.734238
11779 -370218.083391 0.000000 -4.782327 -1.748903
11773 -370218.083318 0.000000 -4.782254 -1.748829
17541 -370218.068867 0.000000 -4.767803 -1.734378
17204 -370218.082745 0.000000 -4.781681 -1.748256
17282 -370218.068578 0.000000 -4.767514 -1.734089
17258 -370218.029733 0.000000 -4.728669 -1.695244
17033 -370218.083205 0.000000 -4.782141 -1.748716
17024 -370218.068721 0.000000 -4.767657 -1.734233
1739 -370219.286505 0.000000 -5.985441 -2.952016
1683 -370219.256423 0.000000 -5.955359 -2.921934
1446 -370219.287018 0.000000 -5.985954 -2.952530
1398 -370219.286504 0.000000 -5.985440 -2.952015
1490 -370219.256423 0.000000 -5.955359 -2.921934
1306 -370219.287018 0.000000 -5.985954 -2.952529
7035 -370219.286504 0.000000 -5.985440 -2.952015
6981 -370219.256423 0.000000 -5.955359 -2.921934
6737 -370219.287018 0.000000 -5.985954 -2.952529
6684 -370219.286504 0.000000 -5.985440 -2.952015
6790 -370219.256423 0.000000 -5.955359 -2.921934
6540 -370219.287018 0.000000 -5.985954 -2.952530
6562 -370219.286504 0.000000 -5.985440 -2.952015
12265 -370219.256422 0.000000 -5.955358 -2.921933
12035 -370219.287019 0.000000 -5.985955 -2.952531
11979 -370219.286504 0.000000 -5.985440 -2.952015
12094 -370219.256414 0.000000 -5.955350 -2.921925
11781 -370219.287038 0.000000 -5.985974 -2.952549
11825 -370219.286519 0.000000 -5.985454 -2.952030
17542 -370219.256354 0.000000 -5.955290 -2.921865
17341 -370219.286688 0.000000 -5.985624 -2.952200
17284 -370219.256483 0.000000 -5.955419 -2.921994
58883 -370218.845186 0.000000 -5.544122 -2.510697
17035 -370219.286508 0.000000 -5.985444 -2.952019
17105 -370219.256429 0.000000 -5.955365 -2.921941
16982 -370219.287017 0.000000 -5.985953 -2.952529
1624 -370218.843994 0.000000 -5.542930 -2.509505
1709 -370218.845737 0.000000 -5.544673 -2.511249
1682 -370218.423551 0.000000 -5.122487 -2.089063
1416 -370218.843996 0.000000 -5.542932 -2.509507
1397 -370218.845737 0.000000 -5.544673 -2.511248
1478 -370218.423550 0.000000 -5.122486 -2.089061
1305 -370218.843996 0.000000 -5.542932 -2.509507
7007 -370218.845737 0.000000 -5.544673 -2.511248
6980 -370218.423550 0.000000 -5.122485 -2.089061
6706 -370218.843996 0.000000 -5.542932 -2.509507
6683 -370218.845737 0.000000 -5.544673 -2.511248
6783 -370218.423550 0.000000 -5.122486 -2.089061
6539 -370218.843996 0.000000 -5.542932 -2.509507
12291 -370218.845737 0.000000 -5.544672 -2.511248
12264 -370218.423549 0.000000 -5.122485 -2.089061
12004 -370218.843996 0.000000 -5.542932 -2.509507
11978 -370218.845735 0.000000 -5.544671 -2.511247
53599 -370218.423531 0.000000 -5.122467 -2.089043
11780 -370218.843990 0.000000 -5.542926 -2.509502
11818 -370218.845734 0.000000 -5.544670 -2.511246
17231 -370218.818611 0.000000 -5.517546 -2.484122
17310 -370218.845548 0.000000 -5.544484 -2.511059
17283 -370218.423545 0.000000 -5.122481 -2.089057
17049 -370218.843966 0.000000 -5.542902 -2.509477
17034 -370218.845736 0.000000 -5.544672 -2.511248
17094 -370218.423561 0.000000 -5.122497 -2.089072
1597 -370218.414736 0.000000 -5.113672 -2.080248
1712 -370218.415469 0.000000 -5.114405 -2.080980
1655 -370218.085080 0.000000 -4.784015 -1.750591
1419 -370218.414738 0.000000 -5.113674 -2.080249
1384 -370218.415469 0.000000 -5.114405 -2.080980
1480 -370218.085079 0.000000 -4.784015 -1.750590
6901 -370218.414738 0.000000 -5.113674 -2.080249
7010 -370218.415469 0.000000 -5.114405 -2.080980
6958 -370218.085079 0.000000 -4.784015 -1.750590
6709 -370218.414738 0.000000 -5.113674 -2.080249
6666 -370218.415469 0.000000 -5.114405 -2.080980
48356 -370218.085079 0.000000 -4.784015 -1.750590
6536 -370218.414738 0.000000 -5.113674 -2.080249
12293 -370218.415469 0.000000 -5.114404 -2.080980
11913 -370218.415434 0.000000 -5.114370 -2.080946
12007 -370218.414740 0.000000 -5.113676 -2.080252
11958 -370218.415462 0.000000 -5.114397 -2.080973
11794 -370218.415462 0.000000 -5.114398 -2.080974
11774 -370218.414786 0.000000 -5.113722 -2.080298
17562 -370218.415463 0.000000 -5.114399 -2.080974
17205 -370218.415703 0.000000 -5.114639 -2.081214
17313 -370218.415362 0.000000 -5.114298 -2.080873
17259 -370218.085084 0.000000 -4.784019 -1.750595
17052 -370218.414718 0.000000 -5.113653 -2.080229
17025 -370218.415467 0.000000 -5.114403 -2.080979
17097 -370218.085085 0.000000 -4.784021 -1.750597
43433 -370217.985890 0.000000 -4.684826 -1.651402
1569 -370218.029795 0.000000 -4.728731 -1.695307
1684 -370217.983933 0.000000 -4.682868 -1.649444
1350 -370218.031024 0.000000 -4.729960 -1.696536
1399 -370218.029796 0.000000 -4.728732 -1.695307
1375 -370217.983932 0.000000 -4.682868 -1.649443
6927 -370218.031024 0.000000 -4.729960 -1.696536
6874 -370218.029796 0.000000 -4.728732 -1.695307
6982 -370217.983932 0.000000 -4.682868 -1.649443
6612 -370218.031024 0.000000 -4.729960 -1.696536
6685 -370218.029796 0.000000 -4.728732 -1.695307
6654 -370217.983932 0.000000 -4.682868 -1.649443
6541 -370218.031024 0.000000 -4.729960 -1.696536
12175 -370218.029796 0.000000 -4.728732 -1.695307
12266 -370217.983932 0.000000 -4.682868 -1.649443
11887 -370218.031026 0.000000 -4.729962 -1.696537
11980 -370218.029801 0.000000 -4.728737 -1.695313
11942 -370217.983935 0.000000 -4.682871 -1.649446
11782 -370218.031047 0.000000 -4.729983 -1.696558
17470 -370218.029902 0.000000 -4.728838 -1.695413
17543 -370217.984205 0.000000 -4.683141 -1.649716
17177 -370218.029512 0.000000 -4.728448 -1.695023
17285 -370217.983902 0.000000 -4.682838 -1.649413
17242 -370217.985926 0.000000 -4.684861 -1.651437
17036 -370218.029778 0.000000 -4.728714 -1.695290
17020 -370217.983936 0.000000 -4.682871 -1.649447
37923 -370217.981288 0.000000 -4.680224 -1.646800
1595 -370217.987489 0.000000 -4.686425 -1.653000
1568 -370217.988209 0.000000 -4.687145 -1.653721
1653 -370217.981284 0.000000 -4.680220 -1.646796
1349 -370217.987492 0.000000 -4.686428 -1.653004
1382 -370217.988209 0.000000 -4.687145 -1.653721
1374 -370217.981284 0.000000 -4.680220 -1.646795
6899 -370217.987492 0.000000 -4.686428 -1.653004
6873 -370217.988209 0.000000 -4.687145 -1.653721
6957 -370217.981284 0.000000 -4.680220 -1.646795
6611 -370217.987492 0.000000 -4.686428 -1.653004
6664 -370217.988209 0.000000 -4.687145 -1.653721
6653 -370217.981284 0.000000 -4.680220 -1.646795
6535 -370217.987492 0.000000 -4.686428 -1.653004
12174 -370217.988210 0.000000 -4.687146 -1.653721
12255 -370217.981284 0.000000 -4.680220 -1.646795
11886 -370217.987495 0.000000 -4.686431 -1.653006
11956 -370217.988217 0.000000 -4.687153 -1.653729
11941 -370217.981288 0.000000 -4.680224 -1.646800
11772 -370217.987523 0.000000 -4.686459 -1.653035
17469 -370217.988421 0.000000 -4.687357 -1.653933
59011 -370217.983189 0.000000 -4.682125 -1.648700
17176 -370217.988031 0.000000 -4.686967 -1.653543
17257 -370217.981291 0.000000 -4.680226 -1.646802
17009 -370217.987458 0.000000 -4.686393 -1.652969
17023 -370217.988200 0.000000 -4.687136 -1.653712
1826 -370217.987495 0.000000 -4.686431 -1.653007
1598 -370217.983791 0.000000 -4.682727 -1.649302
1540 -370217.984872 0.000000 -4.683808 -1.650383
1656 -370217.987491 0.000000 -4.686427 -1.653002
1333 -370217.983792 0.000000 -4.682728 -1.649304
1385 -370217.984871 0.000000 -4.683807 -1.650383
1368 -370217.987491 0.000000 -4.686427 -1.653002
6902 -370217.983792 0.000000 -4.682728 -1.649304
6845 -370217.984871 0.000000 -4.683807 -1.650383
6959 -370217.987491 0.000000 -4.686427 -1.653002
6589 -370217.983792 0.000000 -4.682728 -1.649304
6667 -370217.984871 0.000000 -4.683807 -1.650383
6646 -370217.987491 0.000000 -4.686427 -1.653002
12200 -370217.983792 0.000000 -4.682728 -1.649303
12146 -370217.984872 0.000000 -4.683808 -1.650383
53722 -370217.987492 0.000000 -4.686427 -1.653003
11860 -370217.983795 0.000000 -4.682731 -1.649307
11959 -370217.984885 0.000000 -4.683821 -1.650397
11762 -370217.971934 0.000000 -4.670870 -1.637446
11775 -370217.983810 0.000000 -4.682746 -1.649322
17444 -370217.985327 0.000000 -4.684263 -1.650838
17206 -370217.983489 0.000000 -4.682425 -1.649001
17148 -370217.984778 0.000000 -4.683714 -1.650290
17260 -370217.987512 0.000000 -4.686448 -1.653024
16998 -370217.983769 0.000000 -4.682705 -1.649280
17026 -370217.984870 0.000000 -4.683806 -1.650381
1849 -370217.883477 0.000000 -4.582413 -1.548988
1804 -370217.870164 0.000000 -4.569100 -1.535676
1570 -370217.882465 0.000000 -4.581401 -1.547976
1513 -370217.883477 0.000000 -4.582413 -1.548989
43159 -370217.870162 0.000000 -4.569098 -1.535673
1321 -370217.882466 0.000000 -4.581401 -1.547977
1376 -370217.883477 0.000000 -4.582413 -1.548988
6766 -370217.868808 0.000000 -4.567743 -1.534319
6875 -370217.882466 0.000000 -4.581402 -1.547977
6817 -370217.883477 0.000000 -4.582413 -1.548988
6613 -370217.868807 0.000000 -4.567743 -1.534319
6573 -370217.882466 0.000000 -4.581402 -1.547977
6655 -370217.883477 0.000000 -4.582413 -1.548989
12065 -370217.868807 0.000000 -4.567743 -1.534318
12176 -370217.882467 0.000000 -4.581403 -1.547979
12118 -370217.883481 0.000000 -4.582417 -1.548993
11888 -370217.868809 0.000000 -4.567745 -1.534321
11840 -370217.882498 0.000000 -4.581434 -1.548010
11943 -370217.883526 0.000000 -4.582462 -1.549037
11757 -370217.868896 0.000000 -4.567832 -1.534408
17471 -370217.882135 0.000000 -4.581071 -1.547646
17416 -370217.870107 0.000000 -4.569043 -1.535619
17178 -370217.882301 0.000000 -4.581237 -1.547812
17124 -370217.883432 0.000000 -4.582368 -1.548943
17243 -370217.870176 0.000000 -4.569112 -1.535687
16990 -370217.882451 0.000000 -4.581387 -1.547962
1824 -370217.855406 0.000000 -4.554342 -1.520918
1472 -370217.858651 0.000000 -4.557586 -1.524162
1538 -370217.856088 0.000000 -4.555024 -1.521599
1512 -370217.855406 0.000000 -4.554342 -1.520917
1331 -370217.858653 0.000000 -4.557588 -1.524164
1320 -370217.856088 0.000000 -4.555024 -1.521600
7097 -370217.855406 0.000000 -4.554341 -1.520917
6765 -370217.858653 0.000000 -4.557589 -1.524164
6843 -370217.856088 0.000000 -4.555024 -1.521600
6816 -370217.855406 0.000000 -4.554341 -1.520917
6587 -370217.858653 0.000000 -4.557589 -1.524164
6572 -370217.856088 0.000000 -4.555024 -1.521600
6645 -370217.855406 0.000000 -4.554342 -1.520917
12064 -370217.858653 0.000000 -4.557589 -1.524164
12144 -370217.856091 0.000000 -4.555027 -1.521603
12117 -370217.855409 0.000000 -4.554345 -1.520921
11858 -370217.858663 0.000000 -4.557599 -1.524174
11839 -370217.856131 0.000000 -4.555067 -1.521642
11934 -370217.855438 0.000000 -4.554374 -1.520949
17368 -370217.858854 0.000000 -4.557790 -1.524365
17442 -370217.854687 0.000000 -4.553623 -1.520198
17415 -370217.673467 0.000000 -4.372402 -1.338978
17146 -370217.855974 0.000000 -4.554910 -1.521486
17123 -370217.855382 0.000000 -4.554318 -1.520894
58804 -370217.673538 0.000000 -4.372474 -1.339050
16989 -370217.856079 0.000000 -4.555015 -1.521591
1742 -370217.676600 0.000000 -4.375535 -1.342111
1827 -370217.677553 0.000000 -4.376489 -1.343064
1449 -370217.677851 0.000000 -4.376787 -1.343362
1541 -370217.676607 0.000000 -4.375543 -1.342118
1493 -370217.677553 0.000000 -4.376488 -1.343064
1334 -370217.677853 0.000000 -4.376789 -1.343364
1314 -370217.676607 0.000000 -4.375543 -1.342119
7099 -370217.677552 0.000000 -4.376488 -1.343064
6740 -370217.677853 0.000000 -4.376789 -1.343364
6846 -370217.676607 0.000000 -4.375543 -1.342119
6793 -370217.677552 0.000000 -4.376488 -1.343064
6590 -370217.677853 0.000000 -4.376789 -1.343364
6565 -370217.676607 0.000000 -4.375543 -1.342119
12357 -370217.677552 0.000000 -4.376488 -1.343064
12038 -370217.677853 0.000000 -4.376789 -1.343364
12147 -370217.676610 0.000000 -4.375546 -1.342121
12096 -370217.677553 0.000000 -4.376488 -1.343064
11861 -370217.677868 0.000000 -4.376804 -1.343380
11828 -370217.676679 0.000000 -4.375615 -1.342191
53571 -370217.677657 0.000000 -4.376593 -1.343168
17344 -370217.678393 0.000000 -4.377329 -1.343904
17445 -370217.676848 0.000000 -4.375784 -1.342360
17077 -370217.677843 0.000000 -4.376779 -1.343354
17149 -370217.676512 0.000000 -4.375448 -1.342024
17108 -370217.677530 0.000000 -4.376466 -1.343042
16999 -370217.677838 0.000000 -4.376774 -1.343349
1741 -370217.752920 0.000000 -4.451856 -1.418432
1803 -370219.301645 0.000000 -6.000581 -2.967157
1448 -370217.751055 0.000000 -4.449991 -1.416567
1511 -370217.752917 0.000000 -4.451852 -1.418428
1492 -370219.301645 0.000000 -6.000580 -2.967156
1319 -370217.751054 0.000000 -4.449990 -1.416566
7037 -370217.752917 0.000000 -4.451852 -1.418428
7090 -370219.301645 0.000000 -6.000580 -2.967156
6739 -370217.751054 0.000000 -4.449990 -1.416566
6815 -370217.752917 0.000000 -4.451852 -1.418428
6792 -370219.301645 0.000000 -6.000580 -2.967156
6571 -370217.751054 0.000000 -4.449990 -1.416566
6564 -370217.752916 0.000000 -4.451852 -1.418427
53871 -370219.301644 0.000000 -6.000580 -2.967156
12037 -370217.751051 0.000000 -4.449987 -1.416562
12116 -370217.752906 0.000000 -4.451842 -1.418417
11812 -370217.712420 0.000000 -4.411356 -1.377931
11838 -370217.750998 0.000000 -4.449934 -1.416509
11827 -370217.752829 0.000000 -4.451765 -1.418340
17367 -370217.712244 0.000000 -4.411180 -1.377756
17343 -370217.751905 0.000000 -4.450841 -1.417417
17414 -370219.301718 0.000000 -6.000654 -2.967230
17076 -370217.751135 0.000000 -4.450071 -1.416646
17122 -370217.752987 0.000000 -4.451923 -1.418498
17107 -370219.301655 0.000000 -6.000591 -2.967166
16988 -370217.751069 0.000000 -4.450004 -1.416580
1764 -370217.774658 0.000000 -4.473594 -1.440169
1715 -370217.774877 0.000000 -4.473813 -1.440388
1805 -370217.212674 0.000000 -3.911610 -0.878185
1422 -370217.774650 0.000000 -4.473586 -1.440162
1514 -370217.774875 0.000000 -4.473811 -1.440386
1482 -370217.212675 0.000000 -3.911611 -0.878186
1322 -370217.774650 0.000000 -4.473585 -1.440161
7013 -370217.774875 0.000000 -4.473811 -1.440386
48575 -370217.212675 0.000000 -3.911611 -0.878186
6712 -370217.774650 0.000000 -4.473585 -1.440161
6818 -370217.774875 0.000000 -4.473811 -1.440386
6550 -370217.773904 0.000000 -4.472840 -1.439416
6574 -370217.774649 0.000000 -4.473585 -1.440161
12296 -370217.774874 0.000000 -4.473810 -1.440385
12066 -370217.773904 0.000000 -4.472840 -1.439416
12010 -370217.774647 0.000000 -4.473583 -1.440158
12119 -370217.774867 0.000000 -4.473803 -1.440379
11797 -370217.773903 0.000000 -4.472838 -1.439414
11841 -370217.774628 0.000000 -4.473564 -1.440139
11821 -370217.774857 0.000000 -4.473793 -1.440369
17369 -370217.773852 0.000000 -4.472788 -1.439364
17316 -370217.775281 0.000000 -4.474217 -1.440793
17417 -370217.212704 0.000000 -3.911640 -0.878215
17055 -370217.774700 0.000000 -4.473636 -1.440211
17125 -370217.774914 0.000000 -4.473850 -1.440426
17100 -370217.212669 0.000000 -3.911605 -0.878181
1565 -370217.977244 0.000000 -4.676180 -1.642756
1680 -370217.984839 0.000000 -4.683775 -1.650351
1347 -370217.977274 0.000000 -4.676210 -1.642785
1395 -370217.977245 0.000000 -4.676181 -1.642756
1371 -370217.984839 0.000000 -4.683774 -1.650350
1303 -370217.977274 0.000000 -4.676210 -1.642786
6870 -370217.977245 0.000000 -4.676181 -1.642756
6978 -370217.984838 0.000000 -4.683774 -1.650350
6608 -370217.977274 0.000000 -4.676210 -1.642786
6681 -370217.977245 0.000000 -4.676181 -1.642756
6650 -370217.984838 0.000000 -4.683774 -1.650350
6537 -370217.977274 0.000000 -4.676210 -1.642786
12171 -370217.977245 0.000000 -4.676181 -1.642756
12262 -370217.984835 0.000000 -4.683770 -1.650346
11883 -370217.977277 0.000000 -4.676213 -1.642789
11976 -370217.977233 0.000000 -4.676169 -1.642745
11938 -370217.984783 0.000000 -4.683719 -1.650295
11778 -370217.977302 0.000000 -4.676238 -1.642813
11769 -370217.977071 0.000000 -4.676007 -1.642582
17540 -370217.984133 0.000000 -4.683069 -1.649645
17173 -370217.975608 0.000000 -4.674544 -1.641119
17281 -370217.984871 0.000000 -4.683807 -1.650382
17239 -370218.015890 0.000000 -4.714826 -1.681401
17032 -370217.977204 0.000000 -4.676139 -1.642715
17016 -370217.984846 0.000000 -4.683782 -1.650357
22527 -370217.977267 0.000000 -4.676203 -1.642778
1825 -370217.978888 0.000000 -4.677824 -1.644400
1567 -370217.977185 0.000000 -4.676121 -1.642696
1539 -370217.977209 0.000000 -4.676144 -1.642720
1645 -370217.978885 0.000000 -4.677821 -1.644397
1332 -370217.977186 0.000000 -4.676122 -1.642697
1373 -370217.977208 0.000000 -4.676144 -1.642720
7098 -370217.978885 0.000000 -4.677821 -1.644396
6872 -370217.977186 0.000000 -4.676122 -1.642697
6844 -370217.977208 0.000000 -4.676144 -1.642719
48418 -370217.978885 0.000000 -4.677821 -1.644396
6588 -370217.977186 0.000000 -4.676122 -1.642697
6652 -370217.977208 0.000000 -4.676144 -1.642720
6532 -370218.910868 0.000000 -5.609804 -2.576380
12173 -370217.977186 0.000000 -4.676122 -1.642697
12145 -370217.977209 0.000000 -4.676145 -1.642721
11885 -370218.914919 0.000000 -5.613855 -2.580430
11859 -370217.977195 0.000000 -4.676131 -1.642707
11940 -370217.977225 0.000000 -4.676161 -1.642737
11761 -370218.914944 0.000000 -5.613880 -2.580456
17468 -370217.977133 0.000000 -4.676069 -1.642645
17443 -370217.978746 0.000000 -4.677682 -1.644258
17175 -370217.976973 0.000000 -4.675909 -1.642485
17147 -370217.977157 0.000000 -4.676093 -1.642668
17241 -370217.978906 0.000000 -4.677842 -1.644418
16997 -370217.977170 0.000000 -4.676106 -1.642681
17018 -370217.977208 0.000000 -4.676144 -1.642720
