#ID      EIFS 	      EIPFS 	   FSbin        FSseg
2449 -1152184.576961 0.000000 -5.921591 -2.889156
2748 -1152184.576939 0.000000 -5.921568 -2.889133
2819 -1152183.057722 0.000000 -4.402351 -1.369916
3707 -1152184.576857 0.000000 -5.921486 -2.889051
3794 -1152184.576950 0.000000 -5.921580 -2.889144
3981 -1152184.576961 0.000000 -5.921591 -2.889156
4006 -1152184.576939 0.000000 -5.921568 -2.889133
18749 -1152183.057722 0.000000 -4.402351 -1.369916
19408 -1152184.576857 0.000000 -5.921486 -2.889051
19717 -1152184.576950 0.000000 -5.921580 -2.889145
19809 -1152184.576961 0.000000 -5.921591 -2.889155
20069 -1152184.576939 0.000000 -5.921568 -2.889133
20106 -1152183.057716 0.000000 -4.402345 -1.369910
35302 -1152184.576855 0.000000 -5.921484 -2.889049
35392 -1152184.576941 0.000000 -5.921570 -2.889135
35702 -1152184.576934 0.000000 -5.921563 -2.889128
35794 -1152184.576952 0.000000 -5.921581 -2.889146
36094 -1152184.576937 0.000000 -5.921566 -2.889131
166331 -1152183.057724 0.000000 -4.402353 -1.369918
35169 -1152184.576857 0.000000 -5.921486 -2.889051
51378 -1152184.576950 0.000000 -5.921579 -2.889144
51688 -1152184.576961 0.000000 -5.921591 -2.889156
51780 -1152184.576939 0.000000 -5.921568 -2.889133
182422 -1152183.057722 0.000000 -4.402351 -1.369916
52638 -1152184.576857 0.000000 -5.921486 -2.889051
52742 -1152184.576950 0.000000 -5.921580 -2.889144
2884 -1152184.960891 0.000000 -6.305520 -3.273085
3199 -1152184.960893 0.000000 -6.305522 -3.273087
3287 -1152184.558094 0.000000 -5.902723 -2.870288
3597 -1152184.557817 0.000000 -5.902446 -2.870011
3657 -1152184.557730 0.000000 -5.902359 -2.869924
133044 -1152184.557656 0.000000 -5.902285 -2.869850
18871 -1152184.960893 0.000000 -6.305522 -3.273087
19185 -1152184.558094 0.000000 -5.902723 -2.870288
19273 -1152184.557817 0.000000 -5.902446 -2.870011
19587 -1152184.557730 0.000000 -5.902359 -2.869924
19631 -1152184.557656 0.000000 -5.902285 -2.869850
20267 -1152184.960892 0.000000 -6.305522 -3.273087
20093 -1152184.558093 0.000000 -5.902722 -2.870287
35168 -1152184.557814 0.000000 -5.902443 -2.870008
35256 -1152184.557728 0.000000 -5.902358 -2.869922
35560 -1152184.557708 0.000000 -5.902337 -2.869902
36213 -1152184.960890 0.000000 -6.305519 -3.273084
36418 -1152184.960892 0.000000 -6.305521 -3.273086
36453 -1152184.558093 0.000000 -5.902722 -2.870287
51165 -1152184.557817 0.000000 -5.902446 -2.870011
51232 -1152184.557730 0.000000 -5.902359 -2.869924
52136 -1152184.960891 0.000000 -6.305520 -3.273085
52224 -1152184.960893 0.000000 -6.305522 -3.273087
52501 -1152184.558094 0.000000 -5.902723 -2.870288
52552 -1152184.557817 0.000000 -5.902446 -2.870011
52699 -1152184.557730 0.000000 -5.902359 -2.869924
2615 -1152184.613585 0.000000 -5.958215 -2.925779
2706 -1152184.613652 0.000000 -5.958281 -2.925846
3017 -1152184.613602 0.000000 -5.958231 -2.925796
3098 -1152184.633677 0.000000 -5.978306 -2.945871
3901 -1152184.613542 0.000000 -5.958171 -2.925736
3963 -1152184.613585 0.000000 -5.958215 -2.925779
4047 -1152184.613652 0.000000 -5.958281 -2.925846
18707 -1152184.613602 0.000000 -5.958231 -2.925796
19004 -1152184.633677 0.000000 -5.978306 -2.945871
19675 -1152184.613542 0.000000 -5.958171 -2.925736
19963 -1152184.613585 0.000000 -5.958214 -2.925779
20043 -1152184.613652 0.000000 -5.958281 -2.925846
20215 -1152184.613602 0.000000 -5.958231 -2.925796
34747 -1152184.633678 0.000000 -5.978307 -2.945872
165427 -1152184.633315 0.000000 -5.977944 -2.945509
35660 -1152184.613575 0.000000 -5.958205 -2.925770
35969 -1152184.613583 0.000000 -5.958212 -2.925777
36060 -1152184.613649 0.000000 -5.958278 -2.925843
36306 -1152184.613601 0.000000 -5.958230 -2.925795
36332 -1152184.633677 0.000000 -5.978306 -2.945871
51555 -1152184.613542 0.000000 -5.958171 -2.925736
51646 -1152184.613585 0.000000 -5.958214 -2.925779
51957 -1152184.613652 0.000000 -5.958281 -2.925846
52049 -1152184.613602 0.000000 -5.958231 -2.925796
52339 -1152184.633677 0.000000 -5.978306 -2.945871
52732 -1152184.613542 0.000000 -5.958171 -2.925736
2493 -1152183.250012 0.000000 -4.594642 -1.562206
2538 -1152183.248902 0.000000 -4.593531 -1.561096
3464 -1152183.250289 0.000000 -4.594918 -1.562483
3552 -1152183.250266 0.000000 -4.594895 -1.562460
3827 -1152183.250141 0.000000 -4.594771 -1.562335
3873 -1152183.250012 0.000000 -4.594642 -1.562207
4008 -1152183.248902 0.000000 -4.593531 -1.561096
19139 -1152183.250289 0.000000 -4.594918 -1.562483
19453 -1152183.250266 0.000000 -4.594895 -1.562460
19541 -1152183.250141 0.000000 -4.594771 -1.562335
19850 -1152183.250012 0.000000 -4.594641 -1.562206
19898 -1152183.248902 0.000000 -4.593531 -1.561096
19040 -1152183.250287 0.000000 -4.594916 -1.562481
35122 -1152183.250249 0.000000 -4.594878 -1.562443
35437 -1152183.250092 0.000000 -4.594721 -1.562286
35525 -1152183.250035 0.000000 -4.594664 -1.562229
35839 -1152183.249986 0.000000 -4.594615 -1.562180
166232 -1152183.248900 0.000000 -4.593530 -1.561095
36504 -1152183.250288 0.000000 -4.594917 -1.562482
36326 -1152183.250265 0.000000 -4.594894 -1.562459
51423 -1152183.250141 0.000000 -4.594770 -1.562335
51500 -1152183.250012 0.000000 -4.594642 -1.562207
182221 -1152183.248902 0.000000 -4.593532 -1.561096
52463 -1152183.250289 0.000000 -4.594918 -1.562483
52663 -1152183.250266 0.000000 -4.594895 -1.562460
52693 -1152183.250141 0.000000 -4.594771 -1.562335
2883 -1152183.253774 0.000000 -4.598403 -1.565968
2975 -1152183.255119 0.000000 -4.599749 -1.567313
3286 -1152183.258492 0.000000 -4.603122 -1.570686
3378 -1152183.257159 0.000000 -4.601788 -1.569353
133859 -1152183.256805 0.000000 -4.601434 -1.568999
4046 -1152183.253774 0.000000 -4.598403 -1.565968
18870 -1152183.255119 0.000000 -4.599749 -1.567314
18962 -1152183.258492 0.000000 -4.603122 -1.570687
19272 -1152183.257158 0.000000 -4.601788 -1.569353
19342 -1152183.256805 0.000000 -4.601434 -1.568999
20146 -1152183.253774 0.000000 -4.598403 -1.565968
20201 -1152183.255118 0.000000 -4.599747 -1.567312
20202 -1152183.258486 0.000000 -4.603115 -1.570680
34958 -1152183.257153 0.000000 -4.601783 -1.569348
35255 -1152183.256875 0.000000 -4.601504 -1.569069
35927 -1152183.253271 0.000000 -4.597900 -1.565465
36212 -1152183.253767 0.000000 -4.598397 -1.565961
36284 -1152183.255115 0.000000 -4.599744 -1.567309
36452 -1152183.258491 0.000000 -4.603121 -1.570686
50989 -1152183.257159 0.000000 -4.601788 -1.569353
51825 -1152183.253238 0.000000 -4.597868 -1.565433
51915 -1152183.253774 0.000000 -4.598403 -1.565968
52223 -1152183.255119 0.000000 -4.599749 -1.567313
52309 -1152183.258492 0.000000 -4.603122 -1.570687
52551 -1152183.257159 0.000000 -4.601788 -1.569353
51333 -1152183.253239 0.000000 -4.597868 -1.565433
2448 -1152182.995181 0.000000 -4.339810 -1.307375
2751 -1152182.994958 0.000000 -4.339587 -1.307152
2818 -1152182.993022 0.000000 -4.337652 -1.305216
3709 -1152182.994272 0.000000 -4.338902 -1.306467
3793 -1152182.994951 0.000000 -4.339580 -1.307145
3984 -1152182.995181 0.000000 -4.339810 -1.307375
4005 -1152182.994958 0.000000 -4.339587 -1.307152
18752 -1152182.993022 0.000000 -4.337652 -1.305216
149251 -1152183.068941 0.000000 -4.413570 -1.381135
19720 -1152182.994950 0.000000 -4.339580 -1.307145
19808 -1152182.995181 0.000000 -4.339810 -1.307375
20072 -1152182.994958 0.000000 -4.339587 -1.307152
20105 -1152182.993024 0.000000 -4.337653 -1.305218
165147 -1152183.068955 0.000000 -4.413584 -1.381149
35391 -1152182.994925 0.000000 -4.339555 -1.307119
35705 -1152182.995151 0.000000 -4.339781 -1.307346
35793 -1152182.995215 0.000000 -4.339844 -1.307409
36097 -1152182.994957 0.000000 -4.339586 -1.307151
36126 -1152182.993020 0.000000 -4.337649 -1.305214
34959 -1152182.994273 0.000000 -4.338902 -1.306467
51377 -1152182.994951 0.000000 -4.339580 -1.307145
51691 -1152182.995181 0.000000 -4.339810 -1.307375
51779 -1152182.994958 0.000000 -4.339587 -1.307152
52082 -1152182.993022 0.000000 -4.337652 -1.305217
52637 -1152182.994272 0.000000 -4.338902 -1.306467
52681 -1152182.994950 0.000000 -4.339580 -1.307145
2301 -1152183.004317 0.000000 -4.348946 -1.316511
3153 -1152183.110045 0.000000 -4.454675 -1.422240
3245 -1152183.002898 0.000000 -4.347527 -1.315092
3551 -1152183.004199 0.000000 -4.348828 -1.316393
3636 -1152183.004530 0.000000 -4.349159 -1.316724
3872 -1152183.004317 0.000000 -4.348946 -1.316511
2494 -1152183.110045 0.000000 -4.454675 -1.422240
19138 -1152183.002898 0.000000 -4.347527 -1.315092
19231 -1152183.004199 0.000000 -4.348828 -1.316393
19540 -1152183.004529 0.000000 -4.349159 -1.316724
19621 -1152183.004317 0.000000 -4.348946 -1.316511
20246 -1152183.110045 0.000000 -4.454675 -1.422239
20282 -1152183.002896 0.000000 -4.347525 -1.315090
35121 -1152183.004198 0.000000 -4.348827 -1.316392
35214 -1152183.004560 0.000000 -4.349189 -1.316754
35524 -1152183.004531 0.000000 -4.349160 -1.316725
166015 -1152183.004296 0.000000 -4.348925 -1.316490
36387 -1152183.110052 0.000000 -4.454681 -1.422246
36441 -1152183.002899 0.000000 -4.347528 -1.315093
36354 -1152183.004199 0.000000 -4.348828 -1.316393
51211 -1152183.004530 0.000000 -4.349159 -1.316724
181947 -1152183.004317 0.000000 -4.348946 -1.316511
52182 -1152183.110046 0.000000 -4.454675 -1.422240
52462 -1152183.002898 0.000000 -4.347527 -1.315092
52532 -1152183.004199 0.000000 -4.348828 -1.316393
52692 -1152183.004530 0.000000 -4.349159 -1.316724
2705 -1152183.056333 0.000000 -4.400962 -1.368527
3020 -1152183.055824 0.000000 -4.400453 -1.368018
3097 -1152184.315498 0.000000 -5.660127 -2.627692
133746 -1152184.315710 0.000000 -5.660339 -2.627904
3962 -1152183.056003 0.000000 -4.400632 -1.368197
3881 -1152183.056333 0.000000 -4.400962 -1.368527
18706 -1152183.055824 0.000000 -4.400453 -1.368018
19007 -1152184.315498 0.000000 -5.660127 -2.627692
19052 -1152184.315710 0.000000 -5.660339 -2.627904
19966 -1152183.056003 0.000000 -4.400632 -1.368197
20042 -1152183.056333 0.000000 -4.400962 -1.368527
20218 -1152183.055823 0.000000 -4.400452 -1.368017
20231 -1152184.315498 0.000000 -5.660127 -2.627692
34992 -1152184.315706 0.000000 -5.660335 -2.627900
35659 -1152183.055914 0.000000 -4.400543 -1.368108
35972 -1152183.056064 0.000000 -4.400693 -1.368258
36059 -1152183.056344 0.000000 -4.400974 -1.368538
36309 -1152183.055824 0.000000 -4.400453 -1.368018
36331 -1152184.315498 0.000000 -5.660127 -2.627692
51557 -1152183.055765 0.000000 -4.400394 -1.367959
51645 -1152183.056003 0.000000 -4.400632 -1.368197
51960 -1152183.056333 0.000000 -4.400962 -1.368527
52048 -1152183.055824 0.000000 -4.400453 -1.368018
52342 -1152184.315498 0.000000 -5.660127 -2.627692
52731 -1152183.055765 0.000000 -4.400394 -1.367959
51166 -1152183.056003 0.000000 -4.400632 -1.368197
2447 -1152183.211500 0.000000 -4.556129 -1.523694
2527 -1152183.211192 0.000000 -4.555821 -1.523386
3419 -1152183.212646 0.000000 -4.557275 -1.524840
3510 -1152183.211031 0.000000 -4.555660 -1.523225
3792 -1152183.211504 0.000000 -4.556133 -1.523698
3855 -1152183.211500 0.000000 -4.556129 -1.523694
4004 -1152183.211192 0.000000 -4.555822 -1.523386
148941 -1152183.219751 0.000000 -4.564380 -1.531945
19406 -1152183.211031 0.000000 -4.555660 -1.523225
19499 -1152183.211504 0.000000 -4.556133 -1.523698
19807 -1152183.211500 0.000000 -4.556129 -1.523694
19886 -1152183.211193 0.000000 -4.555822 -1.523387
149432 -1152183.219753 0.000000 -4.564383 -1.531948
35080 -1152183.211027 0.000000 -4.555656 -1.523221
35390 -1152183.211513 0.000000 -4.556142 -1.523707
35483 -1152183.211592 0.000000 -4.556221 -1.523786
35792 -1152183.211506 0.000000 -4.556135 -1.523700
35861 -1152183.211188 0.000000 -4.555818 -1.523383
36486 -1152183.212647 0.000000 -4.557276 -1.524841
36462 -1152183.211031 0.000000 -4.555660 -1.523225
51376 -1152183.211504 0.000000 -4.556133 -1.523698
51469 -1152183.211500 0.000000 -4.556129 -1.523694
51778 -1152183.211192 0.000000 -4.555821 -1.523386
52422 -1152183.212646 0.000000 -4.557275 -1.524840
52636 -1152183.211031 0.000000 -4.555660 -1.523225
52683 -1152183.211504 0.000000 -4.556133 -1.523698
2886 -1152183.201893 0.000000 -4.546523 -1.514088
2974 -1152183.201521 0.000000 -4.546150 -1.513715
3289 -1152183.207117 0.000000 -4.551747 -1.519311
3377 -1152183.208395 0.000000 -4.553024 -1.520589
3659 -1152183.208429 0.000000 -4.553058 -1.520623
4045 -1152183.201893 0.000000 -4.546523 -1.514088
18873 -1152183.201521 0.000000 -4.546150 -1.513715
18961 -1152183.207117 0.000000 -4.551747 -1.519311
19275 -1152183.208395 0.000000 -4.553024 -1.520589
19341 -1152183.208429 0.000000 -4.553058 -1.520623
20148 -1152183.201893 0.000000 -4.546522 -1.514087
20200 -1152183.201520 0.000000 -4.546150 -1.513715
19922 -1152183.207118 0.000000 -4.551747 -1.519312
34957 -1152183.208406 0.000000 -4.553035 -1.520600
35258 -1152183.208471 0.000000 -4.553101 -1.520665
165770 -1152183.208401 0.000000 -4.553030 -1.520595
36215 -1152183.201909 0.000000 -4.546538 -1.514103
36283 -1152183.201524 0.000000 -4.546154 -1.513719
36455 -1152183.207117 0.000000 -4.551747 -1.519312
50988 -1152183.208395 0.000000 -4.553024 -1.520589
181670 -1152183.208429 0.000000 -4.553058 -1.520623
51914 -1152183.201893 0.000000 -4.546523 -1.514087
52226 -1152183.201521 0.000000 -4.546150 -1.513715
52308 -1152183.207117 0.000000 -4.551747 -1.519311
52554 -1152183.208395 0.000000 -4.553024 -1.520589
52567 -1152183.208429 0.000000 -4.553058 -1.520623
2704 -1152183.252390 0.000000 -4.597019 -1.564584
2797 -1152183.252733 0.000000 -4.597362 -1.564927
133520 -1152183.537514 0.000000 -4.882143 -1.849708
3755 -1152183.252435 0.000000 -4.597064 -1.564629
3961 -1152183.252601 0.000000 -4.597231 -1.564796
3999 -1152183.252389 0.000000 -4.597019 -1.564583
18705 -1152183.252733 0.000000 -4.597363 -1.564928
18775 -1152183.537514 0.000000 -4.882143 -1.849708
19674 -1152183.252434 0.000000 -4.597064 -1.564629
19766 -1152183.252601 0.000000 -4.597231 -1.564795
20041 -1152183.252389 0.000000 -4.597019 -1.564584
20095 -1152183.252735 0.000000 -4.597364 -1.564929
20230 -1152183.537519 0.000000 -4.882148 -1.849713
35349 -1152183.252421 0.000000 -4.597050 -1.564615
35658 -1152183.252622 0.000000 -4.597251 -1.564816
35751 -1152183.252643 0.000000 -4.597273 -1.564838
36058 -1152183.252392 0.000000 -4.597021 -1.564586
36120 -1152183.252731 0.000000 -4.597361 -1.564926
35481 -1152183.251886 0.000000 -4.596515 -1.564080
51335 -1152183.252435 0.000000 -4.597064 -1.564629
51644 -1152183.252601 0.000000 -4.597231 -1.564795
51737 -1152183.252390 0.000000 -4.597019 -1.564584
52047 -1152183.252733 0.000000 -4.597363 -1.564927
182451 -1152183.537514 0.000000 -4.882143 -1.849708
52730 -1152183.252435 0.000000 -4.597064 -1.564629
52310 -1152183.252601 0.000000 -4.597231 -1.564796
2300 -1152183.345107 0.000000 -4.689737 -1.657302
3155 -1152183.346022 0.000000 -4.690651 -1.658216
3244 -1152183.345125 0.000000 -4.689755 -1.657319
3554 -1152183.344991 0.000000 -4.689620 -1.657185
3635 -1152183.345167 0.000000 -4.689796 -1.657361
3875 -1152183.345107 0.000000 -4.689736 -1.657301
132505 -1152183.344996 0.000000 -4.689625 -1.657190
19141 -1152183.345125 0.000000 -4.689754 -1.657319
19230 -1152183.344991 0.000000 -4.689620 -1.657185
19543 -1152183.345167 0.000000 -4.689797 -1.657361
19620 -1152183.345107 0.000000 -4.689737 -1.657302
150091 -1152183.344996 0.000000 -4.689625 -1.657190
20281 -1152183.345124 0.000000 -4.689754 -1.657319
35124 -1152183.344994 0.000000 -4.689623 -1.657188
35213 -1152183.345188 0.000000 -4.689817 -1.657382
35527 -1152183.345168 0.000000 -4.689797 -1.657362
35572 -1152183.345094 0.000000 -4.689723 -1.657288
36390 -1152183.346019 0.000000 -4.690648 -1.658213
36440 -1152183.345126 0.000000 -4.689755 -1.657320
36285 -1152183.344991 0.000000 -4.689620 -1.657185
51210 -1152183.345167 0.000000 -4.689796 -1.657361
51502 -1152183.345107 0.000000 -4.689737 -1.657302
52181 -1152183.346022 0.000000 -4.690651 -1.658216
52465 -1152183.345125 0.000000 -4.689754 -1.657319
52531 -1152183.344991 0.000000 -4.689620 -1.657185
52695 -1152183.345167 0.000000 -4.689796 -1.657361
2662 -1152183.395340 0.000000 -4.739970 -1.707534
2973 -1152183.395065 0.000000 -4.739694 -1.707259
3065 -1152183.411206 0.000000 -4.755835 -1.723400
3376 -1152183.411908 0.000000 -4.756537 -1.724102
3936 -1152183.395338 0.000000 -4.739967 -1.707532
4044 -1152183.395340 0.000000 -4.739970 -1.707534
18663 -1152183.395065 0.000000 -4.739694 -1.707259
18960 -1152183.411206 0.000000 -4.755835 -1.723400
19041 -1152183.411908 0.000000 -4.756537 -1.724102
19921 -1152183.395337 0.000000 -4.739967 -1.707532
20008 -1152183.395340 0.000000 -4.739969 -1.707534
20199 -1152183.395065 0.000000 -4.739694 -1.707259
20228 -1152183.411209 0.000000 -4.755838 -1.723403
34956 -1152183.411919 0.000000 -4.756548 -1.724113
165460 -1152183.411751 0.000000 -4.756380 -1.723945
35925 -1152183.395401 0.000000 -4.740030 -1.707595
36017 -1152183.395352 0.000000 -4.739981 -1.707546
36282 -1152183.395065 0.000000 -4.739694 -1.707259
36327 -1152183.411205 0.000000 -4.755834 -1.723399
181368 -1152183.411908 0.000000 -4.756537 -1.724102
51602 -1152183.395337 0.000000 -4.739967 -1.707532
51913 -1152183.395340 0.000000 -4.739970 -1.707534
52005 -1152183.395065 0.000000 -4.739694 -1.707259
52307 -1152183.411206 0.000000 -4.755835 -1.723400
52355 -1152183.411908 0.000000 -4.756537 -1.724102
51424 -1152183.395338 0.000000 -4.739967 -1.707532
2526 -1152183.435444 0.000000 -4.780073 -1.747638
133264 -1152183.432954 0.000000 -4.777584 -1.745148
3509 -1152183.434766 0.000000 -4.779395 -1.746960
3795 -1152183.435624 0.000000 -4.780253 -1.747818
3854 -1152183.435682 0.000000 -4.780312 -1.747877
4007 -1152183.435444 0.000000 -4.780073 -1.747638
18533 -1152183.432954 0.000000 -4.777584 -1.745148
19409 -1152183.434766 0.000000 -4.779395 -1.746960
19498 -1152183.435624 0.000000 -4.780253 -1.747818
19810 -1152183.435682 0.000000 -4.780312 -1.747877
19885 -1152183.435444 0.000000 -4.780073 -1.747638
20107 -1152183.432956 0.000000 -4.777585 -1.745150
18522 -1152183.434761 0.000000 -4.779391 -1.746956
35393 -1152183.435623 0.000000 -4.780252 -1.747817
35482 -1152183.435732 0.000000 -4.780362 -1.747927
35795 -1152183.435683 0.000000 -4.780312 -1.747877
35860 -1152183.435437 0.000000 -4.780066 -1.747631
36488 -1152183.786573 0.000000 -5.131203 -2.098767
36470 -1152183.434766 0.000000 -4.779395 -1.746960
51379 -1152183.435624 0.000000 -4.780253 -1.747818
51468 -1152183.435682 0.000000 -4.780312 -1.747877
51781 -1152183.435444 0.000000 -4.780073 -1.747638
52421 -1152183.786574 0.000000 -5.131203 -2.098768
52639 -1152183.434766 0.000000 -4.779395 -1.746960
52682 -1152183.435624 0.000000 -4.780253 -1.747818
52137 -1152183.435682 0.000000 -4.780312 -1.747877
2842 -1152183.425764 0.000000 -4.770393 -1.737958
2931 -1152183.425750 0.000000 -4.770379 -1.737944
3243 -1152183.427519 0.000000 -4.772148 -1.739713
3334 -1152183.429056 0.000000 -4.773685 -1.741250
3634 -1152183.429085 0.000000 -4.773714 -1.741279
4031 -1152183.425764 0.000000 -4.770393 -1.737958
2795 -1152183.425750 0.000000 -4.770379 -1.737944
18918 -1152183.427519 0.000000 -4.772148 -1.739713
19229 -1152183.429056 0.000000 -4.773685 -1.741250
19320 -1152183.429085 0.000000 -4.773714 -1.741279
149964 -1152183.428970 0.000000 -4.773600 -1.741165
20178 -1152183.425749 0.000000 -4.770378 -1.737943
20280 -1152183.427519 0.000000 -4.772148 -1.739713
34914 -1152183.429062 0.000000 -4.773691 -1.741256
35212 -1152183.429116 0.000000 -4.773745 -1.741310
35281 -1152183.429040 0.000000 -4.773669 -1.741234
36170 -1152183.425784 0.000000 -4.770413 -1.737978
36253 -1152183.425753 0.000000 -4.770382 -1.737947
36439 -1152183.427519 0.000000 -4.772148 -1.739713
36461 -1152183.429056 0.000000 -4.773685 -1.741250
51209 -1152183.429085 0.000000 -4.773714 -1.741279
51871 -1152183.425764 0.000000 -4.770393 -1.737958
52180 -1152183.425750 0.000000 -4.770379 -1.737944
52270 -1152183.427519 0.000000 -4.772148 -1.739713
52530 -1152183.429056 0.000000 -4.773685 -1.741250
52565 -1152183.429085 0.000000 -4.773714 -1.741279
2707 -1152183.705780 0.000000 -5.050410 -2.017974
2796 -1152183.704997 0.000000 -5.049626 -2.017191
3099 -1152184.150282 0.000000 -5.494912 -2.462476
3754 -1152183.705621 0.000000 -5.050250 -2.017815
3964 -1152183.705934 0.000000 -5.050564 -2.018129
3998 -1152183.705780 0.000000 -5.050410 -2.017974
18708 -1152183.704997 0.000000 -5.049626 -2.017191
18774 -1152184.150282 0.000000 -5.494911 -2.462476
19676 -1152183.705620 0.000000 -5.050250 -2.017815
19765 -1152183.705934 0.000000 -5.050563 -2.018128
20044 -1152183.705780 0.000000 -5.050410 -2.017974
20094 -1152183.704998 0.000000 -5.049627 -2.017192
20232 -1152184.150282 0.000000 -5.494911 -2.462476
35348 -1152183.705611 0.000000 -5.050241 -2.017805
35661 -1152183.705950 0.000000 -5.050580 -2.018145
35750 -1152183.705980 0.000000 -5.050610 -2.018174
36061 -1152183.705777 0.000000 -5.050406 -2.017971
36119 -1152183.704993 0.000000 -5.049622 -2.017187
165282 -1152184.150282 0.000000 -5.494911 -2.462476
51334 -1152183.705621 0.000000 -5.050250 -2.017815
51647 -1152183.705934 0.000000 -5.050564 -2.018129
51736 -1152183.705780 0.000000 -5.050410 -2.017974
52050 -1152183.704997 0.000000 -5.049626 -2.017191
52092 -1152184.150282 0.000000 -5.494912 -2.462476
52733 -1152183.705621 0.000000 -5.050250 -2.017815
52354 -1152183.705934 0.000000 -5.050564 -2.018129
5373 -1152183.749869 0.000000 -5.094499 -2.062063
5283 -1152183.749533 0.000000 -5.094162 -2.061727
4970 -1152183.752859 0.000000 -5.097488 -2.065053
4880 -1152183.753513 0.000000 -5.098142 -2.065707
133999 -1152183.753057 0.000000 -5.097686 -2.065251
4106 -1152183.749869 0.000000 -5.094498 -2.062063
4056 -1152183.749533 0.000000 -5.094162 -2.061727
21756 -1152183.752859 0.000000 -5.097488 -2.065053
21447 -1152183.753513 0.000000 -5.098142 -2.065707
150626 -1152183.753057 0.000000 -5.097686 -2.065251
20518 -1152183.749869 0.000000 -5.094498 -2.062063
20452 -1152183.749533 0.000000 -5.094162 -2.061727
20322 -1152183.752862 0.000000 -5.097491 -2.065056
38202 -1152183.753529 0.000000 -5.098158 -2.065723
37921 -1152183.753096 0.000000 -5.097725 -2.065290
37252 -1152183.749888 0.000000 -5.094517 -2.062082
36947 -1152183.749890 0.000000 -5.094519 -2.062084
36866 -1152183.749531 0.000000 -5.094161 -2.061725
36652 -1152183.752857 0.000000 -5.097486 -2.065051
36635 -1152183.753512 0.000000 -5.098142 -2.065707
53818 -1152183.749758 0.000000 -5.094388 -2.061952
53729 -1152183.749869 0.000000 -5.094499 -2.062064
53416 -1152183.749533 0.000000 -5.094162 -2.061727
53327 -1152183.752859 0.000000 -5.097488 -2.065053
53053 -1152183.753513 0.000000 -5.098142 -2.065707
52753 -1152183.749758 0.000000 -5.094387 -2.061952
134947 -1152183.729102 0.000000 -5.073731 -2.041296
4793 -1152183.793866 0.000000 -5.138496 -2.106060
4701 -1152183.729437 0.000000 -5.074067 -2.041632
4405 -1152183.729504 0.000000 -5.074133 -2.041698
4344 -1152183.729392 0.000000 -5.074021 -2.041586
4165 -1152183.729102 0.000000 -5.073731 -2.041296
21580 -1152183.793866 0.000000 -5.138496 -2.106060
21270 -1152183.729437 0.000000 -5.074067 -2.041632
21178 -1152183.729504 0.000000 -5.074133 -2.041698
20867 -1152183.729392 0.000000 -5.074021 -2.041586
20816 -1152183.729102 0.000000 -5.073731 -2.041296
20298 -1152183.793865 0.000000 -5.138494 -2.106059
20286 -1152183.729436 0.000000 -5.074065 -2.041630
37746 -1152183.729512 0.000000 -5.074141 -2.041706
37654 -1152183.729447 0.000000 -5.074077 -2.041642
37343 -1152183.729361 0.000000 -5.073990 -2.041555
36731 -1152183.791241 0.000000 -5.135871 -2.103436
36574 -1152183.793867 0.000000 -5.138497 -2.106061
36545 -1152183.729437 0.000000 -5.074066 -2.041631
54221 -1152183.729504 0.000000 -5.074133 -2.041698
54141 -1152183.729392 0.000000 -5.074021 -2.041586
183091 -1152183.729102 0.000000 -5.073731 -2.041296
53156 -1152183.793866 0.000000 -5.138496 -2.106061
52915 -1152183.729437 0.000000 -5.074067 -2.041632
52870 -1152183.729504 0.000000 -5.074133 -2.041698
52771 -1152183.729392 0.000000 -5.074021 -2.041586
117670 -1152184.604250 0.000000 -5.948879 -2.916444
5329 -1152184.604116 0.000000 -5.948745 -2.916310
5240 -1152184.605138 0.000000 -5.949767 -2.917332
4926 -1152184.605826 0.000000 -5.950455 -2.918020
134150 -1152184.605558 0.000000 -5.950188 -2.917753
4128 -1152184.604250 0.000000 -5.948879 -2.916444
4093 -1152184.604116 0.000000 -5.948746 -2.916310
21802 -1152184.605138 0.000000 -5.949767 -2.917332
21713 -1152184.605826 0.000000 -5.950455 -2.918020
21403 -1152184.605558 0.000000 -5.950188 -2.917753
20739 -1152184.604250 0.000000 -5.948879 -2.916444
20482 -1152184.604117 0.000000 -5.948746 -2.916311
20431 -1152184.605139 0.000000 -5.949768 -2.917333
20318 -1152184.605829 0.000000 -5.950459 -2.918023
38170 -1152184.605559 0.000000 -5.950188 -2.917753
37297 -1152184.604287 0.000000 -5.948916 -2.916481
37209 -1152184.604245 0.000000 -5.948875 -2.916439
36904 -1152184.604112 0.000000 -5.948741 -2.916306
36837 -1152184.605137 0.000000 -5.949766 -2.917331
36640 -1152184.605826 0.000000 -5.950455 -2.918020
183932 -1152184.605558 0.000000 -5.950188 -2.917752
53775 -1152184.604250 0.000000 -5.948879 -2.916444
53686 -1152184.604116 0.000000 -5.948745 -2.916310
53372 -1152184.605138 0.000000 -5.949767 -2.917332
53290 -1152184.605826 0.000000 -5.950455 -2.918020
182610 -1152184.605558 0.000000 -5.950188 -2.917753
5716 -1152184.610531 0.000000 -5.955160 -2.922725
5059 -1152184.957084 0.000000 -6.301713 -3.269278
4749 -1152184.611278 0.000000 -5.955907 -2.923472
4657 -1152184.610675 0.000000 -5.955305 -2.922870
4373 -1152184.610560 0.000000 -5.955189 -2.922754
4339 -1152184.610531 0.000000 -5.955160 -2.922725
4052 -1152184.957084 0.000000 -6.301713 -3.269278
21536 -1152184.611278 0.000000 -5.955907 -2.923472
21226 -1152184.610675 0.000000 -5.955305 -2.922869
21134 -1152184.610560 0.000000 -5.955189 -2.922754
20827 -1152184.610531 0.000000 -5.955161 -2.922725
20351 -1152184.957084 0.000000 -6.301713 -3.269278
20290 -1152184.611280 0.000000 -5.955910 -2.923475
38010 -1152184.610686 0.000000 -5.955315 -2.922880
37702 -1152184.610580 0.000000 -5.955209 -2.922774
37621 -1152184.610539 0.000000 -5.955168 -2.922733
166619 -1152184.610530 0.000000 -5.955159 -2.922724
36697 -1152184.957084 0.000000 -6.301713 -3.269278
36558 -1152184.611278 0.000000 -5.955907 -2.923472
36543 -1152184.610675 0.000000 -5.955305 -2.922869
54177 -1152184.610560 0.000000 -5.955189 -2.922754
183349 -1152184.610531 0.000000 -5.955160 -2.922725
53204 -1152184.957084 0.000000 -6.301713 -3.269278
53114 -1152184.611278 0.000000 -5.955907 -2.923472
52891 -1152184.610675 0.000000 -5.955305 -2.922870
52860 -1152184.610560 0.000000 -5.955189 -2.922754
5597 -1152184.589660 0.000000 -5.934289 -2.901854
5509 -1152184.589740 0.000000 -5.934370 -2.901934
5195 -1152184.619082 0.000000 -5.963712 -2.931277
134379 -1152184.616095 0.000000 -5.960725 -2.928289
4266 -1152184.589718 0.000000 -5.934348 -2.901912
4207 -1152184.589660 0.000000 -5.934289 -2.901854
4084 -1152184.589740 0.000000 -5.934370 -2.901934
21955 -1152184.619082 0.000000 -5.963712 -2.931277
150933 -1152184.616095 0.000000 -5.960725 -2.928290
21002 -1152184.589718 0.000000 -5.934347 -2.901912
20694 -1152184.589660 0.000000 -5.934289 -2.901854
20619 -1152184.589741 0.000000 -5.934370 -2.901935
20414 -1152184.619084 0.000000 -5.963713 -2.931278
167722 -1152184.616097 0.000000 -5.960726 -2.928291
37566 -1152184.589730 0.000000 -5.934360 -2.901925
37478 -1152184.589705 0.000000 -5.934334 -2.901899
37164 -1152184.589652 0.000000 -5.934281 -2.901846
37077 -1152184.589738 0.000000 -5.934368 -2.901933
36812 -1152184.619082 0.000000 -5.963712 -2.931276
36521 -1152184.589660 0.000000 -5.934289 -2.901854
54043 -1152184.589718 0.000000 -5.934347 -2.901912
53955 -1152184.589660 0.000000 -5.934289 -2.901854
53641 -1152184.589740 0.000000 -5.934370 -2.901934
53563 -1152184.619082 0.000000 -5.963712 -2.931276
52835 -1152184.589660 0.000000 -5.934289 -2.901854
52793 -1152184.589718 0.000000 -5.934348 -2.901912
5104 -1152184.199519 0.000000 -5.544149 -2.511714
5014 -1152184.202231 0.000000 -5.546861 -2.514426
4702 -1152184.205587 0.000000 -5.550216 -2.517781
4614 -1152184.205457 0.000000 -5.550086 -2.517651
4345 -1152184.205406 0.000000 -5.550035 -2.517600
4058 -1152184.199519 0.000000 -5.544149 -2.511714
21581 -1152184.202231 0.000000 -5.546861 -2.514426
21491 -1152184.205587 0.000000 -5.550216 -2.517781
21179 -1152184.205457 0.000000 -5.550086 -2.517651
21100 -1152184.205406 0.000000 -5.550035 -2.517600
20377 -1152184.199520 0.000000 -5.544149 -2.511714
20332 -1152184.202233 0.000000 -5.546862 -2.514427
38054 -1152184.205592 0.000000 -5.550221 -2.517786
37965 -1152184.205467 0.000000 -5.550097 -2.517662
37655 -1152184.205396 0.000000 -5.550026 -2.517591
36991 -1152184.199651 0.000000 -5.544281 -2.511845
36732 -1152184.199519 0.000000 -5.544148 -2.511713
36670 -1152184.202230 0.000000 -5.546860 -2.514424
36546 -1152184.205586 0.000000 -5.550216 -2.517781
54414 -1152184.205457 0.000000 -5.550086 -2.517651
183393 -1152184.205406 0.000000 -5.550035 -2.517600
53460 -1152184.199519 0.000000 -5.544149 -2.511714
53157 -1152184.202231 0.000000 -5.546861 -2.514425
53079 -1152184.205587 0.000000 -5.550216 -2.517781
52871 -1152184.205457 0.000000 -5.550086 -2.517651
200183 -1152184.205406 0.000000 -5.550035 -2.517600
5508 -1152184.199375 0.000000 -5.544004 -2.511569
5450 -1152184.198500 0.000000 -5.543129 -2.510694
4534 -1152184.198901 0.000000 -5.543531 -2.511096
4443 -1152184.199486 0.000000 -5.544115 -2.511680
4206 -1152184.199466 0.000000 -5.544096 -2.511661
4170 -1152184.199375 0.000000 -5.544005 -2.511569
21954 -1152184.198500 0.000000 -5.543129 -2.510694
21313 -1152184.198901 0.000000 -5.543531 -2.511096
21001 -1152184.199486 0.000000 -5.544115 -2.511680
20910 -1152184.199466 0.000000 -5.544096 -2.511661
20618 -1152184.199375 0.000000 -5.544005 -2.511570
20571 -1152184.198501 0.000000 -5.543130 -2.510695
20284 -1152184.198902 0.000000 -5.543532 -2.511096
37789 -1152184.199497 0.000000 -5.544126 -2.511691
37477 -1152184.199504 0.000000 -5.544133 -2.511698
37386 -1152184.199451 0.000000 -5.544080 -2.511645
37076 -1152184.199369 0.000000 -5.543998 -2.511563
166440 -1152184.198499 0.000000 -5.543128 -2.510693
36520 -1152184.198901 0.000000 -5.543531 -2.511095
54264 -1152184.199486 0.000000 -5.544115 -2.511680
53954 -1152184.199466 0.000000 -5.544096 -2.511661
53863 -1152184.199375 0.000000 -5.544005 -2.511569
53562 -1152184.198500 0.000000 -5.543129 -2.510694
52945 -1152184.198901 0.000000 -5.543531 -2.511096
52792 -1152184.199486 0.000000 -5.544115 -2.511680
52772 -1152184.199467 0.000000 -5.544096 -2.511661
5330 -1152184.604950 0.000000 -5.949579 -2.917144
5238 -1152184.604608 0.000000 -5.949237 -2.916802
4927 -1152184.209559 0.000000 -5.554188 -2.521753
4869 -1152184.208837 0.000000 -5.553466 -2.521031
4129 -1152184.604940 0.000000 -5.949569 -2.917134
4091 -1152184.604950 0.000000 -5.949579 -2.917144
21803 -1152184.604608 0.000000 -5.949237 -2.916802
21711 -1152184.209559 0.000000 -5.554188 -2.521753
21404 -1152184.208837 0.000000 -5.553466 -2.521031
20737 -1152184.604940 0.000000 -5.949569 -2.917134
20483 -1152184.604950 0.000000 -5.949579 -2.917144
20429 -1152184.604608 0.000000 -5.949238 -2.916802
20319 -1152184.209559 0.000000 -5.554189 -2.521753
38169 -1152184.208840 0.000000 -5.553469 -2.521034
37298 -1152184.604930 0.000000 -5.949560 -2.917125
37207 -1152184.604936 0.000000 -5.949565 -2.917130
36905 -1152184.604947 0.000000 -5.949576 -2.917141
36835 -1152184.604608 0.000000 -5.949237 -2.916802
36641 -1152184.209559 0.000000 -5.554188 -2.521753
54086 -1152184.604915 0.000000 -5.949545 -2.917109
53776 -1152184.604940 0.000000 -5.949569 -2.917134
53684 -1152184.604950 0.000000 -5.949579 -2.917144
53373 -1152184.604608 0.000000 -5.949238 -2.916802
53288 -1152184.209559 0.000000 -5.554188 -2.521753
53038 -1152184.208837 0.000000 -5.553466 -2.521031
52746 -1152184.604940 0.000000 -5.949569 -2.917134
5374 -1152184.203740 0.000000 -5.548369 -2.515934
5060 -1152184.203285 0.000000 -5.547915 -2.515479
4971 -1152184.175970 0.000000 -5.520599 -2.488164
4658 -1152184.175910 0.000000 -5.520539 -2.488104
4589 -1152184.175861 0.000000 -5.520490 -2.488055
4069 -1152184.203740 0.000000 -5.548370 -2.515934
21845 -1152184.203285 0.000000 -5.547915 -2.515479
21537 -1152184.175970 0.000000 -5.520599 -2.488164
21448 -1152184.175910 0.000000 -5.520539 -2.488104
21135 -1152184.175861 0.000000 -5.520490 -2.488055
20519 -1152184.203740 0.000000 -5.548370 -2.515934
20352 -1152184.203285 0.000000 -5.547914 -2.515479
20323 -1152184.175970 0.000000 -5.520599 -2.488164
38011 -1152184.175912 0.000000 -5.520541 -2.488106
37922 -1152184.175872 0.000000 -5.520502 -2.488066
37036 -1152184.203710 0.000000 -5.548339 -2.515904
36948 -1152184.203740 0.000000 -5.548369 -2.515934
36698 -1152184.203284 0.000000 -5.547914 -2.515478
36653 -1152184.175969 0.000000 -5.520599 -2.488164
54459 -1152184.175910 0.000000 -5.520539 -2.488104
53819 -1152184.203702 0.000000 -5.548332 -2.515897
53506 -1152184.203740 0.000000 -5.548369 -2.515934
53417 -1152184.203285 0.000000 -5.547915 -2.515480
53115 -1152184.175970 0.000000 -5.520599 -2.488164
53054 -1152184.175910 0.000000 -5.520539 -2.488104
182705 -1152184.203702 0.000000 -5.548332 -2.515897
5748 -1152184.198816 0.000000 -5.543445 -2.511010
5749 -1152184.609330 0.000000 -5.953960 -2.921525
5464 -1152184.198752 0.000000 -5.543381 -2.510946
5105 -1152184.607140 0.000000 -5.951769 -2.919334
4791 -1152184.200724 0.000000 -5.545354 -2.512918
4792 -1152184.610546 0.000000 -5.955175 -2.922740
4490 -1152184.198792 0.000000 -5.543421 -2.510986
4703 -1152184.609403 0.000000 -5.954032 -2.921597
4403 -1152184.198835 0.000000 -5.543464 -2.511029
4404 -1152184.609362 0.000000 -5.953991 -2.921556
4186 -1152184.198816 0.000000 -5.543445 -2.511010
4346 -1152184.609330 0.000000 -5.953959 -2.921524
4164 -1152184.198752 0.000000 -5.543381 -2.510946
4053 -1152184.607140 0.000000 -5.951769 -2.919334
21359 -1152184.200724 0.000000 -5.545354 -2.512918
21582 -1152184.610546 0.000000 -5.955175 -2.922740
21268 -1152184.198792 0.000000 -5.543421 -2.510986
21269 -1152184.609403 0.000000 -5.954032 -2.921597
20957 -1152184.198835 0.000000 -5.543464 -2.511029
21180 -1152184.609362 0.000000 -5.953991 -2.921556
20865 -1152184.198816 0.000000 -5.543445 -2.511010
20866 -1152184.609330 0.000000 -5.953960 -2.921524
20590 -1152184.198751 0.000000 -5.543381 -2.510945
20378 -1152184.607140 0.000000 -5.951769 -2.919334
20296 -1152184.200724 0.000000 -5.545353 -2.512918
20297 -1152184.610546 0.000000 -5.955175 -2.922740
37836 -1152184.198790 0.000000 -5.543419 -2.510984
38055 -1152184.609402 0.000000 -5.954031 -2.921596
37744 -1152184.198832 0.000000 -5.543462 -2.511027
37745 -1152184.609364 0.000000 -5.953993 -2.921558
37433 -1152184.198823 0.000000 -5.543453 -2.511017
37656 -1152184.609348 0.000000 -5.953977 -2.921542
37341 -1152184.198811 0.000000 -5.543440 -2.511005
37342 -1152184.609329 0.000000 -5.953958 -2.921523
166892 -1152184.172149 0.000000 -5.516779 -2.484344
36733 -1152184.607139 0.000000 -5.951768 -2.919333
36572 -1152184.200724 0.000000 -5.545353 -2.512918
36573 -1152184.610546 0.000000 -5.955175 -2.922740
36516 -1152184.198791 0.000000 -5.543421 -2.510986
36547 -1152184.609403 0.000000 -5.954032 -2.921597
54219 -1152184.198835 0.000000 -5.543464 -2.511029
54220 -1152184.609362 0.000000 -5.953991 -2.921556
53910 -1152184.198816 0.000000 -5.543445 -2.511010
54142 -1152184.609330 0.000000 -5.953960 -2.921524
53852 -1152184.198751 0.000000 -5.543381 -2.510945
53246 -1152184.607140 0.000000 -5.951769 -2.919334
52985 -1152184.200724 0.000000 -5.545354 -2.512918
53158 -1152184.610546 0.000000 -5.955175 -2.922740
52913 -1152184.198791 0.000000 -5.543421 -2.510986
52914 -1152184.609403 0.000000 -5.954032 -2.921597
52780 -1152184.198835 0.000000 -5.543464 -2.511029
52872 -1152184.609362 0.000000 -5.953991 -2.921556
5506 -1152184.589623 0.000000 -5.934253 -2.901818
5196 -1152184.591434 0.000000 -5.936063 -2.903628
4532 -1152184.589687 0.000000 -5.934316 -2.901881
4267 -1152184.589593 0.000000 -5.934222 -2.901787
4204 -1152184.589589 0.000000 -5.934219 -2.901783
4085 -1152184.589623 0.000000 -5.934253 -2.901818
21952 -1152184.591434 0.000000 -5.936063 -2.903628
151523 -1152184.589687 0.000000 -5.934316 -2.901881
20999 -1152184.589593 0.000000 -5.934222 -2.901787
20695 -1152184.589589 0.000000 -5.934219 -2.901784
20616 -1152184.589623 0.000000 -5.934253 -2.901817
20415 -1152184.591434 0.000000 -5.936063 -2.903628
20403 -1152184.179877 0.000000 -5.524506 -2.492071
37567 -1152184.589590 0.000000 -5.934219 -2.901784
37475 -1152184.589583 0.000000 -5.934212 -2.901777
37165 -1152184.589583 0.000000 -5.934213 -2.901777
37074 -1152184.589622 0.000000 -5.934251 -2.901816
36813 -1152184.591434 0.000000 -5.936063 -2.903628
36518 -1152184.589687 0.000000 -5.934316 -2.901881
54044 -1152184.589593 0.000000 -5.934222 -2.901787
53952 -1152184.589589 0.000000 -5.934219 -2.901784
53642 -1152184.589623 0.000000 -5.934253 -2.901818
53561 -1152184.591434 0.000000 -5.936063 -2.903628
52836 -1152184.589687 0.000000 -5.934316 -2.901881
52790 -1152184.589593 0.000000 -5.934222 -2.901787
52745 -1152184.589589 0.000000 -5.934219 -2.901784
5551 -1152183.751206 0.000000 -5.095835 -2.063400
5239 -1152183.751367 0.000000 -5.095996 -2.063561
5160 -1152183.447309 0.000000 -4.791939 -1.759503
4305 -1152183.750974 0.000000 -5.095603 -2.063168
4232 -1152183.751076 0.000000 -5.095705 -2.063270
4092 -1152183.751206 0.000000 -5.095835 -2.063400
21997 -1152183.751367 0.000000 -5.095996 -2.063561
21712 -1152183.447309 0.000000 -4.791939 -1.759504
21044 -1152183.750973 0.000000 -5.095603 -2.063168
20738 -1152183.751076 0.000000 -5.095705 -2.063270
20652 -1152183.751205 0.000000 -5.095835 -2.063400
20430 -1152183.751366 0.000000 -5.095996 -2.063560
20404 -1152183.447308 0.000000 -4.791938 -1.759502
167453 -1152183.447026 0.000000 -4.791655 -1.759220
37520 -1152183.751048 0.000000 -5.095678 -2.063243
37208 -1152183.751089 0.000000 -5.095718 -2.063283
37118 -1152183.751203 0.000000 -5.095833 -2.063398
36836 -1152183.751365 0.000000 -5.095994 -2.063559
166374 -1152183.447309 0.000000 -4.791938 -1.759503
54087 -1152183.750974 0.000000 -5.095603 -2.063168
53997 -1152183.751075 0.000000 -5.095705 -2.063270
53685 -1152183.751205 0.000000 -5.095835 -2.063400
53595 -1152183.751367 0.000000 -5.095996 -2.063561
53289 -1152183.447309 0.000000 -4.791939 -1.759504
52810 -1152183.750974 0.000000 -5.095603 -2.063168
52747 -1152183.751076 0.000000 -5.095705 -2.063270
5372 -1152183.728379 0.000000 -5.073008 -2.040573
5061 -1152183.728503 0.000000 -5.073132 -2.040697
4969 -1152183.729976 0.000000 -5.074606 -2.042171
4659 -1152183.730384 0.000000 -5.075013 -2.042578
4588 -1152183.730366 0.000000 -5.074995 -2.042560
133914 -1152183.730354 0.000000 -5.074983 -2.042548
4055 -1152183.728503 0.000000 -5.073132 -2.040697
21538 -1152183.729976 0.000000 -5.074606 -2.042170
21446 -1152183.730384 0.000000 -5.075013 -2.042578
21136 -1152183.730366 0.000000 -5.074995 -2.042560
150361 -1152183.730354 0.000000 -5.074983 -2.042548
20353 -1152183.728503 0.000000 -5.073133 -2.040698
20321 -1152183.729976 0.000000 -5.074605 -2.042170
38012 -1152183.730382 0.000000 -5.075011 -2.042576
37920 -1152183.730359 0.000000 -5.074988 -2.042553
37622 -1152183.730345 0.000000 -5.074975 -2.042540
36946 -1152183.728389 0.000000 -5.073019 -2.040583
36699 -1152183.728504 0.000000 -5.073133 -2.040698
36651 -1152183.729976 0.000000 -5.074605 -2.042170
36544 -1152183.730384 0.000000 -5.075013 -2.042578
54403 -1152183.730366 0.000000 -5.074995 -2.042560
53507 -1152183.728379 0.000000 -5.073008 -2.040573
53415 -1152183.728503 0.000000 -5.073133 -2.040697
53116 -1152183.729976 0.000000 -5.074606 -2.042171
53052 -1152183.730384 0.000000 -5.075013 -2.042578
52862 -1152183.730366 0.000000 -5.074995 -2.042560
117695 -1152183.705521 0.000000 -5.050151 -2.017716
5507 -1152183.705706 0.000000 -5.050335 -2.017900
134680 -1152183.697117 0.000000 -5.041746 -2.009311
4533 -1152183.705340 0.000000 -5.049969 -2.017534
4444 -1152183.705452 0.000000 -5.050081 -2.017646
4205 -1152183.705521 0.000000 -5.050151 -2.017716
4171 -1152183.705705 0.000000 -5.050335 -2.017900
21953 -1152183.697117 0.000000 -5.041746 -2.009311
21314 -1152183.705340 0.000000 -5.049970 -2.017534
21000 -1152183.705452 0.000000 -5.050081 -2.017646
20911 -1152183.705521 0.000000 -5.050151 -2.017715
20617 -1152183.705705 0.000000 -5.050335 -2.017899
20572 -1152183.697117 0.000000 -5.041746 -2.009311
20283 -1152183.705340 0.000000 -5.049969 -2.017534
37790 -1152183.705442 0.000000 -5.050072 -2.017637
37476 -1152183.705481 0.000000 -5.050111 -2.017675
37387 -1152183.705517 0.000000 -5.050147 -2.017711
37075 -1152183.705701 0.000000 -5.050331 -2.017895
36597 -1152183.689058 0.000000 -5.033687 -2.001252
36519 -1152183.705340 0.000000 -5.049969 -2.017534
54265 -1152183.705452 0.000000 -5.050081 -2.017646
53953 -1152183.705521 0.000000 -5.050150 -2.017715
53864 -1152183.705705 0.000000 -5.050335 -2.017900
182870 -1152183.697117 0.000000 -5.041746 -2.009311
52946 -1152183.705340 0.000000 -5.049969 -2.017534
52791 -1152183.705452 0.000000 -5.050081 -2.017646
5328 -1152183.427612 0.000000 -4.772241 -1.739806
5017 -1152183.427074 0.000000 -4.771703 -1.739268
4925 -1152183.374106 0.000000 -4.718735 -1.686300
4617 -1152183.374151 0.000000 -4.718780 -1.686345
4127 -1152183.427541 0.000000 -4.772170 -1.739735
4061 -1152183.427612 0.000000 -4.772241 -1.739806
21801 -1152183.427074 0.000000 -4.771703 -1.739268
21494 -1152183.374106 0.000000 -4.718735 -1.686300
21402 -1152183.374151 0.000000 -4.718780 -1.686345
21102 -1152183.374124 0.000000 -4.718754 -1.686319
20481 -1152183.427612 0.000000 -4.772241 -1.739806
20335 -1152183.427074 0.000000 -4.771703 -1.739268
20317 -1152183.374105 0.000000 -4.718734 -1.686299
37968 -1152183.374149 0.000000 -4.718778 -1.686343
37909 -1152183.374128 0.000000 -4.718758 -1.686323
36994 -1152183.427556 0.000000 -4.772185 -1.739750
36903 -1152183.427615 0.000000 -4.772244 -1.739809
36673 -1152183.427074 0.000000 -4.771703 -1.739268
36639 -1152183.374105 0.000000 -4.718735 -1.686300
54417 -1152183.374151 0.000000 -4.718780 -1.686345
53774 -1152183.427541 0.000000 -4.772170 -1.739735
53463 -1152183.427612 0.000000 -4.772241 -1.739806
53371 -1152183.427074 0.000000 -4.771703 -1.739268
53082 -1152183.374105 0.000000 -4.718735 -1.686300
53037 -1152183.374151 0.000000 -4.718780 -1.686345
52744 -1152183.427541 0.000000 -4.772170 -1.739735
5750 -1152183.435479 0.000000 -4.780108 -1.747673
135307 -1152184.474069 0.000000 -5.818698 -2.786263
4794 -1152183.435913 0.000000 -4.780543 -1.748107
4489 -1152183.435368 0.000000 -4.779998 -1.747562
4406 -1152183.435449 0.000000 -4.780078 -1.747643
4185 -1152183.435479 0.000000 -4.780108 -1.747673
4166 -1152183.435534 0.000000 -4.780164 -1.747728
21358 -1152183.435913 0.000000 -4.780543 -1.748108
21271 -1152183.435368 0.000000 -4.779998 -1.747562
20956 -1152183.435449 0.000000 -4.780078 -1.747643
20868 -1152183.435479 0.000000 -4.780108 -1.747673
20589 -1152183.435534 0.000000 -4.780163 -1.747728
20299 -1152183.435913 0.000000 -4.780543 -1.748108
37835 -1152183.435366 0.000000 -4.779995 -1.747560
37747 -1152183.435437 0.000000 -4.780066 -1.747631
37432 -1152183.435448 0.000000 -4.780077 -1.747642
37344 -1152183.435473 0.000000 -4.780102 -1.747667
36626 -1152184.474069 0.000000 -5.818698 -2.786263
36575 -1152183.435914 0.000000 -4.780543 -1.748108
36515 -1152183.435368 0.000000 -4.779997 -1.747562
54222 -1152183.435449 0.000000 -4.780078 -1.747643
53909 -1152183.435479 0.000000 -4.780108 -1.747673
53248 -1152184.474068 0.000000 -5.818698 -2.786263
52984 -1152183.435913 0.000000 -4.780543 -1.748107
52916 -1152183.435368 0.000000 -4.779997 -1.747562
52779 -1152183.435449 0.000000 -4.780078 -1.747643
5596 -1152183.395227 0.000000 -4.739857 -1.707422
5286 -1152183.395257 0.000000 -4.739887 -1.707452
5194 -1152183.393033 0.000000 -4.737662 -1.705227
4883 -1152183.347953 0.000000 -4.692583 -1.660148
4265 -1152183.395168 0.000000 -4.739797 -1.707362
4109 -1152183.395227 0.000000 -4.739857 -1.707422
4083 -1152183.395257 0.000000 -4.739887 -1.707452
21759 -1152183.393033 0.000000 -4.737662 -1.705227
21678 -1152183.347953 0.000000 -4.692583 -1.660147
20784 -1152183.395168 0.000000 -4.739797 -1.707362
20693 -1152183.395228 0.000000 -4.739857 -1.707422
20455 -1152183.395257 0.000000 -4.739887 -1.707451
20413 -1152183.393032 0.000000 -4.737661 -1.705226
38205 -1152183.347953 0.000000 -4.692582 -1.660147
37565 -1152183.395165 0.000000 -4.739794 -1.707359
37255 -1152183.395205 0.000000 -4.739834 -1.707399
37163 -1152183.395235 0.000000 -4.739865 -1.707429
36869 -1152183.395257 0.000000 -4.739886 -1.707451
36811 -1152183.393032 0.000000 -4.737661 -1.705226
36637 -1152183.347953 0.000000 -4.692583 -1.660147
54042 -1152183.395167 0.000000 -4.739797 -1.707362
53732 -1152183.395227 0.000000 -4.739857 -1.707421
53640 -1152183.395257 0.000000 -4.739887 -1.707452
53330 -1152183.393032 0.000000 -4.737662 -1.705227
53280 -1152183.347953 0.000000 -4.692583 -1.660148
52756 -1152183.395168 0.000000 -4.739797 -1.707362
5149 -1152183.345974 0.000000 -4.690603 -1.658168
5062 -1152183.345968 0.000000 -4.690597 -1.658162
4748 -1152183.347891 0.000000 -4.692521 -1.660085
4660 -1152183.348180 0.000000 -4.692809 -1.660374
4372 -1152183.348186 0.000000 -4.692816 -1.660381
4071 -1152183.345974 0.000000 -4.690603 -1.658168
21627 -1152183.345968 0.000000 -4.690597 -1.658162
21539 -1152183.347891 0.000000 -4.692521 -1.660085
21225 -1152183.348180 0.000000 -4.692809 -1.660374
21137 -1152183.348187 0.000000 -4.692816 -1.660381
20826 -1152183.348147 0.000000 -4.692776 -1.660341
20354 -1152183.345968 0.000000 -4.690597 -1.658162
20289 -1152183.347890 0.000000 -4.692520 -1.660085
38013 -1152183.348177 0.000000 -4.692806 -1.660371
37701 -1152183.348185 0.000000 -4.692814 -1.660379
37623 -1152183.348178 0.000000 -4.692807 -1.660372
36774 -1152183.345978 0.000000 -4.690607 -1.658172
36700 -1152183.345969 0.000000 -4.690598 -1.658163
36557 -1152183.347891 0.000000 -4.692520 -1.660085
54460 -1152183.348180 0.000000 -4.692809 -1.660374
54176 -1152183.348187 0.000000 -4.692816 -1.660381
53508 -1152183.345974 0.000000 -4.690603 -1.658168
53203 -1152183.345968 0.000000 -4.690597 -1.658162
53117 -1152183.347891 0.000000 -4.692521 -1.660085
52890 -1152183.348180 0.000000 -4.692809 -1.660374
52863 -1152183.348187 0.000000 -4.692816 -1.660381
5554 -1152183.252593 0.000000 -4.597222 -1.564787
5462 -1152183.252754 0.000000 -4.597384 -1.564948
5162 -1152183.113456 0.000000 -4.458086 -1.425650
4488 -1152183.252427 0.000000 -4.597057 -1.564622
4235 -1152183.252519 0.000000 -4.597148 -1.564713
4184 -1152183.252593 0.000000 -4.597222 -1.564787
4082 -1152183.252754 0.000000 -4.597384 -1.564948
21941 -1152183.113456 0.000000 -4.458086 -1.425650
21047 -1152183.252427 0.000000 -4.597057 -1.564622
20955 -1152183.252519 0.000000 -4.597148 -1.564713
20655 -1152183.252593 0.000000 -4.597222 -1.564787
20588 -1152183.252754 0.000000 -4.597383 -1.564948
20407 -1152183.113455 0.000000 -4.458084 -1.425649
37834 -1152183.252426 0.000000 -4.597056 -1.564621
37523 -1152183.252506 0.000000 -4.597135 -1.564700
37431 -1152183.252546 0.000000 -4.597175 -1.564740
37121 -1152183.252594 0.000000 -4.597223 -1.564788
37047 -1152183.252752 0.000000 -4.597381 -1.564946
36532 -1152183.251059 0.000000 -4.595688 -1.563253
36514 -1152183.252428 0.000000 -4.597057 -1.564622
54000 -1152183.252519 0.000000 -4.597148 -1.564713
53908 -1152183.252593 0.000000 -4.597222 -1.564787
53598 -1152183.252754 0.000000 -4.597384 -1.564948
52983 -1152183.251057 0.000000 -4.595687 -1.563252
52813 -1152183.252427 0.000000 -4.597056 -1.564621
52778 -1152183.252519 0.000000 -4.597148 -1.564713
5418 -1152183.210326 0.000000 -4.554955 -1.522520
5331 -1152183.210412 0.000000 -4.555041 -1.522606
5016 -1152183.208527 0.000000 -4.553156 -1.520721
4928 -1152183.192325 0.000000 -4.536954 -1.504519
4616 -1152183.192324 0.000000 -4.536953 -1.504518
4130 -1152183.210326 0.000000 -4.554955 -1.522520
4060 -1152183.210412 0.000000 -4.555041 -1.522606
21804 -1152183.208527 0.000000 -4.553156 -1.520721
21493 -1152183.192325 0.000000 -4.536954 -1.504519
21405 -1152183.192324 0.000000 -4.536954 -1.504518
20560 -1152183.210326 0.000000 -4.554955 -1.522520
20484 -1152183.210412 0.000000 -4.555041 -1.522606
20334 -1152183.208526 0.000000 -4.553156 -1.520720
38247 -1152183.192323 0.000000 -4.536952 -1.504517
37967 -1152183.192321 0.000000 -4.536950 -1.504515
37299 -1152183.210315 0.000000 -4.554944 -1.522509
36993 -1152183.210338 0.000000 -4.554967 -1.522532
36906 -1152183.210415 0.000000 -4.555044 -1.522609
36672 -1152183.208527 0.000000 -4.553156 -1.520721
36642 -1152183.192325 0.000000 -4.536954 -1.504519
184260 -1152183.210296 0.000000 -4.554925 -1.522490
53777 -1152183.210326 0.000000 -4.554955 -1.522520
53462 -1152183.210412 0.000000 -4.555041 -1.522606
53374 -1152183.208527 0.000000 -4.553156 -1.520721
53081 -1152183.192325 0.000000 -4.536954 -1.504519
53039 -1152183.192324 0.000000 -4.536954 -1.504519
5715 -1152183.211413 0.000000 -4.556043 -1.523607
4838 -1152183.195978 0.000000 -4.540607 -1.508172
4747 -1152183.211330 0.000000 -4.555959 -1.523524
4447 -1152183.211313 0.000000 -4.555943 -1.523508
4371 -1152183.211382 0.000000 -4.556011 -1.523576
4174 -1152183.211413 0.000000 -4.556043 -1.523607
21626 -1152183.195978 0.000000 -4.540607 -1.508172
21317 -1152183.211330 0.000000 -4.555959 -1.523524
21224 -1152183.211313 0.000000 -4.555942 -1.523507
20914 -1152183.211382 0.000000 -4.556011 -1.523576
20825 -1152183.211413 0.000000 -4.556042 -1.523607
20574 -1152183.211230 0.000000 -4.555860 -1.523425
20288 -1152183.211330 0.000000 -4.555959 -1.523524
37793 -1152183.211308 0.000000 -4.555938 -1.523502
37700 -1152183.211365 0.000000 -4.555994 -1.523559
37390 -1152183.211385 0.000000 -4.556015 -1.523579
37330 -1152183.211409 0.000000 -4.556039 -1.523604
36600 -1152183.195980 0.000000 -4.540609 -1.508174
36556 -1152183.211330 0.000000 -4.555959 -1.523524
54268 -1152183.211313 0.000000 -4.555942 -1.523507
54175 -1152183.211382 0.000000 -4.556011 -1.523576
53867 -1152183.211413 0.000000 -4.556043 -1.523607
53202 -1152183.195978 0.000000 -4.540607 -1.508172
52949 -1152183.211330 0.000000 -4.555959 -1.523524
52889 -1152183.211313 0.000000 -4.555943 -1.523507
52776 -1152183.211382 0.000000 -4.556011 -1.523576
5598 -1152183.054485 0.000000 -4.399114 -1.366679
5285 -1152183.054595 0.000000 -4.399224 -1.366789
5197 -1152182.926246 0.000000 -4.270875 -1.238440
134726 -1152183.054292 0.000000 -4.398921 -1.366486
4268 -1152183.054415 0.000000 -4.399044 -1.366609
4108 -1152183.054485 0.000000 -4.399114 -1.366679
4086 -1152183.054595 0.000000 -4.399224 -1.366789
21758 -1152182.926246 0.000000 -4.270876 -1.238440
21680 -1152182.927922 0.000000 -4.272552 -1.240117
20783 -1152183.054415 0.000000 -4.399044 -1.366609
20696 -1152183.054485 0.000000 -4.399114 -1.366679
20454 -1152183.054595 0.000000 -4.399224 -1.366789
20416 -1152182.926246 0.000000 -4.270875 -1.238440
38204 -1152182.927921 0.000000 -4.272550 -1.240115
37568 -1152183.054420 0.000000 -4.399049 -1.366614
37254 -1152183.054453 0.000000 -4.399082 -1.366647
37166 -1152183.054492 0.000000 -4.399121 -1.366686
36868 -1152183.054594 0.000000 -4.399224 -1.366788
36814 -1152182.926245 0.000000 -4.270875 -1.238440
36513 -1152183.054292 0.000000 -4.398921 -1.366486
54045 -1152183.054415 0.000000 -4.399044 -1.366609
53731 -1152183.054485 0.000000 -4.399114 -1.366679
53643 -1152183.054595 0.000000 -4.399224 -1.366789
53329 -1152182.926246 0.000000 -4.270876 -1.238440
52837 -1152183.054291 0.000000 -4.398921 -1.366486
52755 -1152183.054415 0.000000 -4.399044 -1.366609
117781 -1152183.004954 0.000000 -4.349583 -1.317148
5108 -1152182.998739 0.000000 -4.343369 -1.310933
5015 -1152183.003225 0.000000 -4.347854 -1.315419
4706 -1152183.004622 0.000000 -4.349252 -1.316816
4615 -1152183.004932 0.000000 -4.349561 -1.317126
4349 -1152183.004954 0.000000 -4.349584 -1.317148
4059 -1152182.998739 0.000000 -4.343368 -1.310933
21585 -1152183.003225 0.000000 -4.347854 -1.315419
21492 -1152183.004622 0.000000 -4.349251 -1.316816
21183 -1152183.004932 0.000000 -4.349561 -1.317126
21101 -1152183.004954 0.000000 -4.349583 -1.317148
20380 -1152182.998739 0.000000 -4.343369 -1.310934
20333 -1152183.003225 0.000000 -4.347855 -1.315419
20287 -1152183.004622 0.000000 -4.349251 -1.316816
37966 -1152183.004925 0.000000 -4.349554 -1.317119
37659 -1152183.004933 0.000000 -4.349562 -1.317127
36992 -1152182.998766 0.000000 -4.343395 -1.310960
36736 -1152182.998745 0.000000 -4.343375 -1.310940
36671 -1152183.003225 0.000000 -4.347855 -1.315420
36550 -1152183.004622 0.000000 -4.349251 -1.316816
54415 -1152183.004932 0.000000 -4.349561 -1.317126
183988 -1152182.998749 0.000000 -4.343378 -1.310943
53461 -1152182.998739 0.000000 -4.343369 -1.310933
53161 -1152183.003225 0.000000 -4.347854 -1.315419
53080 -1152183.004622 0.000000 -4.349252 -1.316816
52875 -1152183.004932 0.000000 -4.349561 -1.317126
5553 -1152182.994901 0.000000 -4.339530 -1.307095
5465 -1152182.996070 0.000000 -4.340700 -1.308265
4577 -1152182.993867 0.000000 -4.338497 -1.306062
4491 -1152182.994669 0.000000 -4.339298 -1.306863
4234 -1152182.994785 0.000000 -4.339415 -1.306980
4187 -1152182.994901 0.000000 -4.339530 -1.307095
21999 -1152182.996070 0.000000 -4.340700 -1.308265
21360 -1152182.993867 0.000000 -4.338497 -1.306062
21046 -1152182.994669 0.000000 -4.339298 -1.306863
20958 -1152182.994785 0.000000 -4.339415 -1.306979
20654 -1152182.994901 0.000000 -4.339530 -1.307095
20591 -1152182.996070 0.000000 -4.340699 -1.308264
150250 -1152182.993869 0.000000 -4.338498 -1.306063
37837 -1152182.994670 0.000000 -4.339299 -1.306864
37522 -1152182.994771 0.000000 -4.339400 -1.306965
37434 -1152182.994806 0.000000 -4.339435 -1.307000
37120 -1152182.994898 0.000000 -4.339528 -1.307092
37049 -1152182.996067 0.000000 -4.340697 -1.308262
36531 -1152182.993868 0.000000 -4.338498 -1.306063
54309 -1152182.994669 0.000000 -4.339298 -1.306863
53999 -1152182.994785 0.000000 -4.339415 -1.306979
53911 -1152182.994901 0.000000 -4.339530 -1.307095
53597 -1152182.996070 0.000000 -4.340700 -1.308265
52986 -1152182.993867 0.000000 -4.338497 -1.306062
52812 -1152182.994668 0.000000 -4.339298 -1.306863
52781 -1152182.994785 0.000000 -4.339415 -1.306980
5377 -1152183.256277 0.000000 -4.600906 -1.568471
5284 -1152183.256394 0.000000 -4.601024 -1.568588
4974 -1152183.203308 0.000000 -4.547937 -1.515502
4881 -1152183.201486 0.000000 -4.546115 -1.513680
134435 -1152183.256300 0.000000 -4.600929 -1.568494
4107 -1152183.256277 0.000000 -4.600906 -1.568471
4057 -1152183.256394 0.000000 -4.601024 -1.568588
21757 -1152183.203308 0.000000 -4.547937 -1.515502
21451 -1152183.201486 0.000000 -4.546115 -1.513680
21391 -1152183.201358 0.000000 -4.545987 -1.513552
20522 -1152183.256277 0.000000 -4.600906 -1.568471
20453 -1152183.256395 0.000000 -4.601024 -1.568589
20326 -1152183.203309 0.000000 -4.547938 -1.515503
38203 -1152183.201483 0.000000 -4.546112 -1.513677
37925 -1152183.201341 0.000000 -4.545970 -1.513535
37253 -1152183.256318 0.000000 -4.600948 -1.568513
36951 -1152183.256270 0.000000 -4.600899 -1.568464
36867 -1152183.256390 0.000000 -4.601019 -1.568584
36656 -1152183.203307 0.000000 -4.547937 -1.515501
36636 -1152183.201485 0.000000 -4.546115 -1.513680
53821 -1152183.256300 0.000000 -4.600929 -1.568494
53730 -1152183.256277 0.000000 -4.600906 -1.568471
53420 -1152183.256394 0.000000 -4.601024 -1.568588
53328 -1152183.203308 0.000000 -4.547937 -1.515502
53057 -1152183.201486 0.000000 -4.546115 -1.513680
52754 -1152183.256300 0.000000 -4.600930 -1.568494
5717 -1152183.250144 0.000000 -4.594774 -1.562339
4837 -1152183.253106 0.000000 -4.597736 -1.565301
4750 -1152183.249941 0.000000 -4.594570 -1.562135
4446 -1152183.249991 0.000000 -4.594621 -1.562185
4374 -1152183.249965 0.000000 -4.594594 -1.562159
4173 -1152183.250144 0.000000 -4.594774 -1.562339
21628 -1152183.253107 0.000000 -4.597736 -1.565301
21316 -1152183.249941 0.000000 -4.594570 -1.562135
21227 -1152183.249991 0.000000 -4.594621 -1.562186
20913 -1152183.249965 0.000000 -4.594594 -1.562159
20828 -1152183.250144 0.000000 -4.594774 -1.562339
20312 -1152183.253107 0.000000 -4.597737 -1.565302
20291 -1152183.249943 0.000000 -4.594573 -1.562138
37792 -1152183.249991 0.000000 -4.594621 -1.562186
37703 -1152183.249932 0.000000 -4.594561 -1.562126
37389 -1152183.249946 0.000000 -4.594576 -1.562141
36776 -1152183.252882 0.000000 -4.597511 -1.565076
36599 -1152183.253105 0.000000 -4.597735 -1.565299
36559 -1152183.249940 0.000000 -4.594570 -1.562135
54267 -1152183.249991 0.000000 -4.594621 -1.562185
54178 -1152183.249965 0.000000 -4.594594 -1.562159
183710 -1152183.252881 0.000000 -4.597510 -1.565075
53205 -1152183.253106 0.000000 -4.597736 -1.565301
52948 -1152183.249941 0.000000 -4.594570 -1.562135
52892 -1152183.249991 0.000000 -4.594621 -1.562185
52775 -1152183.249965 0.000000 -4.594594 -1.562159
5552 -1152184.613061 0.000000 -5.957690 -2.925255
5243 -1152184.613231 0.000000 -5.957861 -2.925425
5161 -1152184.005937 0.000000 -5.350567 -2.318132
4308 -1152184.613045 0.000000 -5.957675 -2.925240
4233 -1152184.613061 0.000000 -5.957690 -2.925255
4096 -1152184.613060 0.000000 -5.957690 -2.925255
21998 -1152184.613231 0.000000 -5.957861 -2.925425
21716 -1152184.005938 0.000000 -5.350567 -2.318132
21045 -1152184.613045 0.000000 -5.957675 -2.925240
20742 -1152184.613061 0.000000 -5.957690 -2.925255
20653 -1152184.613060 0.000000 -5.957690 -2.925255
20434 -1152184.613231 0.000000 -5.957861 -2.925425
20405 -1152184.005938 0.000000 -5.350567 -2.318132
168016 -1152184.613045 0.000000 -5.957675 -2.925239
37521 -1152184.613061 0.000000 -5.957690 -2.925255
37212 -1152184.613059 0.000000 -5.957688 -2.925253
37119 -1152184.613058 0.000000 -5.957687 -2.925252
36840 -1152184.613230 0.000000 -5.957860 -2.925425
36807 -1152184.005937 0.000000 -5.350567 -2.318131
54091 -1152184.613045 0.000000 -5.957675 -2.925239
53998 -1152184.613061 0.000000 -5.957690 -2.925255
53689 -1152184.613061 0.000000 -5.957690 -2.925255
53596 -1152184.613231 0.000000 -5.957860 -2.925425
53293 -1152184.005937 0.000000 -5.350567 -2.318132
52811 -1152184.613045 0.000000 -5.957675 -2.925239
52751 -1152184.613061 0.000000 -5.957690 -2.925255
5419 -1152184.559785 0.000000 -5.904414 -2.871979
5107 -1152184.559794 0.000000 -5.904423 -2.871988
5018 -1152184.559315 0.000000 -5.903945 -2.871509
4705 -1152184.561168 0.000000 -5.905798 -2.873362
4618 -1152184.561123 0.000000 -5.905752 -2.873317
134192 -1152184.559785 0.000000 -5.904414 -2.871979
4062 -1152184.559794 0.000000 -5.904423 -2.871988
21584 -1152184.559315 0.000000 -5.903945 -2.871509
21495 -1152184.561168 0.000000 -5.905798 -2.873362
21182 -1152184.561123 0.000000 -5.905752 -2.873317
21103 -1152184.561120 0.000000 -5.905750 -2.873314
20379 -1152184.559794 0.000000 -5.904423 -2.871988
20336 -1152184.559315 0.000000 -5.903945 -2.871509
38057 -1152184.561168 0.000000 -5.905798 -2.873362
37969 -1152184.561121 0.000000 -5.905750 -2.873315
37658 -1152184.561109 0.000000 -5.905738 -2.873303
36995 -1152184.559786 0.000000 -5.904416 -2.871980
36735 -1152184.559793 0.000000 -5.904422 -2.871987
36674 -1152184.559315 0.000000 -5.903944 -2.871509
36549 -1152184.561168 0.000000 -5.905797 -2.873362
54418 -1152184.561123 0.000000 -5.905752 -2.873317
53550 -1152184.559785 0.000000 -5.904414 -2.871979
53464 -1152184.559794 0.000000 -5.904423 -2.871988
53160 -1152184.559315 0.000000 -5.903945 -2.871509
53083 -1152184.561168 0.000000 -5.905797 -2.873362
52874 -1152184.561123 0.000000 -5.905752 -2.873317
5512 -1152184.577127 0.000000 -5.921756 -2.889321
5451 -1152184.576241 0.000000 -5.920870 -2.888435
4538 -1152184.577074 0.000000 -5.921703 -2.889268
4445 -1152184.577110 0.000000 -5.921740 -2.889305
4210 -1152184.577102 0.000000 -5.921731 -2.889296
4172 -1152184.577127 0.000000 -5.921756 -2.889321
21958 -1152184.576240 0.000000 -5.920870 -2.888435
21315 -1152184.577074 0.000000 -5.921703 -2.889268
21005 -1152184.577110 0.000000 -5.921740 -2.889305
20912 -1152184.577102 0.000000 -5.921731 -2.889296
20622 -1152184.577127 0.000000 -5.921756 -2.889321
20573 -1152184.576240 0.000000 -5.920870 -2.888435
20285 -1152184.577075 0.000000 -5.921704 -2.889269
37791 -1152184.577111 0.000000 -5.921740 -2.889305
37481 -1152184.577100 0.000000 -5.921729 -2.889294
37388 -1152184.577094 0.000000 -5.921723 -2.889288
37080 -1152184.577125 0.000000 -5.921754 -2.889319
36598 -1152183.055998 0.000000 -4.400628 -1.368192
36524 -1152184.577074 0.000000 -5.921703 -2.889268
54266 -1152184.577110 0.000000 -5.921739 -2.889304
53958 -1152184.577102 0.000000 -5.921731 -2.889296
53865 -1152184.577127 0.000000 -5.921756 -2.889321
183409 -1152183.056000 0.000000 -4.400629 -1.368194
52947 -1152184.577074 0.000000 -5.921704 -2.889268
52796 -1152184.577110 0.000000 -5.921740 -2.889305
52774 -1152184.577102 0.000000 -5.921731 -2.889296
