#ID      EIGB 	      EIPGB 	   GBbin        GBseg
2449 -1153647.039886 0.000000 -3.544120 -0.511255
2748 -1153647.039885 0.000000 -3.544120 -0.511254
2819 -1153647.039886 0.000000 -3.544121 -0.511255
3707 -1153647.039885 0.000000 -3.544120 -0.511254
3794 -1153647.039886 0.000000 -3.544121 -0.511255
3981 -1153647.039885 0.000000 -3.544120 -0.511254
4006 -1153647.039886 0.000000 -3.544121 -0.511255
18749 -1153647.039886 0.000000 -3.544121 -0.511255
19408 -1153647.039885 0.000000 -3.544120 -0.511254
19717 -1153647.039886 0.000000 -3.544121 -0.511255
19809 -1153647.039886 0.000000 -3.544120 -0.511255
20069 -1153647.039886 0.000000 -3.544121 -0.511255
20106 -1153647.039886 0.000000 -3.544121 -0.511255
35302 -1153647.039886 0.000000 -3.544120 -0.511255
35392 -1153647.039886 0.000000 -3.544121 -0.511255
35702 -1153647.039886 0.000000 -3.544121 -0.511255
35794 -1153647.039886 0.000000 -3.544121 -0.511255
36094 -1153647.039885 0.000000 -3.544120 -0.511255
166331 -1153647.039886 0.000000 -3.544121 -0.511255
35169 -1153647.039886 0.000000 -3.544121 -0.511255
51378 -1153647.039886 0.000000 -3.544120 -0.511255
51688 -1153647.039886 0.000000 -3.544121 -0.511255
51780 -1153647.039886 0.000000 -3.544121 -0.511255
182422 -1153647.039886 0.000000 -3.544121 -0.511255
52638 -1153647.039885 0.000000 -3.544120 -0.511254
52742 -1153647.039885 0.000000 -3.544120 -0.511254
2884 -1153647.297165 0.000000 -3.801400 -0.768534
3199 -1153647.297165 0.000000 -3.801400 -0.768534
3287 -1153647.297165 0.000000 -3.801399 -0.768534
3597 -1153647.297165 0.000000 -3.801399 -0.768534
3657 -1153647.297165 0.000000 -3.801399 -0.768534
133044 -1153647.297164 0.000000 -3.801399 -0.768533
18871 -1153647.297165 0.000000 -3.801400 -0.768534
19185 -1153647.297164 0.000000 -3.801399 -0.768533
19273 -1153647.297165 0.000000 -3.801400 -0.768534
19587 -1153647.297165 0.000000 -3.801400 -0.768534
19631 -1153647.297165 0.000000 -3.801400 -0.768534
20267 -1153647.297165 0.000000 -3.801400 -0.768534
20093 -1153647.297164 0.000000 -3.801399 -0.768534
35168 -1153647.297165 0.000000 -3.801400 -0.768534
35256 -1153647.297165 0.000000 -3.801399 -0.768534
35560 -1153647.297164 0.000000 -3.801399 -0.768533
36213 -1153647.297165 0.000000 -3.801399 -0.768534
36418 -1153647.297164 0.000000 -3.801399 -0.768533
36453 -1153647.297165 0.000000 -3.801400 -0.768534
51165 -1153647.297165 0.000000 -3.801400 -0.768534
51232 -1153647.297165 0.000000 -3.801399 -0.768534
52136 -1153647.297165 0.000000 -3.801400 -0.768534
52224 -1153647.297165 0.000000 -3.801400 -0.768534
52501 -1153647.297165 0.000000 -3.801400 -0.768534
52552 -1153647.297164 0.000000 -3.801399 -0.768533
52699 -1153647.297165 0.000000 -3.801399 -0.768534
2615 -1153647.253739 0.000000 -3.757974 -0.725108
2706 -1153647.253738 0.000000 -3.757973 -0.725108
3017 -1153647.253739 0.000000 -3.757974 -0.725108
3098 -1153647.253738 0.000000 -3.757973 -0.725107
3901 -1153647.253739 0.000000 -3.757973 -0.725108
3963 -1153647.253739 0.000000 -3.757974 -0.725108
4047 -1153647.253739 0.000000 -3.757974 -0.725108
18707 -1153647.253739 0.000000 -3.757974 -0.725108
19004 -1153647.253739 0.000000 -3.757974 -0.725108
19675 -1153647.253739 0.000000 -3.757974 -0.725108
19963 -1153647.253738 0.000000 -3.757973 -0.725107
20043 -1153647.253739 0.000000 -3.757973 -0.725108
20215 -1153647.253739 0.000000 -3.757974 -0.725108
34747 -1153647.253739 0.000000 -3.757974 -0.725108
165427 -1153647.253739 0.000000 -3.757973 -0.725108
35660 -1153647.253739 0.000000 -3.757973 -0.725108
35969 -1153647.253739 0.000000 -3.757974 -0.725108
36060 -1153647.253739 0.000000 -3.757974 -0.725108
36306 -1153647.253739 0.000000 -3.757974 -0.725108
36332 -1153647.253739 0.000000 -3.757973 -0.725108
51555 -1153647.253739 0.000000 -3.757973 -0.725108
51646 -1153647.253739 0.000000 -3.757974 -0.725108
51957 -1153647.253738 0.000000 -3.757973 -0.725107
52049 -1153647.253739 0.000000 -3.757974 -0.725108
52339 -1153647.253739 0.000000 -3.757974 -0.725108
52732 -1153647.253739 0.000000 -3.757974 -0.725108
2493 -1153646.880376 0.000000 -3.384610 -0.351745
2538 -1153646.880376 0.000000 -3.384610 -0.351745
3464 -1153646.880376 0.000000 -3.384610 -0.351745
3552 -1153646.880376 0.000000 -3.384610 -0.351745
3827 -1153646.880375 0.000000 -3.384610 -0.351744
3873 -1153646.880375 0.000000 -3.384610 -0.351744
4008 -1153646.880376 0.000000 -3.384610 -0.351745
19139 -1153646.880376 0.000000 -3.384610 -0.351745
19453 -1153646.880375 0.000000 -3.384610 -0.351744
19541 -1153646.880376 0.000000 -3.384610 -0.351745
19850 -1153646.880375 0.000000 -3.384610 -0.351744
19898 -1153646.880375 0.000000 -3.384610 -0.351744
19040 -1153646.880376 0.000000 -3.384610 -0.351745
35122 -1153646.880376 0.000000 -3.384610 -0.351745
35437 -1153646.880375 0.000000 -3.384610 -0.351744
35525 -1153646.880376 0.000000 -3.384610 -0.351745
35839 -1153646.880376 0.000000 -3.384610 -0.351745
166232 -1153646.880376 0.000000 -3.384610 -0.351745
36504 -1153646.880376 0.000000 -3.384610 -0.351745
36326 -1153646.880375 0.000000 -3.384610 -0.351744
51423 -1153646.880376 0.000000 -3.384610 -0.351745
51500 -1153646.880376 0.000000 -3.384610 -0.351745
182221 -1153646.880375 0.000000 -3.384610 -0.351744
52463 -1153646.880375 0.000000 -3.384610 -0.351744
52663 -1153646.880376 0.000000 -3.384610 -0.351745
52693 -1153646.880375 0.000000 -3.384610 -0.351744
2883 -1153646.870240 0.000000 -3.374475 -0.341609
2975 -1153646.870240 0.000000 -3.374475 -0.341609
3286 -1153646.870240 0.000000 -3.374475 -0.341609
3378 -1153646.870240 0.000000 -3.374475 -0.341609
133859 -1153646.870240 0.000000 -3.374475 -0.341609
4046 -1153646.870240 0.000000 -3.374475 -0.341609
18870 -1153646.870240 0.000000 -3.374474 -0.341609
18962 -1153646.870240 0.000000 -3.374475 -0.341609
19272 -1153646.870240 0.000000 -3.374475 -0.341609
19342 -1153646.870240 0.000000 -3.374475 -0.341609
20146 -1153646.870240 0.000000 -3.374474 -0.341609
20201 -1153646.870240 0.000000 -3.374474 -0.341609
20202 -1153646.870240 0.000000 -3.374475 -0.341609
34958 -1153646.870240 0.000000 -3.374475 -0.341609
35255 -1153646.870240 0.000000 -3.374474 -0.341609
35927 -1153646.870239 0.000000 -3.374474 -0.341608
36212 -1153646.870240 0.000000 -3.374475 -0.341609
36284 -1153646.870240 0.000000 -3.374475 -0.341609
36452 -1153646.870240 0.000000 -3.374474 -0.341609
50989 -1153646.870240 0.000000 -3.374475 -0.341609
51825 -1153646.870239 0.000000 -3.374474 -0.341609
51915 -1153646.870240 0.000000 -3.374475 -0.341609
52223 -1153646.870240 0.000000 -3.374475 -0.341609
52309 -1153646.870240 0.000000 -3.374475 -0.341609
52551 -1153646.870240 0.000000 -3.374475 -0.341609
51333 -1153646.870240 0.000000 -3.374475 -0.341609
2448 -1153646.895445 0.000000 -3.399680 -0.366814
2751 -1153646.895445 0.000000 -3.399680 -0.366815
2818 -1153646.895446 0.000000 -3.399681 -0.366815
3709 -1153646.895446 0.000000 -3.399681 -0.366815
3793 -1153646.895445 0.000000 -3.399680 -0.366814
3984 -1153646.895446 0.000000 -3.399680 -0.366815
4005 -1153646.895446 0.000000 -3.399681 -0.366815
18752 -1153646.895446 0.000000 -3.399680 -0.366815
149251 -1153646.895446 0.000000 -3.399680 -0.366815
19720 -1153646.895446 0.000000 -3.399681 -0.366815
19808 -1153646.895445 0.000000 -3.399680 -0.366814
20072 -1153646.895446 0.000000 -3.399680 -0.366815
20105 -1153646.895446 0.000000 -3.399680 -0.366815
165147 -1153646.895446 0.000000 -3.399681 -0.366815
35391 -1153646.895446 0.000000 -3.399680 -0.366815
35705 -1153646.895446 0.000000 -3.399681 -0.366815
35793 -1153646.895446 0.000000 -3.399681 -0.366815
36097 -1153646.895446 0.000000 -3.399681 -0.366815
36126 -1153646.895445 0.000000 -3.399680 -0.366815
34959 -1153646.895446 0.000000 -3.399681 -0.366815
51377 -1153646.895446 0.000000 -3.399681 -0.366815
51691 -1153646.895445 0.000000 -3.399680 -0.366814
51779 -1153646.895446 0.000000 -3.399681 -0.366815
52082 -1153646.895446 0.000000 -3.399680 -0.366815
52637 -1153646.895445 0.000000 -3.399680 -0.366814
52681 -1153646.895446 0.000000 -3.399680 -0.366815
2301 -1153646.883153 0.000000 -3.387388 -0.354522
3153 -1153646.883153 0.000000 -3.387388 -0.354522
3245 -1153646.883153 0.000000 -3.387388 -0.354522
3551 -1153646.883153 0.000000 -3.387388 -0.354522
3636 -1153646.883153 0.000000 -3.387388 -0.354522
3872 -1153646.883152 0.000000 -3.387387 -0.354521
2494 -1153646.883153 0.000000 -3.387388 -0.354522
19138 -1153646.883153 0.000000 -3.387387 -0.354522
19231 -1153646.883153 0.000000 -3.387387 -0.354522
19540 -1153646.883153 0.000000 -3.387388 -0.354522
19621 -1153646.883152 0.000000 -3.387387 -0.354521
20246 -1153646.883153 0.000000 -3.387388 -0.354522
20282 -1153646.883153 0.000000 -3.387388 -0.354522
35121 -1153646.883153 0.000000 -3.387388 -0.354522
35214 -1153646.883152 0.000000 -3.387387 -0.354521
35524 -1153646.883152 0.000000 -3.387387 -0.354521
166015 -1153646.883153 0.000000 -3.387388 -0.354522
36387 -1153646.883153 0.000000 -3.387388 -0.354522
36441 -1153646.883153 0.000000 -3.387388 -0.354522
36354 -1153646.883152 0.000000 -3.387387 -0.354521
51211 -1153646.883153 0.000000 -3.387388 -0.354522
181947 -1153646.883153 0.000000 -3.387387 -0.354522
52182 -1153646.883153 0.000000 -3.387388 -0.354522
52462 -1153646.883153 0.000000 -3.387388 -0.354522
52532 -1153646.883153 0.000000 -3.387388 -0.354522
52692 -1153646.883152 0.000000 -3.387387 -0.354521
2705 -1153646.900077 0.000000 -3.404311 -0.371446
3020 -1153646.900077 0.000000 -3.404311 -0.371446
3097 -1153646.900077 0.000000 -3.404311 -0.371446
133746 -1153646.900077 0.000000 -3.404311 -0.371446
3962 -1153646.900077 0.000000 -3.404311 -0.371446
3881 -1153646.900077 0.000000 -3.404311 -0.371446
18706 -1153646.900077 0.000000 -3.404311 -0.371446
19007 -1153646.900077 0.000000 -3.404311 -0.371446
19052 -1153646.900077 0.000000 -3.404311 -0.371446
19966 -1153646.900077 0.000000 -3.404311 -0.371446
20042 -1153646.900077 0.000000 -3.404311 -0.371446
20218 -1153646.900077 0.000000 -3.404311 -0.371446
20231 -1153646.900077 0.000000 -3.404311 -0.371446
34992 -1153646.900076 0.000000 -3.404311 -0.371445
35659 -1153646.900077 0.000000 -3.404311 -0.371446
35972 -1153646.900077 0.000000 -3.404311 -0.371446
36059 -1153646.900077 0.000000 -3.404311 -0.371446
36309 -1153646.900077 0.000000 -3.404311 -0.371446
36331 -1153646.900076 0.000000 -3.404311 -0.371445
51557 -1153646.900076 0.000000 -3.404311 -0.371446
51645 -1153646.900077 0.000000 -3.404311 -0.371446
51960 -1153646.900077 0.000000 -3.404311 -0.371446
52048 -1153646.900077 0.000000 -3.404311 -0.371446
52342 -1153646.900077 0.000000 -3.404311 -0.371446
52731 -1153646.900077 0.000000 -3.404311 -0.371446
51166 -1153646.900077 0.000000 -3.404311 -0.371446
2447 -1153647.182436 0.000000 -3.686670 -0.653805
2527 -1153647.182436 0.000000 -3.686670 -0.653805
3419 -1153647.182436 0.000000 -3.686670 -0.653805
3510 -1153647.182435 0.000000 -3.686670 -0.653804
3792 -1153647.182436 0.000000 -3.686670 -0.653805
3855 -1153647.182436 0.000000 -3.686670 -0.653805
4004 -1153647.182436 0.000000 -3.686670 -0.653805
148941 -1153647.182435 0.000000 -3.686670 -0.653804
19406 -1153647.182435 0.000000 -3.686670 -0.653804
19499 -1153647.182435 0.000000 -3.686670 -0.653804
19807 -1153647.182436 0.000000 -3.686670 -0.653805
19886 -1153647.182435 0.000000 -3.686670 -0.653804
149432 -1153647.182436 0.000000 -3.686670 -0.653805
35080 -1153647.182435 0.000000 -3.686670 -0.653804
35390 -1153647.182436 0.000000 -3.686670 -0.653805
35483 -1153647.182435 0.000000 -3.686670 -0.653804
35792 -1153647.182436 0.000000 -3.686670 -0.653805
35861 -1153647.182435 0.000000 -3.686670 -0.653804
36486 -1153647.182435 0.000000 -3.686670 -0.653804
36462 -1153647.182435 0.000000 -3.686670 -0.653805
51376 -1153647.182436 0.000000 -3.686670 -0.653805
51469 -1153647.182436 0.000000 -3.686670 -0.653805
51778 -1153647.182436 0.000000 -3.686670 -0.653805
52422 -1153647.182435 0.000000 -3.686670 -0.653804
52636 -1153647.182436 0.000000 -3.686670 -0.653805
52683 -1153647.182435 0.000000 -3.686670 -0.653805
2886 -1153647.127261 0.000000 -3.631496 -0.598630
2974 -1153647.127262 0.000000 -3.631496 -0.598631
3289 -1153647.127262 0.000000 -3.631496 -0.598631
3377 -1153647.127262 0.000000 -3.631496 -0.598631
3659 -1153647.127262 0.000000 -3.631496 -0.598631
4045 -1153647.127262 0.000000 -3.631496 -0.598631
18873 -1153647.127261 0.000000 -3.631496 -0.598631
18961 -1153647.127261 0.000000 -3.631496 -0.598631
19275 -1153647.127262 0.000000 -3.631496 -0.598631
19341 -1153647.127262 0.000000 -3.631496 -0.598631
20148 -1153647.127261 0.000000 -3.631496 -0.598630
20200 -1153647.127261 0.000000 -3.631496 -0.598630
19922 -1153647.127261 0.000000 -3.631496 -0.598630
34957 -1153647.127261 0.000000 -3.631496 -0.598631
35258 -1153647.127262 0.000000 -3.631496 -0.598631
165770 -1153647.127261 0.000000 -3.631496 -0.598631
36215 -1153647.127261 0.000000 -3.631496 -0.598630
36283 -1153647.127261 0.000000 -3.631496 -0.598631
36455 -1153647.127261 0.000000 -3.631496 -0.598630
50988 -1153647.127262 0.000000 -3.631496 -0.598631
181670 -1153647.127262 0.000000 -3.631496 -0.598631
51914 -1153647.127262 0.000000 -3.631496 -0.598631
52226 -1153647.127262 0.000000 -3.631496 -0.598631
52308 -1153647.127262 0.000000 -3.631496 -0.598631
52554 -1153647.127261 0.000000 -3.631496 -0.598630
52567 -1153647.127262 0.000000 -3.631497 -0.598631
2704 -1153647.151090 0.000000 -3.655325 -0.622459
2797 -1153647.151090 0.000000 -3.655325 -0.622459
133520 -1153647.151090 0.000000 -3.655325 -0.622459
3755 -1153647.151090 0.000000 -3.655325 -0.622459
3961 -1153647.151090 0.000000 -3.655325 -0.622459
3999 -1153647.151090 0.000000 -3.655325 -0.622459
18705 -1153647.151090 0.000000 -3.655325 -0.622459
18775 -1153647.151090 0.000000 -3.655325 -0.622459
19674 -1153647.151090 0.000000 -3.655325 -0.622459
19766 -1153647.151090 0.000000 -3.655325 -0.622459
20041 -1153647.151090 0.000000 -3.655325 -0.622459
20095 -1153647.151090 0.000000 -3.655325 -0.622459
20230 -1153647.151090 0.000000 -3.655325 -0.622459
35349 -1153647.151090 0.000000 -3.655325 -0.622459
35658 -1153647.151090 0.000000 -3.655325 -0.622459
35751 -1153647.151090 0.000000 -3.655325 -0.622459
36058 -1153647.151090 0.000000 -3.655325 -0.622459
36120 -1153647.151090 0.000000 -3.655325 -0.622459
35481 -1153647.151090 0.000000 -3.655325 -0.622459
51335 -1153647.151090 0.000000 -3.655325 -0.622459
51644 -1153647.151090 0.000000 -3.655325 -0.622459
51737 -1153647.151090 0.000000 -3.655325 -0.622459
52047 -1153647.151090 0.000000 -3.655325 -0.622459
182451 -1153647.151090 0.000000 -3.655325 -0.622459
52730 -1153647.151090 0.000000 -3.655325 -0.622459
52310 -1153647.151090 0.000000 -3.655325 -0.622459
2300 -1153647.379346 0.000000 -3.883581 -0.850715
3155 -1153647.379346 0.000000 -3.883581 -0.850715
3244 -1153647.379346 0.000000 -3.883581 -0.850715
3554 -1153647.379346 0.000000 -3.883581 -0.850715
3635 -1153647.379346 0.000000 -3.883581 -0.850715
3875 -1153647.379346 0.000000 -3.883581 -0.850715
132505 -1153647.379346 0.000000 -3.883581 -0.850715
19141 -1153647.379346 0.000000 -3.883581 -0.850715
19230 -1153647.379346 0.000000 -3.883581 -0.850715
19543 -1153647.379346 0.000000 -3.883581 -0.850715
19620 -1153647.379346 0.000000 -3.883581 -0.850715
150091 -1153647.379346 0.000000 -3.883581 -0.850715
20281 -1153647.379346 0.000000 -3.883580 -0.850715
35124 -1153647.379346 0.000000 -3.883581 -0.850715
35213 -1153647.379346 0.000000 -3.883581 -0.850715
35527 -1153647.379345 0.000000 -3.883580 -0.850714
35572 -1153647.379346 0.000000 -3.883580 -0.850715
36390 -1153647.379346 0.000000 -3.883580 -0.850715
36440 -1153647.379346 0.000000 -3.883581 -0.850715
36285 -1153647.379346 0.000000 -3.883581 -0.850715
51210 -1153647.379346 0.000000 -3.883581 -0.850715
51502 -1153647.379346 0.000000 -3.883581 -0.850715
52181 -1153647.379346 0.000000 -3.883581 -0.850715
52465 -1153647.379346 0.000000 -3.883580 -0.850715
52531 -1153647.379346 0.000000 -3.883581 -0.850715
52695 -1153647.379346 0.000000 -3.883581 -0.850715
2662 -1153647.562522 0.000000 -4.066757 -1.033891
2973 -1153647.562523 0.000000 -4.066757 -1.033892
3065 -1153647.562523 0.000000 -4.066758 -1.033892
3376 -1153647.562523 0.000000 -4.066758 -1.033892
3936 -1153647.562523 0.000000 -4.066758 -1.033892
4044 -1153647.562523 0.000000 -4.066758 -1.033892
18663 -1153647.562523 0.000000 -4.066757 -1.033892
18960 -1153647.562523 0.000000 -4.066758 -1.033892
19041 -1153647.562523 0.000000 -4.066757 -1.033892
19921 -1153647.562523 0.000000 -4.066758 -1.033892
20008 -1153647.562523 0.000000 -4.066758 -1.033892
20199 -1153647.562523 0.000000 -4.066757 -1.033892
20228 -1153647.562522 0.000000 -4.066757 -1.033891
34956 -1153647.562523 0.000000 -4.066757 -1.033892
165460 -1153647.562523 0.000000 -4.066757 -1.033892
35925 -1153647.562523 0.000000 -4.066757 -1.033892
36017 -1153647.562523 0.000000 -4.066757 -1.033892
36282 -1153647.562523 0.000000 -4.066758 -1.033892
36327 -1153647.562523 0.000000 -4.066758 -1.033892
181368 -1153647.562523 0.000000 -4.066758 -1.033892
51602 -1153647.562523 0.000000 -4.066758 -1.033892
51913 -1153647.562523 0.000000 -4.066758 -1.033892
52005 -1153647.562523 0.000000 -4.066757 -1.033892
52307 -1153647.562523 0.000000 -4.066757 -1.033892
52355 -1153647.562523 0.000000 -4.066758 -1.033892
51424 -1153647.562523 0.000000 -4.066758 -1.033892
2526 -1153647.540755 0.000000 -4.044989 -1.012124
133264 -1153647.540755 0.000000 -4.044989 -1.012124
3509 -1153647.540755 0.000000 -4.044989 -1.012124
3795 -1153647.540755 0.000000 -4.044990 -1.012124
3854 -1153647.540755 0.000000 -4.044989 -1.012124
4007 -1153647.540755 0.000000 -4.044990 -1.012124
18533 -1153647.540755 0.000000 -4.044989 -1.012124
19409 -1153647.540755 0.000000 -4.044989 -1.012124
19498 -1153647.540755 0.000000 -4.044990 -1.012124
19810 -1153647.540755 0.000000 -4.044989 -1.012124
19885 -1153647.540755 0.000000 -4.044990 -1.012124
20107 -1153647.540755 0.000000 -4.044989 -1.012124
18522 -1153647.540755 0.000000 -4.044989 -1.012124
35393 -1153647.540755 0.000000 -4.044989 -1.012124
35482 -1153647.540755 0.000000 -4.044989 -1.012124
35795 -1153647.540755 0.000000 -4.044989 -1.012124
35860 -1153647.540755 0.000000 -4.044989 -1.012124
36488 -1153647.540755 0.000000 -4.044990 -1.012124
36470 -1153647.540755 0.000000 -4.044990 -1.012124
51379 -1153647.540755 0.000000 -4.044989 -1.012124
51468 -1153647.540755 0.000000 -4.044990 -1.012124
51781 -1153647.540755 0.000000 -4.044989 -1.012124
52421 -1153647.540755 0.000000 -4.044989 -1.012124
52639 -1153647.540755 0.000000 -4.044989 -1.012124
52682 -1153647.540755 0.000000 -4.044990 -1.012124
52137 -1153647.540755 0.000000 -4.044989 -1.012124
2842 -1153647.510824 0.000000 -4.015059 -0.982193
2931 -1153647.510824 0.000000 -4.015059 -0.982193
3243 -1153647.510823 0.000000 -4.015058 -0.982192
3334 -1153647.510824 0.000000 -4.015059 -0.982193
3634 -1153647.510824 0.000000 -4.015059 -0.982193
4031 -1153647.510824 0.000000 -4.015059 -0.982193
2795 -1153647.510824 0.000000 -4.015059 -0.982193
18918 -1153647.510824 0.000000 -4.015059 -0.982193
19229 -1153647.510824 0.000000 -4.015059 -0.982193
19320 -1153647.510824 0.000000 -4.015059 -0.982193
149964 -1153647.510824 0.000000 -4.015059 -0.982193
20178 -1153647.510824 0.000000 -4.015059 -0.982193
20280 -1153647.510824 0.000000 -4.015059 -0.982193
34914 -1153647.510824 0.000000 -4.015059 -0.982193
35212 -1153647.510824 0.000000 -4.015059 -0.982193
35281 -1153647.510824 0.000000 -4.015059 -0.982193
36170 -1153647.510824 0.000000 -4.015059 -0.982193
36253 -1153647.510824 0.000000 -4.015059 -0.982193
36439 -1153647.510824 0.000000 -4.015059 -0.982193
36461 -1153647.510824 0.000000 -4.015059 -0.982193
51209 -1153647.510824 0.000000 -4.015059 -0.982193
51871 -1153647.510824 0.000000 -4.015059 -0.982193
52180 -1153647.510824 0.000000 -4.015059 -0.982193
52270 -1153647.510824 0.000000 -4.015059 -0.982193
52530 -1153647.510824 0.000000 -4.015059 -0.982193
52565 -1153647.510824 0.000000 -4.015059 -0.982193
2707 -1153647.517705 0.000000 -4.021940 -0.989074
2796 -1153647.517705 0.000000 -4.021940 -0.989074
3099 -1153647.517705 0.000000 -4.021940 -0.989074
3754 -1153647.517705 0.000000 -4.021940 -0.989074
3964 -1153647.517705 0.000000 -4.021940 -0.989074
3998 -1153647.517705 0.000000 -4.021940 -0.989074
18708 -1153647.517705 0.000000 -4.021940 -0.989074
18774 -1153647.517705 0.000000 -4.021940 -0.989074
19676 -1153647.517705 0.000000 -4.021940 -0.989074
19765 -1153647.517705 0.000000 -4.021940 -0.989074
20044 -1153647.517705 0.000000 -4.021940 -0.989074
20094 -1153647.517705 0.000000 -4.021940 -0.989074
20232 -1153647.517705 0.000000 -4.021940 -0.989074
35348 -1153647.517705 0.000000 -4.021940 -0.989074
35661 -1153647.517705 0.000000 -4.021940 -0.989074
35750 -1153647.517705 0.000000 -4.021940 -0.989074
36061 -1153647.517705 0.000000 -4.021940 -0.989074
36119 -1153647.517705 0.000000 -4.021940 -0.989074
165282 -1153647.517705 0.000000 -4.021940 -0.989074
51334 -1153647.517705 0.000000 -4.021940 -0.989074
51647 -1153647.517705 0.000000 -4.021940 -0.989074
51736 -1153647.517704 0.000000 -4.021939 -0.989073
52050 -1153647.517705 0.000000 -4.021940 -0.989074
52092 -1153647.517705 0.000000 -4.021940 -0.989074
52733 -1153647.517705 0.000000 -4.021940 -0.989074
52354 -1153647.517705 0.000000 -4.021940 -0.989074
5373 -1153646.993117 0.000000 -3.497352 -0.464486
5283 -1153646.993117 0.000000 -3.497352 -0.464486
4970 -1153646.993117 0.000000 -3.497352 -0.464486
4880 -1153646.993117 0.000000 -3.497352 -0.464486
133999 -1153646.993117 0.000000 -3.497352 -0.464486
4106 -1153646.993117 0.000000 -3.497352 -0.464486
4056 -1153646.993117 0.000000 -3.497352 -0.464486
21756 -1153646.993117 0.000000 -3.497352 -0.464486
21447 -1153646.993117 0.000000 -3.497352 -0.464486
150626 -1153646.993116 0.000000 -3.497351 -0.464486
20518 -1153646.993116 0.000000 -3.497351 -0.464485
20452 -1153646.993117 0.000000 -3.497352 -0.464486
20322 -1153646.993117 0.000000 -3.497352 -0.464486
38202 -1153646.993117 0.000000 -3.497352 -0.464486
37921 -1153646.993117 0.000000 -3.497352 -0.464486
37252 -1153646.993117 0.000000 -3.497352 -0.464486
36947 -1153646.993117 0.000000 -3.497352 -0.464486
36866 -1153646.993117 0.000000 -3.497352 -0.464486
36652 -1153646.993117 0.000000 -3.497352 -0.464486
36635 -1153646.993117 0.000000 -3.497352 -0.464486
53818 -1153646.993117 0.000000 -3.497352 -0.464486
53729 -1153646.993117 0.000000 -3.497352 -0.464486
53416 -1153646.993117 0.000000 -3.497352 -0.464486
53327 -1153646.993117 0.000000 -3.497351 -0.464486
53053 -1153646.993117 0.000000 -3.497351 -0.464486
52753 -1153646.993117 0.000000 -3.497352 -0.464486
134947 -1153647.145391 0.000000 -3.649626 -0.616760
4793 -1153647.145391 0.000000 -3.649626 -0.616760
4701 -1153647.145391 0.000000 -3.649626 -0.616760
4405 -1153647.145391 0.000000 -3.649626 -0.616760
4344 -1153647.145391 0.000000 -3.649626 -0.616760
4165 -1153647.145391 0.000000 -3.649626 -0.616760
21580 -1153647.145391 0.000000 -3.649626 -0.616760
21270 -1153647.145391 0.000000 -3.649626 -0.616760
21178 -1153647.145391 0.000000 -3.649626 -0.616760
20867 -1153647.145391 0.000000 -3.649626 -0.616760
20816 -1153647.145391 0.000000 -3.649626 -0.616760
20298 -1153647.145391 0.000000 -3.649626 -0.616760
20286 -1153647.145391 0.000000 -3.649626 -0.616760
37746 -1153647.145391 0.000000 -3.649626 -0.616760
37654 -1153647.145391 0.000000 -3.649626 -0.616760
37343 -1153647.145391 0.000000 -3.649626 -0.616760
36731 -1153647.145391 0.000000 -3.649626 -0.616760
36574 -1153647.145391 0.000000 -3.649626 -0.616760
36545 -1153647.145391 0.000000 -3.649626 -0.616760
54221 -1153647.145391 0.000000 -3.649626 -0.616760
54141 -1153647.145391 0.000000 -3.649626 -0.616760
183091 -1153647.145391 0.000000 -3.649626 -0.616760
53156 -1153647.145391 0.000000 -3.649626 -0.616760
52915 -1153647.145391 0.000000 -3.649626 -0.616760
52870 -1153647.145391 0.000000 -3.649626 -0.616760
52771 -1153647.145391 0.000000 -3.649626 -0.616760
117670 -1153648.139182 0.000000 -4.643417 -1.610551
5329 -1153648.139182 0.000000 -4.643417 -1.610551
5240 -1153648.139182 0.000000 -4.643417 -1.610551
4926 -1153648.139182 0.000000 -4.643417 -1.610551
134150 -1153648.139182 0.000000 -4.643417 -1.610551
4128 -1153648.139182 0.000000 -4.643417 -1.610551
4093 -1153648.139182 0.000000 -4.643417 -1.610551
21802 -1153648.139182 0.000000 -4.643417 -1.610551
21713 -1153648.139182 0.000000 -4.643417 -1.610551
21403 -1153648.139182 0.000000 -4.643417 -1.610551
20739 -1153648.139182 0.000000 -4.643417 -1.610551
20482 -1153648.139182 0.000000 -4.643417 -1.610551
20431 -1153648.139182 0.000000 -4.643417 -1.610551
20318 -1153648.139182 0.000000 -4.643417 -1.610551
38170 -1153648.139182 0.000000 -4.643417 -1.610551
37297 -1153648.139182 0.000000 -4.643417 -1.610551
37209 -1153648.139182 0.000000 -4.643417 -1.610551
36904 -1153648.139182 0.000000 -4.643417 -1.610551
36837 -1153648.139182 0.000000 -4.643417 -1.610551
36640 -1153648.139182 0.000000 -4.643417 -1.610551
183932 -1153648.139182 0.000000 -4.643417 -1.610551
53775 -1153648.139182 0.000000 -4.643417 -1.610551
53686 -1153648.139182 0.000000 -4.643417 -1.610551
53372 -1153648.139182 0.000000 -4.643417 -1.610551
53290 -1153648.139182 0.000000 -4.643417 -1.610551
182610 -1153648.139182 0.000000 -4.643417 -1.610551
5716 -1153648.069262 0.000000 -4.573497 -1.540631
5059 -1153648.069262 0.000000 -4.573497 -1.540631
4749 -1153648.069262 0.000000 -4.573497 -1.540631
4657 -1153648.069262 0.000000 -4.573497 -1.540631
4373 -1153648.069262 0.000000 -4.573497 -1.540631
4339 -1153648.069262 0.000000 -4.573497 -1.540631
4052 -1153648.069262 0.000000 -4.573497 -1.540631
21536 -1153648.069262 0.000000 -4.573497 -1.540631
21226 -1153648.069262 0.000000 -4.573497 -1.540631
21134 -1153648.069262 0.000000 -4.573497 -1.540631
20827 -1153648.069262 0.000000 -4.573497 -1.540631
20351 -1153648.069262 0.000000 -4.573497 -1.540631
20290 -1153648.069262 0.000000 -4.573497 -1.540631
38010 -1153648.069262 0.000000 -4.573497 -1.540631
37702 -1153648.069262 0.000000 -4.573497 -1.540631
37621 -1153648.069262 0.000000 -4.573497 -1.540631
166619 -1153648.069262 0.000000 -4.573497 -1.540631
36697 -1153648.069262 0.000000 -4.573497 -1.540631
36558 -1153648.069262 0.000000 -4.573497 -1.540631
36543 -1153648.069262 0.000000 -4.573497 -1.540631
54177 -1153648.069262 0.000000 -4.573497 -1.540631
183349 -1153648.069262 0.000000 -4.573496 -1.540631
53204 -1153648.069262 0.000000 -4.573497 -1.540631
53114 -1153648.069262 0.000000 -4.573497 -1.540631
52891 -1153648.069262 0.000000 -4.573497 -1.540631
52860 -1153648.069262 0.000000 -4.573497 -1.540631
5597 -1153647.563949 0.000000 -4.068184 -1.035318
5509 -1153647.563949 0.000000 -4.068184 -1.035318
5195 -1153647.563949 0.000000 -4.068184 -1.035318
134379 -1153647.563949 0.000000 -4.068184 -1.035318
4266 -1153647.563949 0.000000 -4.068184 -1.035318
4207 -1153647.563949 0.000000 -4.068184 -1.035318
4084 -1153647.563949 0.000000 -4.068184 -1.035318
21955 -1153647.563949 0.000000 -4.068184 -1.035318
150933 -1153647.563949 0.000000 -4.068184 -1.035318
21002 -1153647.563949 0.000000 -4.068184 -1.035318
20694 -1153647.563949 0.000000 -4.068184 -1.035318
20619 -1153647.563949 0.000000 -4.068184 -1.035318
20414 -1153647.563949 0.000000 -4.068184 -1.035318
167722 -1153647.563949 0.000000 -4.068184 -1.035318
37566 -1153647.563949 0.000000 -4.068184 -1.035318
37478 -1153647.563949 0.000000 -4.068184 -1.035318
37164 -1153647.563949 0.000000 -4.068184 -1.035318
37077 -1153647.563949 0.000000 -4.068184 -1.035318
36812 -1153647.563949 0.000000 -4.068184 -1.035318
36521 -1153647.563949 0.000000 -4.068184 -1.035318
54043 -1153647.563949 0.000000 -4.068184 -1.035318
53955 -1153647.563949 0.000000 -4.068184 -1.035318
53641 -1153647.563949 0.000000 -4.068184 -1.035318
53563 -1153647.563949 0.000000 -4.068184 -1.035318
52835 -1153647.563949 0.000000 -4.068184 -1.035318
52793 -1153647.563949 0.000000 -4.068184 -1.035318
5104 -1153647.139225 0.000000 -3.643460 -0.610594
5014 -1153647.139225 0.000000 -3.643460 -0.610594
4702 -1153647.139225 0.000000 -3.643460 -0.610594
4614 -1153647.139225 0.000000 -3.643460 -0.610594
4345 -1153647.139225 0.000000 -3.643460 -0.610594
4058 -1153647.139225 0.000000 -3.643460 -0.610594
21581 -1153647.139225 0.000000 -3.643460 -0.610594
21491 -1153647.139225 0.000000 -3.643459 -0.610594
21179 -1153647.139225 0.000000 -3.643460 -0.610594
21100 -1153647.139225 0.000000 -3.643460 -0.610594
20377 -1153647.139225 0.000000 -3.643460 -0.610594
20332 -1153647.139225 0.000000 -3.643460 -0.610594
38054 -1153647.139225 0.000000 -3.643460 -0.610594
37965 -1153647.139225 0.000000 -3.643460 -0.610594
37655 -1153647.139225 0.000000 -3.643460 -0.610594
36991 -1153647.139225 0.000000 -3.643460 -0.610594
36732 -1153647.139225 0.000000 -3.643460 -0.610594
36670 -1153647.139225 0.000000 -3.643460 -0.610594
36546 -1153647.139225 0.000000 -3.643460 -0.610594
54414 -1153647.139225 0.000000 -3.643460 -0.610594
183393 -1153647.139225 0.000000 -3.643460 -0.610594
53460 -1153647.139225 0.000000 -3.643460 -0.610594
53157 -1153647.139225 0.000000 -3.643460 -0.610594
53079 -1153647.139225 0.000000 -3.643460 -0.610594
52871 -1153647.139225 0.000000 -3.643460 -0.610594
200183 -1153647.139225 0.000000 -3.643460 -0.610594
5508 -1153647.277694 0.000000 -3.781929 -0.749063
5450 -1153647.277694 0.000000 -3.781929 -0.749063
4534 -1153647.277694 0.000000 -3.781929 -0.749063
4443 -1153647.277694 0.000000 -3.781929 -0.749063
4206 -1153647.277694 0.000000 -3.781929 -0.749063
4170 -1153647.277694 0.000000 -3.781929 -0.749063
21954 -1153647.277694 0.000000 -3.781929 -0.749063
21313 -1153647.277694 0.000000 -3.781929 -0.749063
21001 -1153647.277694 0.000000 -3.781929 -0.749063
20910 -1153647.277694 0.000000 -3.781929 -0.749063
20618 -1153647.277694 0.000000 -3.781929 -0.749063
20571 -1153647.277694 0.000000 -3.781929 -0.749063
20284 -1153647.277694 0.000000 -3.781929 -0.749063
37789 -1153647.277694 0.000000 -3.781929 -0.749063
37477 -1153647.277694 0.000000 -3.781929 -0.749063
37386 -1153647.277694 0.000000 -3.781929 -0.749063
37076 -1153647.277694 0.000000 -3.781929 -0.749063
166440 -1153647.277694 0.000000 -3.781929 -0.749063
36520 -1153647.277694 0.000000 -3.781929 -0.749063
54264 -1153647.277694 0.000000 -3.781929 -0.749063
53954 -1153647.277694 0.000000 -3.781929 -0.749063
53863 -1153647.277694 0.000000 -3.781929 -0.749063
53562 -1153647.277694 0.000000 -3.781929 -0.749063
52945 -1153647.277694 0.000000 -3.781929 -0.749063
52792 -1153647.277694 0.000000 -3.781929 -0.749063
52772 -1153647.277694 0.000000 -3.781929 -0.749063
5330 -1153647.912443 0.000000 -4.416677 -1.383812
5238 -1153647.912442 0.000000 -4.416677 -1.383811
4927 -1153647.912443 0.000000 -4.416677 -1.383812
4869 -1153647.912442 0.000000 -4.416677 -1.383811
4129 -1153647.912443 0.000000 -4.416677 -1.383812
4091 -1153647.912442 0.000000 -4.416677 -1.383811
21803 -1153647.912442 0.000000 -4.416677 -1.383812
21711 -1153647.912443 0.000000 -4.416678 -1.383812
21404 -1153647.912442 0.000000 -4.416677 -1.383812
20737 -1153647.912442 0.000000 -4.416677 -1.383811
20483 -1153647.912443 0.000000 -4.416677 -1.383812
20429 -1153647.912442 0.000000 -4.416677 -1.383811
20319 -1153647.912443 0.000000 -4.416677 -1.383812
38169 -1153647.912442 0.000000 -4.416677 -1.383811
37298 -1153647.912442 0.000000 -4.416677 -1.383811
37207 -1153647.912443 0.000000 -4.416677 -1.383812
36905 -1153647.912443 0.000000 -4.416677 -1.383812
36835 -1153647.912443 0.000000 -4.416678 -1.383812
36641 -1153647.912443 0.000000 -4.416678 -1.383812
54086 -1153647.912442 0.000000 -4.416677 -1.383811
53776 -1153647.912442 0.000000 -4.416677 -1.383811
53684 -1153647.912443 0.000000 -4.416678 -1.383812
53373 -1153647.912443 0.000000 -4.416677 -1.383812
53288 -1153647.912442 0.000000 -4.416677 -1.383811
53038 -1153647.912443 0.000000 -4.416678 -1.383812
52746 -1153647.912442 0.000000 -4.416677 -1.383811
5374 -1153647.326994 0.000000 -3.831229 -0.798363
5060 -1153647.326995 0.000000 -3.831229 -0.798364
4971 -1153647.326995 0.000000 -3.831229 -0.798364
4658 -1153647.326995 0.000000 -3.831229 -0.798364
4589 -1153647.326994 0.000000 -3.831229 -0.798364
4069 -1153647.326994 0.000000 -3.831229 -0.798363
21845 -1153647.326995 0.000000 -3.831229 -0.798364
21537 -1153647.326994 0.000000 -3.831229 -0.798363
21448 -1153647.326994 0.000000 -3.831229 -0.798363
21135 -1153647.326994 0.000000 -3.831229 -0.798363
20519 -1153647.326994 0.000000 -3.831229 -0.798363
20352 -1153647.326995 0.000000 -3.831229 -0.798364
20323 -1153647.326995 0.000000 -3.831229 -0.798364
38011 -1153647.326994 0.000000 -3.831229 -0.798363
37922 -1153647.326994 0.000000 -3.831229 -0.798363
37036 -1153647.326995 0.000000 -3.831229 -0.798364
36948 -1153647.326995 0.000000 -3.831229 -0.798364
36698 -1153647.326994 0.000000 -3.831229 -0.798364
36653 -1153647.326994 0.000000 -3.831229 -0.798363
54459 -1153647.326995 0.000000 -3.831230 -0.798364
53819 -1153647.326994 0.000000 -3.831229 -0.798363
53506 -1153647.326995 0.000000 -3.831229 -0.798364
53417 -1153647.326994 0.000000 -3.831229 -0.798363
53115 -1153647.326994 0.000000 -3.831229 -0.798363
53054 -1153647.326995 0.000000 -3.831229 -0.798364
182705 -1153647.326994 0.000000 -3.831229 -0.798363
5748 -1153647.331055 0.000000 -3.835290 -0.802424
5749 -1153647.880212 0.000000 -4.384447 -1.351581
5464 -1153647.331055 0.000000 -3.835290 -0.802424
5105 -1153647.880213 0.000000 -4.384447 -1.351582
4791 -1153647.331055 0.000000 -3.835290 -0.802424
4792 -1153647.880212 0.000000 -4.384447 -1.351582
4490 -1153647.331055 0.000000 -3.835289 -0.802424
4703 -1153647.880212 0.000000 -4.384447 -1.351581
4403 -1153647.331055 0.000000 -3.835290 -0.802424
4404 -1153647.880213 0.000000 -4.384447 -1.351582
4186 -1153647.331055 0.000000 -3.835290 -0.802424
4346 -1153647.880212 0.000000 -4.384447 -1.351581
4164 -1153647.331055 0.000000 -3.835289 -0.802424
4053 -1153647.880212 0.000000 -4.384447 -1.351581
21359 -1153647.331055 0.000000 -3.835289 -0.802424
21582 -1153647.880213 0.000000 -4.384447 -1.351582
21268 -1153647.331055 0.000000 -3.835290 -0.802424
21269 -1153647.880212 0.000000 -4.384447 -1.351581
20957 -1153647.331055 0.000000 -3.835290 -0.802424
21180 -1153647.880213 0.000000 -4.384447 -1.351582
20865 -1153647.331055 0.000000 -3.835290 -0.802424
20866 -1153647.880213 0.000000 -4.384447 -1.351582
20590 -1153647.331055 0.000000 -3.835290 -0.802424
20378 -1153647.880212 0.000000 -4.384447 -1.351582
20296 -1153647.331055 0.000000 -3.835290 -0.802424
20297 -1153647.880213 0.000000 -4.384447 -1.351582
37836 -1153647.331055 0.000000 -3.835290 -0.802424
38055 -1153647.880213 0.000000 -4.384447 -1.351582
37744 -1153647.331055 0.000000 -3.835290 -0.802424
37745 -1153647.880213 0.000000 -4.384448 -1.351582
37433 -1153647.331055 0.000000 -3.835290 -0.802424
37656 -1153647.880212 0.000000 -4.384447 -1.351581
37341 -1153647.331055 0.000000 -3.835290 -0.802424
37342 -1153647.880213 0.000000 -4.384447 -1.351582
166892 -1153647.331055 0.000000 -3.835290 -0.802424
36733 -1153647.880213 0.000000 -4.384447 -1.351582
36572 -1153647.331055 0.000000 -3.835290 -0.802424
36573 -1153647.880213 0.000000 -4.384447 -1.351582
36516 -1153647.331055 0.000000 -3.835290 -0.802424
36547 -1153647.880213 0.000000 -4.384447 -1.351582
54219 -1153647.331055 0.000000 -3.835290 -0.802424
54220 -1153647.880213 0.000000 -4.384448 -1.351582
53910 -1153647.331055 0.000000 -3.835290 -0.802424
54142 -1153647.880213 0.000000 -4.384447 -1.351582
53852 -1153647.331055 0.000000 -3.835290 -0.802424
53246 -1153647.880212 0.000000 -4.384447 -1.351581
52985 -1153647.331055 0.000000 -3.835290 -0.802424
53158 -1153647.880212 0.000000 -4.384447 -1.351581
52913 -1153647.331055 0.000000 -3.835289 -0.802424
52914 -1153647.880213 0.000000 -4.384447 -1.351582
52780 -1153647.331055 0.000000 -3.835290 -0.802424
52872 -1153647.880213 0.000000 -4.384447 -1.351582
5506 -1153647.856046 0.000000 -4.360280 -1.327415
5196 -1153647.856046 0.000000 -4.360281 -1.327415
4532 -1153647.856046 0.000000 -4.360281 -1.327415
4267 -1153647.856046 0.000000 -4.360280 -1.327415
4204 -1153647.856046 0.000000 -4.360281 -1.327415
4085 -1153647.856046 0.000000 -4.360280 -1.327415
21952 -1153647.856046 0.000000 -4.360281 -1.327415
151523 -1153647.856046 0.000000 -4.360281 -1.327415
20999 -1153647.856046 0.000000 -4.360281 -1.327415
20695 -1153647.856046 0.000000 -4.360281 -1.327415
20616 -1153647.856046 0.000000 -4.360281 -1.327415
20415 -1153647.856046 0.000000 -4.360281 -1.327415
20403 -1153647.856046 0.000000 -4.360281 -1.327415
37567 -1153647.856046 0.000000 -4.360281 -1.327415
37475 -1153647.856046 0.000000 -4.360281 -1.327415
37165 -1153647.856046 0.000000 -4.360281 -1.327415
37074 -1153647.856046 0.000000 -4.360281 -1.327415
36813 -1153647.856045 0.000000 -4.360280 -1.327414
36518 -1153647.856046 0.000000 -4.360280 -1.327415
54044 -1153647.856046 0.000000 -4.360280 -1.327415
53952 -1153647.856046 0.000000 -4.360281 -1.327415
53642 -1153647.856046 0.000000 -4.360281 -1.327415
53561 -1153647.856046 0.000000 -4.360281 -1.327415
52836 -1153647.856046 0.000000 -4.360281 -1.327415
52790 -1153647.856046 0.000000 -4.360281 -1.327415
52745 -1153647.856046 0.000000 -4.360281 -1.327415
5551 -1153647.293549 0.000000 -3.797783 -0.764918
5239 -1153647.293549 0.000000 -3.797784 -0.764918
5160 -1153647.293549 0.000000 -3.797784 -0.764918
4305 -1153647.293549 0.000000 -3.797784 -0.764918
4232 -1153647.293549 0.000000 -3.797784 -0.764918
4092 -1153647.293549 0.000000 -3.797784 -0.764918
21997 -1153647.293549 0.000000 -3.797784 -0.764918
21712 -1153647.293549 0.000000 -3.797783 -0.764918
21044 -1153647.293549 0.000000 -3.797784 -0.764918
20738 -1153647.293549 0.000000 -3.797784 -0.764918
20652 -1153647.293549 0.000000 -3.797783 -0.764918
20430 -1153647.293549 0.000000 -3.797784 -0.764918
20404 -1153647.293549 0.000000 -3.797784 -0.764918
167453 -1153647.293549 0.000000 -3.797784 -0.764918
37520 -1153647.293549 0.000000 -3.797784 -0.764918
37208 -1153647.293549 0.000000 -3.797784 -0.764918
37118 -1153647.293549 0.000000 -3.797783 -0.764918
36836 -1153647.293549 0.000000 -3.797783 -0.764918
166374 -1153647.293549 0.000000 -3.797784 -0.764918
54087 -1153647.293549 0.000000 -3.797784 -0.764918
53997 -1153647.293549 0.000000 -3.797784 -0.764918
53685 -1153647.293549 0.000000 -3.797784 -0.764918
53595 -1153647.293549 0.000000 -3.797784 -0.764918
53289 -1153647.293549 0.000000 -3.797784 -0.764918
52810 -1153647.293549 0.000000 -3.797784 -0.764918
52747 -1153647.293549 0.000000 -3.797784 -0.764918
5372 -1153647.344784 0.000000 -3.849018 -0.816153
5061 -1153647.344784 0.000000 -3.849019 -0.816153
4969 -1153647.344784 0.000000 -3.849018 -0.816153
4659 -1153647.344784 0.000000 -3.849018 -0.816153
4588 -1153647.344784 0.000000 -3.849019 -0.816153
133914 -1153647.344784 0.000000 -3.849018 -0.816153
4055 -1153647.344784 0.000000 -3.849019 -0.816153
21538 -1153647.344784 0.000000 -3.849018 -0.816153
21446 -1153647.344784 0.000000 -3.849018 -0.816153
21136 -1153647.344784 0.000000 -3.849018 -0.816153
150361 -1153647.344784 0.000000 -3.849019 -0.816153
20353 -1153647.344784 0.000000 -3.849019 -0.816153
20321 -1153647.344784 0.000000 -3.849018 -0.816153
38012 -1153647.344784 0.000000 -3.849019 -0.816153
37920 -1153647.344784 0.000000 -3.849019 -0.816153
37622 -1153647.344784 0.000000 -3.849018 -0.816153
36946 -1153647.344784 0.000000 -3.849019 -0.816153
36699 -1153647.344784 0.000000 -3.849018 -0.816153
36651 -1153647.344784 0.000000 -3.849018 -0.816153
36544 -1153647.344784 0.000000 -3.849019 -0.816153
54403 -1153647.344784 0.000000 -3.849018 -0.816153
53507 -1153647.344784 0.000000 -3.849018 -0.816153
53415 -1153647.344784 0.000000 -3.849018 -0.816153
53116 -1153647.344784 0.000000 -3.849018 -0.816153
53052 -1153647.344784 0.000000 -3.849019 -0.816153
52862 -1153647.344784 0.000000 -3.849019 -0.816153
117695 -1153647.344516 0.000000 -3.848751 -0.815885
5507 -1153647.344516 0.000000 -3.848751 -0.815885
134680 -1153647.344516 0.000000 -3.848751 -0.815885
4533 -1153647.344516 0.000000 -3.848751 -0.815885
4444 -1153647.344516 0.000000 -3.848751 -0.815885
4205 -1153647.344516 0.000000 -3.848751 -0.815885
4171 -1153647.344516 0.000000 -3.848751 -0.815885
21953 -1153647.344516 0.000000 -3.848751 -0.815885
21314 -1153647.344516 0.000000 -3.848751 -0.815885
21000 -1153647.344516 0.000000 -3.848751 -0.815885
20911 -1153647.344516 0.000000 -3.848751 -0.815885
20617 -1153647.344516 0.000000 -3.848750 -0.815885
20572 -1153647.344516 0.000000 -3.848751 -0.815885
20283 -1153647.344516 0.000000 -3.848751 -0.815885
37790 -1153647.344516 0.000000 -3.848751 -0.815885
37476 -1153647.344516 0.000000 -3.848751 -0.815885
37387 -1153647.344516 0.000000 -3.848751 -0.815885
37075 -1153647.344516 0.000000 -3.848750 -0.815885
36597 -1153647.344516 0.000000 -3.848751 -0.815885
36519 -1153647.344516 0.000000 -3.848751 -0.815885
54265 -1153647.344516 0.000000 -3.848751 -0.815885
53953 -1153647.344516 0.000000 -3.848751 -0.815885
53864 -1153647.344516 0.000000 -3.848751 -0.815885
182870 -1153647.344516 0.000000 -3.848751 -0.815885
52946 -1153647.344516 0.000000 -3.848750 -0.815885
52791 -1153647.344516 0.000000 -3.848750 -0.815885
5328 -1153647.243150 0.000000 -3.747384 -0.714519
5017 -1153647.243149 0.000000 -3.747384 -0.714518
4925 -1153647.243150 0.000000 -3.747384 -0.714519
4617 -1153647.243149 0.000000 -3.747384 -0.714519
4127 -1153647.243149 0.000000 -3.747384 -0.714518
4061 -1153647.243150 0.000000 -3.747384 -0.714519
21801 -1153647.243150 0.000000 -3.747384 -0.714519
21494 -1153647.243150 0.000000 -3.747384 -0.714519
21402 -1153647.243149 0.000000 -3.747384 -0.714518
21102 -1153647.243149 0.000000 -3.747384 -0.714518
20481 -1153647.243149 0.000000 -3.747384 -0.714518
20335 -1153647.243149 0.000000 -3.747384 -0.714518
20317 -1153647.243150 0.000000 -3.747384 -0.714519
37968 -1153647.243149 0.000000 -3.747384 -0.714519
37909 -1153647.243149 0.000000 -3.747384 -0.714518
36994 -1153647.243150 0.000000 -3.747384 -0.714519
36903 -1153647.243149 0.000000 -3.747384 -0.714518
36673 -1153647.243150 0.000000 -3.747384 -0.714519
36639 -1153647.243150 0.000000 -3.747384 -0.714519
54417 -1153647.243149 0.000000 -3.747384 -0.714519
53774 -1153647.243150 0.000000 -3.747384 -0.714519
53463 -1153647.243150 0.000000 -3.747384 -0.714519
53371 -1153647.243149 0.000000 -3.747384 -0.714518
53082 -1153647.243150 0.000000 -3.747384 -0.714519
53037 -1153647.243149 0.000000 -3.747384 -0.714518
52744 -1153647.243150 0.000000 -3.747384 -0.714519
5750 -1153647.079156 0.000000 -3.583391 -0.550525
135307 -1153647.079156 0.000000 -3.583391 -0.550525
4794 -1153647.079156 0.000000 -3.583391 -0.550525
4489 -1153647.079156 0.000000 -3.583391 -0.550525
4406 -1153647.079156 0.000000 -3.583391 -0.550525
4185 -1153647.079156 0.000000 -3.583391 -0.550525
4166 -1153647.079156 0.000000 -3.583391 -0.550525
21358 -1153647.079156 0.000000 -3.583391 -0.550525
21271 -1153647.079156 0.000000 -3.583391 -0.550525
20956 -1153647.079156 0.000000 -3.583391 -0.550525
20868 -1153647.079156 0.000000 -3.583391 -0.550525
20589 -1153647.079156 0.000000 -3.583391 -0.550525
20299 -1153647.079156 0.000000 -3.583391 -0.550525
37835 -1153647.079156 0.000000 -3.583391 -0.550525
37747 -1153647.079156 0.000000 -3.583391 -0.550525
37432 -1153647.079156 0.000000 -3.583391 -0.550525
37344 -1153647.079156 0.000000 -3.583391 -0.550525
36626 -1153647.079156 0.000000 -3.583391 -0.550525
36575 -1153647.079156 0.000000 -3.583391 -0.550525
36515 -1153647.079156 0.000000 -3.583391 -0.550525
54222 -1153647.079156 0.000000 -3.583391 -0.550525
53909 -1153647.079156 0.000000 -3.583391 -0.550525
53248 -1153647.079156 0.000000 -3.583391 -0.550525
52984 -1153647.079156 0.000000 -3.583391 -0.550525
52916 -1153647.079156 0.000000 -3.583390 -0.550525
52779 -1153647.079156 0.000000 -3.583391 -0.550525
5596 -1153646.915938 0.000000 -3.420173 -0.387307
5286 -1153646.915938 0.000000 -3.420172 -0.387307
5194 -1153646.915938 0.000000 -3.420172 -0.387307
4883 -1153646.915938 0.000000 -3.420173 -0.387307
4265 -1153646.915938 0.000000 -3.420172 -0.387307
4109 -1153646.915938 0.000000 -3.420173 -0.387307
4083 -1153646.915938 0.000000 -3.420173 -0.387307
21759 -1153646.915937 0.000000 -3.420172 -0.387306
21678 -1153646.915938 0.000000 -3.420173 -0.387307
20784 -1153646.915937 0.000000 -3.420172 -0.387307
20693 -1153646.915938 0.000000 -3.420173 -0.387307
20455 -1153646.915938 0.000000 -3.420173 -0.387307
20413 -1153646.915938 0.000000 -3.420173 -0.387307
38205 -1153646.915938 0.000000 -3.420173 -0.387307
37565 -1153646.915938 0.000000 -3.420172 -0.387307
37255 -1153646.915937 0.000000 -3.420172 -0.387306
37163 -1153646.915938 0.000000 -3.420172 -0.387307
36869 -1153646.915938 0.000000 -3.420172 -0.387307
36811 -1153646.915938 0.000000 -3.420172 -0.387307
36637 -1153646.915938 0.000000 -3.420172 -0.387307
54042 -1153646.915938 0.000000 -3.420173 -0.387307
53732 -1153646.915938 0.000000 -3.420173 -0.387307
53640 -1153646.915938 0.000000 -3.420172 -0.387307
53330 -1153646.915938 0.000000 -3.420172 -0.387307
53280 -1153646.915937 0.000000 -3.420172 -0.387306
52756 -1153646.915937 0.000000 -3.420172 -0.387306
5149 -1153646.895722 0.000000 -3.399957 -0.367091
5062 -1153646.895722 0.000000 -3.399957 -0.367091
4748 -1153646.895722 0.000000 -3.399957 -0.367091
4660 -1153646.895722 0.000000 -3.399957 -0.367091
4372 -1153646.895722 0.000000 -3.399957 -0.367091
4071 -1153646.895722 0.000000 -3.399957 -0.367091
21627 -1153646.895722 0.000000 -3.399957 -0.367091
21539 -1153646.895722 0.000000 -3.399957 -0.367091
21225 -1153646.895722 0.000000 -3.399957 -0.367091
21137 -1153646.895722 0.000000 -3.399957 -0.367091
20826 -1153646.895722 0.000000 -3.399957 -0.367091
20354 -1153646.895722 0.000000 -3.399957 -0.367091
20289 -1153646.895722 0.000000 -3.399957 -0.367091
38013 -1153646.895722 0.000000 -3.399957 -0.367091
37701 -1153646.895722 0.000000 -3.399957 -0.367091
37623 -1153646.895722 0.000000 -3.399957 -0.367091
36774 -1153646.895722 0.000000 -3.399957 -0.367091
36700 -1153646.895722 0.000000 -3.399957 -0.367091
36557 -1153646.895722 0.000000 -3.399957 -0.367091
54460 -1153646.895722 0.000000 -3.399957 -0.367091
54176 -1153646.895722 0.000000 -3.399957 -0.367091
53508 -1153646.895722 0.000000 -3.399957 -0.367091
53203 -1153646.895722 0.000000 -3.399956 -0.367091
53117 -1153646.895722 0.000000 -3.399957 -0.367091
52890 -1153646.895722 0.000000 -3.399957 -0.367091
52863 -1153646.895722 0.000000 -3.399957 -0.367091
5554 -1153646.926086 0.000000 -3.430320 -0.397455
5462 -1153646.926086 0.000000 -3.430320 -0.397455
5162 -1153646.926086 0.000000 -3.430320 -0.397455
4488 -1153646.926086 0.000000 -3.430320 -0.397455
4235 -1153646.926086 0.000000 -3.430320 -0.397455
4184 -1153646.926086 0.000000 -3.430320 -0.397455
4082 -1153646.926085 0.000000 -3.430320 -0.397455
21941 -1153646.926086 0.000000 -3.430320 -0.397455
21047 -1153646.926086 0.000000 -3.430320 -0.397455
20955 -1153646.926086 0.000000 -3.430320 -0.397455
20655 -1153646.926086 0.000000 -3.430320 -0.397455
20588 -1153646.926086 0.000000 -3.430320 -0.397455
20407 -1153646.926086 0.000000 -3.430320 -0.397455
37834 -1153646.926086 0.000000 -3.430320 -0.397455
37523 -1153646.926086 0.000000 -3.430320 -0.397455
37431 -1153646.926086 0.000000 -3.430320 -0.397455
37121 -1153646.926086 0.000000 -3.430320 -0.397455
37047 -1153646.926086 0.000000 -3.430320 -0.397455
36532 -1153646.926086 0.000000 -3.430320 -0.397455
36514 -1153646.926086 0.000000 -3.430320 -0.397455
54000 -1153646.926086 0.000000 -3.430320 -0.397455
53908 -1153646.926086 0.000000 -3.430320 -0.397455
53598 -1153646.926086 0.000000 -3.430320 -0.397455
52983 -1153646.926086 0.000000 -3.430320 -0.397455
52813 -1153646.926086 0.000000 -3.430320 -0.397455
52778 -1153646.926086 0.000000 -3.430320 -0.397455
5418 -1153647.518743 0.000000 -4.022978 -0.990112
5331 -1153647.518743 0.000000 -4.022978 -0.990112
5016 -1153647.518743 0.000000 -4.022978 -0.990112
4928 -1153647.518743 0.000000 -4.022978 -0.990112
4616 -1153647.518743 0.000000 -4.022978 -0.990112
4130 -1153647.518743 0.000000 -4.022978 -0.990112
4060 -1153647.518743 0.000000 -4.022978 -0.990112
21804 -1153647.518743 0.000000 -4.022978 -0.990112
21493 -1153647.518743 0.000000 -4.022978 -0.990112
21405 -1153647.518743 0.000000 -4.022978 -0.990112
20560 -1153647.518743 0.000000 -4.022978 -0.990112
20484 -1153647.518743 0.000000 -4.022978 -0.990112
20334 -1153647.518743 0.000000 -4.022978 -0.990112
38247 -1153647.518743 0.000000 -4.022978 -0.990112
37967 -1153647.518743 0.000000 -4.022978 -0.990112
37299 -1153647.518743 0.000000 -4.022978 -0.990112
36993 -1153647.518743 0.000000 -4.022978 -0.990112
36906 -1153647.518743 0.000000 -4.022978 -0.990112
36672 -1153647.518743 0.000000 -4.022978 -0.990112
36642 -1153647.518743 0.000000 -4.022978 -0.990112
184260 -1153647.518743 0.000000 -4.022978 -0.990112
53777 -1153647.518743 0.000000 -4.022978 -0.990112
53462 -1153647.518743 0.000000 -4.022978 -0.990112
53374 -1153647.518743 0.000000 -4.022978 -0.990112
53081 -1153647.518743 0.000000 -4.022978 -0.990112
53039 -1153647.518743 0.000000 -4.022978 -0.990112
5715 -1153647.512969 0.000000 -4.017204 -0.984338
4838 -1153647.512969 0.000000 -4.017204 -0.984338
4747 -1153647.512969 0.000000 -4.017204 -0.984338
4447 -1153647.512969 0.000000 -4.017203 -0.984338
4371 -1153647.512969 0.000000 -4.017204 -0.984338
4174 -1153647.512969 0.000000 -4.017204 -0.984338
21626 -1153647.512969 0.000000 -4.017204 -0.984338
21317 -1153647.512969 0.000000 -4.017204 -0.984338
21224 -1153647.512969 0.000000 -4.017204 -0.984338
20914 -1153647.512969 0.000000 -4.017204 -0.984338
20825 -1153647.512969 0.000000 -4.017204 -0.984338
20574 -1153647.512969 0.000000 -4.017204 -0.984338
20288 -1153647.512969 0.000000 -4.017204 -0.984338
37793 -1153647.512969 0.000000 -4.017204 -0.984338
37700 -1153647.512969 0.000000 -4.017204 -0.984338
37390 -1153647.512969 0.000000 -4.017204 -0.984338
37330 -1153647.512969 0.000000 -4.017204 -0.984338
36600 -1153647.512969 0.000000 -4.017204 -0.984338
36556 -1153647.512969 0.000000 -4.017204 -0.984338
54268 -1153647.512969 0.000000 -4.017204 -0.984338
54175 -1153647.512969 0.000000 -4.017204 -0.984338
53867 -1153647.512969 0.000000 -4.017204 -0.984338
53202 -1153647.512969 0.000000 -4.017204 -0.984338
52949 -1153647.512969 0.000000 -4.017204 -0.984338
52889 -1153647.512969 0.000000 -4.017204 -0.984338
52776 -1153647.512969 0.000000 -4.017204 -0.984338
5598 -1153647.199958 0.000000 -3.704193 -0.671327
5285 -1153647.199959 0.000000 -3.704193 -0.671328
5197 -1153647.199959 0.000000 -3.704194 -0.671328
134726 -1153647.199958 0.000000 -3.704193 -0.671327
4268 -1153647.199958 0.000000 -3.704193 -0.671328
4108 -1153647.199959 0.000000 -3.704193 -0.671328
4086 -1153647.199958 0.000000 -3.704193 -0.671328
21758 -1153647.199959 0.000000 -3.704193 -0.671328
21680 -1153647.199958 0.000000 -3.704193 -0.671327
20783 -1153647.199959 0.000000 -3.704193 -0.671328
20696 -1153647.199959 0.000000 -3.704193 -0.671328
20454 -1153647.199959 0.000000 -3.704193 -0.671328
20416 -1153647.199959 0.000000 -3.704193 -0.671328
38204 -1153647.199959 0.000000 -3.704193 -0.671328
37568 -1153647.199958 0.000000 -3.704193 -0.671327
37254 -1153647.199959 0.000000 -3.704193 -0.671328
37166 -1153647.199958 0.000000 -3.704193 -0.671327
36868 -1153647.199959 0.000000 -3.704194 -0.671328
36814 -1153647.199959 0.000000 -3.704193 -0.671328
36513 -1153647.199959 0.000000 -3.704194 -0.671328
54045 -1153647.199958 0.000000 -3.704193 -0.671328
53731 -1153647.199959 0.000000 -3.704193 -0.671328
53643 -1153647.199958 0.000000 -3.704193 -0.671327
53329 -1153647.199958 0.000000 -3.704193 -0.671327
52837 -1153647.199959 0.000000 -3.704193 -0.671328
52755 -1153647.199958 0.000000 -3.704193 -0.671327
117781 -1153647.020119 0.000000 -3.524353 -0.491488
5108 -1153647.020118 0.000000 -3.524353 -0.491488
5015 -1153647.020119 0.000000 -3.524353 -0.491488
4706 -1153647.020119 0.000000 -3.524353 -0.491488
4615 -1153647.020119 0.000000 -3.524353 -0.491488
4349 -1153647.020118 0.000000 -3.524353 -0.491487
4059 -1153647.020118 0.000000 -3.524353 -0.491487
21585 -1153647.020119 0.000000 -3.524353 -0.491488
21492 -1153647.020118 0.000000 -3.524353 -0.491487
21183 -1153647.020118 0.000000 -3.524353 -0.491487
21101 -1153647.020118 0.000000 -3.524353 -0.491487
20380 -1153647.020118 0.000000 -3.524353 -0.491487
20333 -1153647.020119 0.000000 -3.524353 -0.491488
20287 -1153647.020119 0.000000 -3.524353 -0.491488
37966 -1153647.020118 0.000000 -3.524353 -0.491487
37659 -1153647.020119 0.000000 -3.524353 -0.491488
36992 -1153647.020118 0.000000 -3.524353 -0.491487
36736 -1153647.020118 0.000000 -3.524353 -0.491487
36671 -1153647.020118 0.000000 -3.524353 -0.491487
36550 -1153647.020118 0.000000 -3.524353 -0.491487
54415 -1153647.020119 0.000000 -3.524353 -0.491488
183988 -1153647.020119 0.000000 -3.524353 -0.491488
53461 -1153647.020118 0.000000 -3.524353 -0.491487
53161 -1153647.020118 0.000000 -3.524353 -0.491487
53080 -1153647.020118 0.000000 -3.524353 -0.491487
52875 -1153647.020118 0.000000 -3.524353 -0.491487
5553 -1153647.027341 0.000000 -3.531576 -0.498710
5465 -1153647.027340 0.000000 -3.531575 -0.498709
4577 -1153647.027341 0.000000 -3.531575 -0.498710
4491 -1153647.027340 0.000000 -3.531575 -0.498709
4234 -1153647.027341 0.000000 -3.531576 -0.498710
4187 -1153647.027340 0.000000 -3.531575 -0.498709
21999 -1153647.027341 0.000000 -3.531575 -0.498710
21360 -1153647.027341 0.000000 -3.531576 -0.498710
21046 -1153647.027341 0.000000 -3.531576 -0.498710
20958 -1153647.027341 0.000000 -3.531576 -0.498710
20654 -1153647.027340 0.000000 -3.531575 -0.498709
20591 -1153647.027341 0.000000 -3.531575 -0.498710
150250 -1153647.027340 0.000000 -3.531575 -0.498709
37837 -1153647.027341 0.000000 -3.531575 -0.498710
37522 -1153647.027341 0.000000 -3.531576 -0.498710
37434 -1153647.027340 0.000000 -3.531574 -0.498709
37120 -1153647.027341 0.000000 -3.531575 -0.498710
37049 -1153647.027341 0.000000 -3.531575 -0.498710
36531 -1153647.027341 0.000000 -3.531576 -0.498710
54309 -1153647.027341 0.000000 -3.531576 -0.498710
53999 -1153647.027340 0.000000 -3.531575 -0.498709
53911 -1153647.027341 0.000000 -3.531575 -0.498710
53597 -1153647.027341 0.000000 -3.531576 -0.498710
52986 -1153647.027340 0.000000 -3.531575 -0.498709
52812 -1153647.027341 0.000000 -3.531576 -0.498710
52781 -1153647.027341 0.000000 -3.531576 -0.498710
5377 -1153646.909261 0.000000 -3.413495 -0.380630
5284 -1153646.909261 0.000000 -3.413495 -0.380630
4974 -1153646.909261 0.000000 -3.413495 -0.380630
4881 -1153646.909260 0.000000 -3.413495 -0.380630
134435 -1153646.909261 0.000000 -3.413495 -0.380630
4107 -1153646.909260 0.000000 -3.413495 -0.380629
4057 -1153646.909261 0.000000 -3.413495 -0.380630
21757 -1153646.909261 0.000000 -3.413495 -0.380630
21451 -1153646.909261 0.000000 -3.413495 -0.380630
21391 -1153646.909260 0.000000 -3.413495 -0.380629
20522 -1153646.909261 0.000000 -3.413495 -0.380630
20453 -1153646.909260 0.000000 -3.413495 -0.380629
20326 -1153646.909260 0.000000 -3.413495 -0.380630
38203 -1153646.909261 0.000000 -3.413495 -0.380630
37925 -1153646.909260 0.000000 -3.413495 -0.380629
37253 -1153646.909260 0.000000 -3.413495 -0.380630
36951 -1153646.909260 0.000000 -3.413495 -0.380630
36867 -1153646.909261 0.000000 -3.413495 -0.380630
36656 -1153646.909260 0.000000 -3.413495 -0.380629
36636 -1153646.909261 0.000000 -3.413495 -0.380630
53821 -1153646.909260 0.000000 -3.413495 -0.380629
53730 -1153646.909260 0.000000 -3.413495 -0.380630
53420 -1153646.909261 0.000000 -3.413495 -0.380630
53328 -1153646.909261 0.000000 -3.413495 -0.380630
53057 -1153646.909260 0.000000 -3.413495 -0.380629
52754 -1153646.909260 0.000000 -3.413495 -0.380630
5717 -1153646.934325 0.000000 -3.438560 -0.405694
4837 -1153646.934325 0.000000 -3.438560 -0.405694
4750 -1153646.934325 0.000000 -3.438560 -0.405694
4446 -1153646.934325 0.000000 -3.438560 -0.405694
4374 -1153646.934325 0.000000 -3.438560 -0.405694
4173 -1153646.934325 0.000000 -3.438560 -0.405694
21628 -1153646.934325 0.000000 -3.438560 -0.405694
21316 -1153646.934325 0.000000 -3.438560 -0.405694
21227 -1153646.934325 0.000000 -3.438560 -0.405694
20913 -1153646.934325 0.000000 -3.438560 -0.405694
20828 -1153646.934325 0.000000 -3.438560 -0.405694
20312 -1153646.934325 0.000000 -3.438560 -0.405694
20291 -1153646.934325 0.000000 -3.438560 -0.405694
37792 -1153646.934325 0.000000 -3.438560 -0.405694
37703 -1153646.934325 0.000000 -3.438560 -0.405694
37389 -1153646.934325 0.000000 -3.438560 -0.405694
36776 -1153646.934325 0.000000 -3.438560 -0.405694
36599 -1153646.934325 0.000000 -3.438560 -0.405694
36559 -1153646.934325 0.000000 -3.438560 -0.405694
54267 -1153646.934325 0.000000 -3.438560 -0.405694
54178 -1153646.934325 0.000000 -3.438560 -0.405694
183710 -1153646.934325 0.000000 -3.438560 -0.405694
53205 -1153646.934325 0.000000 -3.438560 -0.405694
52948 -1153646.934325 0.000000 -3.438560 -0.405694
52892 -1153646.934325 0.000000 -3.438560 -0.405694
52775 -1153646.934325 0.000000 -3.438560 -0.405694
5552 -1153646.931134 0.000000 -3.435369 -0.402503
5243 -1153646.931134 0.000000 -3.435369 -0.402503
5161 -1153646.931134 0.000000 -3.435369 -0.402503
4308 -1153646.931134 0.000000 -3.435369 -0.402503
4233 -1153646.931134 0.000000 -3.435369 -0.402503
4096 -1153646.931134 0.000000 -3.435369 -0.402503
21998 -1153646.931134 0.000000 -3.435369 -0.402503
21716 -1153646.931134 0.000000 -3.435369 -0.402503
21045 -1153646.931134 0.000000 -3.435369 -0.402503
20742 -1153646.931134 0.000000 -3.435369 -0.402503
20653 -1153646.931134 0.000000 -3.435369 -0.402503
20434 -1153646.931134 0.000000 -3.435369 -0.402503
20405 -1153646.931134 0.000000 -3.435368 -0.402503
168016 -1153646.931134 0.000000 -3.435369 -0.402503
37521 -1153646.931134 0.000000 -3.435369 -0.402503
37212 -1153646.931134 0.000000 -3.435369 -0.402503
37119 -1153646.931134 0.000000 -3.435369 -0.402503
36840 -1153646.931134 0.000000 -3.435369 -0.402503
36807 -1153646.931134 0.000000 -3.435369 -0.402503
54091 -1153646.931134 0.000000 -3.435368 -0.402503
53998 -1153646.931134 0.000000 -3.435369 -0.402503
53689 -1153646.931134 0.000000 -3.435369 -0.402503
53596 -1153646.931134 0.000000 -3.435369 -0.402503
53293 -1153646.931134 0.000000 -3.435369 -0.402503
52811 -1153646.931134 0.000000 -3.435369 -0.402503
52751 -1153646.931134 0.000000 -3.435369 -0.402503
5419 -1153647.037869 0.000000 -3.542104 -0.509238
5107 -1153647.037869 0.000000 -3.542104 -0.509238
5018 -1153647.037869 0.000000 -3.542104 -0.509238
4705 -1153647.037869 0.000000 -3.542104 -0.509239
4618 -1153647.037869 0.000000 -3.542104 -0.509239
134192 -1153647.037869 0.000000 -3.542104 -0.509238
4062 -1153647.037869 0.000000 -3.542104 -0.509238
21584 -1153647.037869 0.000000 -3.542104 -0.509238
21495 -1153647.037869 0.000000 -3.542103 -0.509238
21182 -1153647.037869 0.000000 -3.542104 -0.509238
21103 -1153647.037869 0.000000 -3.542104 -0.509238
20379 -1153647.037869 0.000000 -3.542104 -0.509238
20336 -1153647.037869 0.000000 -3.542104 -0.509238
38057 -1153647.037869 0.000000 -3.542104 -0.509238
37969 -1153647.037869 0.000000 -3.542104 -0.509238
37658 -1153647.037869 0.000000 -3.542104 -0.509238
36995 -1153647.037869 0.000000 -3.542104 -0.509238
36735 -1153647.037869 0.000000 -3.542104 -0.509238
36674 -1153647.037869 0.000000 -3.542104 -0.509238
36549 -1153647.037869 0.000000 -3.542104 -0.509238
54418 -1153647.037869 0.000000 -3.542104 -0.509238
53550 -1153647.037869 0.000000 -3.542104 -0.509238
53464 -1153647.037869 0.000000 -3.542104 -0.509238
53160 -1153647.037869 0.000000 -3.542104 -0.509238
53083 -1153647.037869 0.000000 -3.542104 -0.509238
52874 -1153647.037869 0.000000 -3.542104 -0.509239
5512 -1153647.069017 0.000000 -3.573252 -0.540386
5451 -1153647.069017 0.000000 -3.573252 -0.540386
4538 -1153647.069016 0.000000 -3.573251 -0.540386
4445 -1153647.069017 0.000000 -3.573252 -0.540386
4210 -1153647.069017 0.000000 -3.573252 -0.540386
4172 -1153647.069017 0.000000 -3.573252 -0.540386
21958 -1153647.069017 0.000000 -3.573251 -0.540386
21315 -1153647.069017 0.000000 -3.573251 -0.540386
21005 -1153647.069017 0.000000 -3.573252 -0.540386
20912 -1153647.069017 0.000000 -3.573252 -0.540386
20622 -1153647.069016 0.000000 -3.573251 -0.540385
20573 -1153647.069017 0.000000 -3.573252 -0.540386
20285 -1153647.069017 0.000000 -3.573252 -0.540386
37791 -1153647.069017 0.000000 -3.573252 -0.540386
37481 -1153647.069017 0.000000 -3.573252 -0.540386
37388 -1153647.069017 0.000000 -3.573252 -0.540386
37080 -1153647.069016 0.000000 -3.573251 -0.540386
36598 -1153647.069017 0.000000 -3.573251 -0.540386
36524 -1153647.069017 0.000000 -3.573252 -0.540386
54266 -1153647.069017 0.000000 -3.573251 -0.540386
53958 -1153647.069017 0.000000 -3.573252 -0.540386
53865 -1153647.069017 0.000000 -3.573251 -0.540386
183409 -1153647.069017 0.000000 -3.573252 -0.540386
52947 -1153647.069017 0.000000 -3.573252 -0.540386
52796 -1153647.069016 0.000000 -3.573251 -0.540386
52774 -1153647.069017 0.000000 -3.573252 -0.540386
