#ID      EIFS 	      EIPFS 	   FSbin        FSseg
2544 -964136.601892 0.000000 -2.988046 0.043629
2248 -964136.635132 0.000000 -3.021286 0.010390
2779 -964136.601925 0.000000 -2.988079 0.043597
3179 -964136.601882 0.000000 -2.988036 0.043639
3355 -964136.601878 0.000000 -2.988032 0.043644
2917 -964136.635134 0.000000 -3.021288 0.010387
15635 -964136.601925 0.000000 -2.988079 0.043596
16142 -964136.601882 0.000000 -2.988036 0.043639
16592 -964136.601878 0.000000 -2.988032 0.043643
16312 -964136.635134 0.000000 -3.021288 0.010387
16776 -964136.601922 0.000000 -2.988076 0.043599
16928 -964136.601892 0.000000 -2.988046 0.043629
29958 -964136.601499 0.000000 -2.987653 0.044022
29251 -964136.601925 0.000000 -2.988079 0.043597
29680 -964136.601882 0.000000 -2.988036 0.043639
30204 -964136.601878 0.000000 -2.988032 0.043643
29887 -964136.635134 0.000000 -3.021288 0.010387
30321 -964136.601925 0.000000 -2.988079 0.043596
30518 -964136.601882 0.000000 -2.988036 0.043639
43480 -964136.601878 0.000000 -2.988032 0.043643
42792 -964136.635134 0.000000 -3.021288 0.010387
43281 -964136.601925 0.000000 -2.988079 0.043597
43756 -964136.601882 0.000000 -2.988036 0.043639
44029 -964136.601878 0.000000 -2.988032 0.043643
43885 -964136.635134 0.000000 -3.021288 0.010387
56365 -964136.601922 0.000000 -2.988076 0.043599
2076 -964136.716185 0.000000 -3.102339 -0.070663
2606 -964136.716185 0.000000 -3.102339 -0.070663
3026 -964136.714547 0.000000 -3.100700 -0.069025
2317 -964136.716188 0.000000 -3.102342 -0.070667
2865 -964136.716171 0.000000 -3.102325 -0.070649
3252 -964136.716179 0.000000 -3.102333 -0.070658
3386 -964136.714547 0.000000 -3.100700 -0.069025
15692 -964136.716188 0.000000 -3.102342 -0.070667
16141 -964136.716171 0.000000 -3.102325 -0.070649
16651 -964136.716179 0.000000 -3.102333 -0.070658
16865 -964136.714547 0.000000 -3.100701 -0.069025
16397 -964136.716185 0.000000 -3.102339 -0.070663
16822 -964136.716185 0.000000 -3.102339 -0.070663
29506 -964136.714547 0.000000 -3.100700 -0.069025
29250 -964136.716188 0.000000 -3.102342 -0.070667
29743 -964136.716171 0.000000 -3.102325 -0.070649
30203 -964136.716179 0.000000 -3.102333 -0.070658
30456 -964136.714547 0.000000 -3.100700 -0.069025
29922 -964136.716188 0.000000 -3.102342 -0.070667
30366 -964136.716171 0.000000 -3.102325 -0.070649
43099 -964136.716179 0.000000 -3.102333 -0.070658
43583 -964136.714546 0.000000 -3.100700 -0.069025
43280 -964136.716188 0.000000 -3.102342 -0.070667
43801 -964136.716171 0.000000 -3.102324 -0.070649
44028 -964136.716179 0.000000 -3.102333 -0.070658
44003 -964136.714547 0.000000 -3.100701 -0.069025
2545 -964137.984771 0.000000 -4.370925 -1.339250
2982 -964137.984603 0.000000 -4.370756 -1.339081
2288 -964137.989583 0.000000 -4.375736 -1.344061
2827 -964137.984750 0.000000 -4.370904 -1.339229
3222 -964137.984694 0.000000 -4.370847 -1.339172
3374 -964137.984579 0.000000 -4.370733 -1.339058
15636 -964137.989584 0.000000 -4.375738 -1.344063
16079 -964137.984750 0.000000 -4.370903 -1.339228
16593 -964137.984694 0.000000 -4.370847 -1.339172
15833 -964137.923453 0.000000 -4.309607 -1.277932
16361 -964137.989586 0.000000 -4.375740 -1.344064
16804 -964137.984771 0.000000 -4.370925 -1.339250
16951 -964137.984603 0.000000 -4.370756 -1.339081
29192 -964137.989583 0.000000 -4.375736 -1.344061
29681 -964137.984750 0.000000 -4.370904 -1.339229
30147 -964137.984694 0.000000 -4.370847 -1.339172
30430 -964137.984579 0.000000 -4.370733 -1.339058
29909 -964137.989585 0.000000 -4.375738 -1.344063
30350 -964137.984750 0.000000 -4.370904 -1.339228
43043 -964137.984694 0.000000 -4.370847 -1.339172
43523 -964137.984579 0.000000 -4.370733 -1.339058
43219 -964137.989585 0.000000 -4.375738 -1.344063
43757 -964137.984750 0.000000 -4.370904 -1.339229
43995 -964137.984694 0.000000 -4.370847 -1.339172
43422 -964137.923453 0.000000 -4.309607 -1.277932
43901 -964137.989586 0.000000 -4.375739 -1.344064
2488 -964137.922426 0.000000 -4.308579 -1.276904
2983 -964137.922353 0.000000 -4.308507 -1.276831
2287 -964137.949985 0.000000 -4.336139 -1.304464
2782 -964137.922412 0.000000 -4.308566 -1.276891
3221 -964137.922188 0.000000 -4.308342 -1.276667
3357 -964137.922295 0.000000 -4.308449 -1.276773
3284 -964137.949993 0.000000 -4.336147 -1.304472
16082 -964137.922413 0.000000 -4.308567 -1.276892
16531 -964137.922188 0.000000 -4.308342 -1.276667
15817 -964137.952434 0.000000 -4.338587 -1.306912
16360 -964137.949993 0.000000 -4.336146 -1.304471
16779 -964137.922426 0.000000 -4.308579 -1.276904
16950 -964137.922353 0.000000 -4.308507 -1.276831
29195 -964137.949985 0.000000 -4.336139 -1.304464
29616 -964137.922412 0.000000 -4.308566 -1.276891
30150 -964137.922188 0.000000 -4.308342 -1.276666
30406 -964137.922295 0.000000 -4.308449 -1.276773
29890 -964137.949993 0.000000 -4.336147 -1.304472
30349 -964137.922413 0.000000 -4.308567 -1.276892
30521 -964137.922188 0.000000 -4.308342 -1.276667
42757 -964137.952433 0.000000 -4.338587 -1.306912
43222 -964137.949993 0.000000 -4.336147 -1.304472
43701 -964137.922413 0.000000 -4.308567 -1.276892
43997 -964137.922188 0.000000 -4.308342 -1.276667
43421 -964137.952434 0.000000 -4.338587 -1.306912
43888 -964137.949993 0.000000 -4.336146 -1.304471
2135 -964139.329830 0.000000 -5.715984 -2.684309
2668 -964139.330119 0.000000 -5.716273 -2.684598
3089 -964138.214567 0.000000 -4.600720 -1.569045
2826 -964139.329823 0.000000 -5.715976 -2.684301
3253 -964139.329882 0.000000 -5.716036 -2.684361
3373 -964139.330125 0.000000 -5.716279 -2.684604
16461 -964138.214566 0.000000 -4.600720 -1.569045
15754 -964139.329823 0.000000 -5.715976 -2.684301
16208 -964139.329882 0.000000 -5.716036 -2.684361
16703 -964139.330125 0.000000 -5.716279 -2.684604
16398 -964139.329016 0.000000 -5.715169 -2.683494
16803 -964139.329831 0.000000 -5.715984 -2.684309
16940 -964139.330119 0.000000 -5.716273 -2.684598
29986 -964138.214567 0.000000 -4.600720 -1.569045
29289 -964139.329823 0.000000 -5.715976 -2.684301
29801 -964139.329882 0.000000 -5.716036 -2.684361
30257 -964139.330126 0.000000 -5.716279 -2.684604
30486 -964138.214566 0.000000 -4.600720 -1.569045
30367 -964139.329823 0.000000 -5.715976 -2.684301
43042 -964139.329882 0.000000 -5.716036 -2.684361
43584 -964139.330125 0.000000 -5.716279 -2.684604
42840 -964139.329014 0.000000 -5.715168 -2.683493
43340 -964139.329823 0.000000 -5.715976 -2.684301
43839 -964139.329882 0.000000 -5.716036 -2.684361
44062 -964139.330125 0.000000 -5.716279 -2.684604
43900 -964139.329015 0.000000 -5.715169 -2.683494
2134 -964138.211884 0.000000 -4.598038 -1.566363
2609 -964138.211685 0.000000 -4.597839 -1.566163
3088 -964138.226716 0.000000 -4.612869 -1.581194
2829 -964138.211878 0.000000 -4.598031 -1.566356
3220 -964138.211870 0.000000 -4.598023 -1.566348
3376 -964138.211707 0.000000 -4.597861 -1.566186
2923 -964138.254860 0.000000 -4.641014 -1.609338
15695 -964138.211877 0.000000 -4.598031 -1.566356
16207 -964138.211870 0.000000 -4.598023 -1.566348
16654 -964138.211708 0.000000 -4.597862 -1.566186
16359 -964138.254860 0.000000 -4.641013 -1.609338
16806 -964138.211884 0.000000 -4.598038 -1.566363
16949 -964138.211685 0.000000 -4.597839 -1.566163
29987 -964138.226716 0.000000 -4.612869 -1.581194
29288 -964138.211878 0.000000 -4.598032 -1.566356
29746 -964138.211870 0.000000 -4.598023 -1.566348
30256 -964138.211707 0.000000 -4.597861 -1.566186
30458 -964138.226717 0.000000 -4.612871 -1.581196
30348 -964138.211877 0.000000 -4.598031 -1.566356
30529 -964138.211870 0.000000 -4.598023 -1.566348
43522 -964138.211707 0.000000 -4.597861 -1.566186
42824 -964138.254860 0.000000 -4.641014 -1.609338
43339 -964138.211877 0.000000 -4.598031 -1.566356
43804 -964138.211870 0.000000 -4.598023 -1.566348
44061 -964138.211708 0.000000 -4.597861 -1.566186
43903 -964138.254860 0.000000 -4.641013 -1.609338
2608 -964138.263205 0.000000 -4.649358 -1.617683
3030 -964138.261824 0.000000 -4.647978 -1.616303
2780 -964138.263227 0.000000 -4.649381 -1.617706
3223 -964138.263339 0.000000 -4.649493 -1.617818
3356 -964138.263283 0.000000 -4.649437 -1.617762
2920 -964138.542867 0.000000 -4.929021 -1.897346
15694 -964138.263226 0.000000 -4.649380 -1.617705
16147 -964138.263339 0.000000 -4.649492 -1.617817
16653 -964138.263283 0.000000 -4.649437 -1.617762
16362 -964138.542867 0.000000 -4.929021 -1.897346
16777 -964138.263229 0.000000 -4.649383 -1.617708
16952 -964138.263204 0.000000 -4.649358 -1.617683
29959 -964138.261825 0.000000 -4.647978 -1.616303
29256 -964138.263228 0.000000 -4.649381 -1.617706
29745 -964138.263339 0.000000 -4.649493 -1.617818
30209 -964138.263283 0.000000 -4.649437 -1.617762
29888 -964138.542868 0.000000 -4.929021 -1.897346
30351 -964138.263226 0.000000 -4.649380 -1.617705
30519 -964138.263339 0.000000 -4.649493 -1.617818
43524 -964138.263283 0.000000 -4.649436 -1.617761
42823 -964138.542867 0.000000 -4.929021 -1.897346
43286 -964138.263226 0.000000 -4.649380 -1.617705
43803 -964138.263339 0.000000 -4.649493 -1.617817
44034 -964138.263283 0.000000 -4.649437 -1.617762
43886 -964138.542867 0.000000 -4.929021 -1.897346
56367 -964138.263229 0.000000 -4.649383 -1.617708
2548 -964138.533421 0.000000 -4.919575 -1.887899
2252 -964138.901622 0.000000 -5.287776 -2.256101
2783 -964138.532853 0.000000 -4.919007 -1.887332
3183 -964138.533464 0.000000 -4.919618 -1.887943
3358 -964138.533434 0.000000 -4.919588 -1.887912
2919 -964138.901604 0.000000 -5.287758 -2.256083
15638 -964138.532853 0.000000 -4.919006 -1.887331
16146 -964138.533464 0.000000 -4.919618 -1.887943
16596 -964138.533434 0.000000 -4.919588 -1.887913
16316 -964138.901604 0.000000 -5.287758 -2.256083
16780 -964138.532855 0.000000 -4.919009 -1.887334
16932 -964138.533421 0.000000 -4.919575 -1.887899
16090 -964138.533127 0.000000 -4.919281 -1.887606
29255 -964138.532853 0.000000 -4.919007 -1.887332
29684 -964138.533464 0.000000 -4.919618 -1.887943
30208 -964138.533434 0.000000 -4.919588 -1.887912
29891 -964138.901604 0.000000 -5.287758 -2.256083
30325 -964138.532853 0.000000 -4.919006 -1.887331
30522 -964138.533464 0.000000 -4.919618 -1.887943
43482 -964138.533434 0.000000 -4.919588 -1.887913
42794 -964138.901604 0.000000 -5.287758 -2.256083
43285 -964138.532852 0.000000 -4.919006 -1.887331
43760 -964138.533464 0.000000 -4.919618 -1.887943
44033 -964138.533434 0.000000 -4.919587 -1.887912
43889 -964138.901604 0.000000 -5.287758 -2.256083
44090 -964138.532855 0.000000 -4.919009 -1.887334
2547 -964138.892192 0.000000 -5.278346 -2.246671
2255 -964138.895424 0.000000 -5.281578 -2.249903
2727 -964138.891291 0.000000 -5.277445 -2.245770
3186 -964138.892200 0.000000 -5.278354 -2.246679
3339 -964138.892344 0.000000 -5.278498 -2.246823
2913 -964138.895382 0.000000 -5.281536 -2.249861
3296 -964138.891286 0.000000 -5.277440 -2.245765
16085 -964138.892200 0.000000 -5.278353 -2.246678
16595 -964138.892344 0.000000 -5.278498 -2.246823
16319 -964138.895382 0.000000 -5.281535 -2.249860
16744 -964138.891286 0.000000 -5.277440 -2.245765
16935 -964138.892192 0.000000 -5.278346 -2.246671
16432 -964138.895424 0.000000 -5.281578 -2.249903
29198 -964138.891291 0.000000 -5.277445 -2.245770
29683 -964138.892200 0.000000 -5.278354 -2.246679
30153 -964138.892344 0.000000 -5.278498 -2.246823
29848 -964138.895382 0.000000 -5.281536 -2.249861
30328 -964138.891286 0.000000 -5.277440 -2.245765
30507 -964138.892200 0.000000 -5.278353 -2.246678
29896 -964138.892344 0.000000 -5.278498 -2.246823
42793 -964138.895382 0.000000 -5.281536 -2.249860
43225 -964138.891286 0.000000 -5.277440 -2.245765
43759 -964138.892200 0.000000 -5.278353 -2.246678
43999 -964138.892344 0.000000 -5.278498 -2.246823
43866 -964138.895382 0.000000 -5.281536 -2.249860
44093 -964138.891286 0.000000 -5.277440 -2.245765
2192 -964138.893826 0.000000 -5.279980 -2.248304
2730 -964138.894165 0.000000 -5.280318 -2.248643
3139 -964138.924128 0.000000 -5.310282 -2.278607
3340 -964138.924396 0.000000 -5.310550 -2.278875
2912 -964138.893753 0.000000 -5.279907 -2.248231
3290 -964138.894155 0.000000 -5.280309 -2.248634
16084 -964138.924127 0.000000 -5.310281 -2.278606
16535 -964138.924396 0.000000 -5.310550 -2.278875
16265 -964138.893753 0.000000 -5.279907 -2.248231
16747 -964138.894156 0.000000 -5.280309 -2.248634
16910 -964138.924123 0.000000 -5.310277 -2.278602
16428 -964138.893826 0.000000 -5.279980 -2.248305
29197 -964138.894165 0.000000 -5.280318 -2.248643
29622 -964138.924128 0.000000 -5.310282 -2.278607
30152 -964138.924396 0.000000 -5.310550 -2.278875
29851 -964138.893753 0.000000 -5.279907 -2.248231
30295 -964138.894155 0.000000 -5.280309 -2.248634
30510 -964138.924127 0.000000 -5.310281 -2.278606
30333 -964138.924396 0.000000 -5.310550 -2.278875
42763 -964138.893753 0.000000 -5.279906 -2.248231
43224 -964138.894155 0.000000 -5.280309 -2.248634
43707 -964138.924127 0.000000 -5.310281 -2.278606
43384 -964138.893762 0.000000 -5.279916 -2.248240
43869 -964138.893753 0.000000 -5.279907 -2.248231
44080 -964138.894156 0.000000 -5.280309 -2.248634
56779 -964138.924123 0.000000 -5.310277 -2.278602
2136 -964139.093355 0.000000 -5.479509 -2.447834
2607 -964139.093026 0.000000 -5.479180 -2.447505
3090 -964139.091146 0.000000 -5.477300 -2.445625
2333 -964139.093348 0.000000 -5.479502 -2.447827
2870 -964139.093037 0.000000 -5.479191 -2.447516
3277 -964139.092990 0.000000 -5.479144 -2.447469
3228 -964139.091141 0.000000 -5.477295 -2.445619
15693 -964139.093349 0.000000 -5.479502 -2.447827
16209 -964139.093037 0.000000 -5.479191 -2.447516
16652 -964139.092990 0.000000 -5.479144 -2.447469
16889 -964139.091140 0.000000 -5.477294 -2.445619
16416 -964139.093355 0.000000 -5.479509 -2.447834
16827 -964139.093026 0.000000 -5.479180 -2.447505
29563 -964139.091146 0.000000 -5.477300 -2.445625
30033 -964139.522138 0.000000 -5.908292 -2.876617
29744 -964139.093037 0.000000 -5.479191 -2.447516
30258 -964139.092990 0.000000 -5.479144 -2.447469
30457 -964139.091140 0.000000 -5.477294 -2.445619
29925 -964139.093349 0.000000 -5.479502 -2.447827
30377 -964139.093037 0.000000 -5.479191 -2.447516
43104 -964139.092990 0.000000 -5.479144 -2.447469
43647 -964139.091141 0.000000 -5.477295 -2.445619
43341 -964139.093349 0.000000 -5.479502 -2.447827
43802 -964139.093037 0.000000 -5.479191 -2.447516
44063 -964139.092990 0.000000 -5.479144 -2.447469
43970 -964139.091140 0.000000 -5.477294 -2.445619
2610 -964139.522118 0.000000 -5.908272 -2.876596
3029 -964139.522102 0.000000 -5.908256 -2.876581
2319 -964139.522642 0.000000 -5.908796 -2.877120
2869 -964139.522092 0.000000 -5.908246 -2.876571
3256 -964139.522104 0.000000 -5.908258 -2.876582
3292 -964139.522098 0.000000 -5.908252 -2.876577
15696 -964139.522642 0.000000 -5.908796 -2.877120
16145 -964139.522092 0.000000 -5.908246 -2.876571
16655 -964139.522104 0.000000 -5.908258 -2.876582
16867 -964139.522098 0.000000 -5.908252 -2.876576
16401 -964139.522647 0.000000 -5.908801 -2.877126
16826 -964139.522118 0.000000 -5.908272 -2.876596
16786 -964139.522102 0.000000 -5.908256 -2.876581
29254 -964139.522642 0.000000 -5.908795 -2.877120
29747 -964139.522092 0.000000 -5.908246 -2.876571
30207 -964139.522104 0.000000 -5.908258 -2.876582
30459 -964139.522098 0.000000 -5.908252 -2.876576
29924 -964139.522642 0.000000 -5.908796 -2.877121
30370 -964139.522092 0.000000 -5.908246 -2.876571
43103 -964139.522104 0.000000 -5.908257 -2.876582
43587 -964139.522098 0.000000 -5.908252 -2.876577
43284 -964139.522642 0.000000 -5.908796 -2.877120
43805 -964139.522092 0.000000 -5.908246 -2.876571
44032 -964139.522104 0.000000 -5.908258 -2.876582
43895 -964139.522098 0.000000 -5.908252 -2.876576
43912 -964139.522647 0.000000 -5.908801 -2.877126
2139 -964140.814460 0.000000 -7.200614 -4.168939
2672 -964139.524353 0.000000 -5.910507 -2.878832
3093 -964140.816802 0.000000 -7.202956 -4.171281
2830 -964140.814396 0.000000 -7.200550 -4.168875
3257 -964139.524166 0.000000 -5.910320 -2.878645
3377 -964139.524386 0.000000 -5.910540 -2.878864
110836 -964139.505005 0.000000 -5.891159 -2.859484
15758 -964140.814396 0.000000 -7.200549 -4.168874
16212 -964139.524166 0.000000 -5.910320 -2.878645
16707 -964139.524385 0.000000 -5.910539 -2.878864
16402 -964139.505012 0.000000 -5.891166 -2.859491
16807 -964140.814460 0.000000 -7.200614 -4.168939
16785 -964139.524353 0.000000 -5.910507 -2.878832
29988 -964140.816802 0.000000 -7.202956 -4.171281
29291 -964140.814396 0.000000 -7.200550 -4.168875
29805 -964139.524166 0.000000 -5.910320 -2.878645
30261 -964139.524386 0.000000 -5.910540 -2.878864
30490 -964140.816803 0.000000 -7.202956 -4.171281
30371 -964140.814396 0.000000 -7.200549 -4.168874
30530 -964139.524166 0.000000 -5.910320 -2.878645
43588 -964139.524386 0.000000 -5.910540 -2.878864
42841 -964139.505005 0.000000 -5.891159 -2.859484
43344 -964140.814396 0.000000 -7.200549 -4.168874
43843 -964139.524166 0.000000 -5.910320 -2.878645
44066 -964139.524385 0.000000 -5.910539 -2.878864
43904 -964139.505012 0.000000 -5.891166 -2.859491
2197 -964139.092842 0.000000 -5.478996 -2.447321
2673 -964139.092890 0.000000 -5.479044 -2.447368
3144 -964141.027740 0.000000 -7.413894 -4.382219
2871 -964139.092800 0.000000 -5.478954 -2.447278
3254 -964139.093029 0.000000 -5.479183 -2.447507
3191 -964139.092910 0.000000 -5.479064 -2.447389
16462 -964141.027740 0.000000 -7.413894 -4.382218
15759 -964139.092800 0.000000 -5.478953 -2.447278
16270 -964139.093029 0.000000 -5.479183 -2.447507
16708 -964139.092909 0.000000 -5.479063 -2.447388
16399 -964139.089482 0.000000 -5.475636 -2.443961
16828 -964139.092842 0.000000 -5.478996 -2.447321
16845 -964139.092889 0.000000 -5.479043 -2.447368
30034 -964141.027740 0.000000 -7.413894 -4.382219
29320 -964139.092800 0.000000 -5.478954 -2.447278
29806 -964139.093029 0.000000 -5.479183 -2.447507
30300 -964139.092910 0.000000 -5.479064 -2.447389
30491 -964141.027740 0.000000 -7.413894 -4.382218
30368 -964139.092800 0.000000 -5.478953 -2.447278
43105 -964139.093029 0.000000 -5.479183 -2.447508
43585 -964139.092910 0.000000 -5.479064 -2.447389
43944 -964141.027740 0.000000 -7.413894 -4.382218
43389 -964139.092800 0.000000 -5.478953 -2.447278
43844 -964139.093029 0.000000 -5.479183 -2.447507
44085 -964139.092909 0.000000 -5.479063 -2.447388
43913 -964139.089482 0.000000 -5.475636 -2.443961
2549 -964138.542427 0.000000 -4.928581 -1.896905
2984 -964138.542369 0.000000 -4.928522 -1.896847
2290 -964138.530564 0.000000 -4.916718 -1.885043
2831 -964138.542408 0.000000 -4.928561 -1.896886
3226 -964138.542557 0.000000 -4.928711 -1.897036
3378 -964138.542274 0.000000 -4.928428 -1.896753
3297 -964138.530571 0.000000 -4.916725 -1.885050
16083 -964138.542407 0.000000 -4.928561 -1.896886
16597 -964138.542557 0.000000 -4.928711 -1.897036
15834 -964138.521168 0.000000 -4.907322 -1.875647
16365 -964138.530572 0.000000 -4.916726 -1.885051
16808 -964138.542427 0.000000 -4.928581 -1.896905
16955 -964138.542369 0.000000 -4.928522 -1.896847
29196 -964138.530564 0.000000 -4.916718 -1.885043
29685 -964138.542408 0.000000 -4.928561 -1.896886
30151 -964138.542557 0.000000 -4.928711 -1.897036
30432 -964138.542274 0.000000 -4.928428 -1.896753
29911 -964138.530571 0.000000 -4.916725 -1.885050
30354 -964138.542408 0.000000 -4.928561 -1.896886
30531 -964138.542557 0.000000 -4.928711 -1.897036
152102 -964138.521168 0.000000 -4.907322 -1.875647
43223 -964138.530571 0.000000 -4.916725 -1.885050
43761 -964138.542407 0.000000 -4.928561 -1.896886
43998 -964138.542557 0.000000 -4.928711 -1.897036
43424 -964138.521168 0.000000 -4.907322 -1.875647
43905 -964138.530572 0.000000 -4.916726 -1.885051
2546 -964138.265819 0.000000 -4.651973 -1.620298
3031 -964138.264672 0.000000 -4.650826 -1.619151
2318 -964139.518597 0.000000 -5.904751 -2.873075
2832 -964138.265829 0.000000 -4.651983 -1.620308
3255 -964138.265261 0.000000 -4.651414 -1.619739
3379 -964138.264537 0.000000 -4.650691 -1.619016
15637 -964139.518601 0.000000 -5.904755 -2.873079
16148 -964138.265830 0.000000 -4.651984 -1.620309
16594 -964138.265261 0.000000 -4.651415 -1.619739
125444 -964140.798866 0.000000 -7.185020 -4.153345
16400 -964139.518596 0.000000 -5.904749 -2.873074
16809 -964138.265819 0.000000 -4.651973 -1.620298
16839 -964138.264672 0.000000 -4.650826 -1.619151
29257 -964139.518597 0.000000 -5.904751 -2.873075
29682 -964138.265829 0.000000 -4.651983 -1.620308
30210 -964138.265261 0.000000 -4.651415 -1.619739
30431 -964138.264537 0.000000 -4.650690 -1.619015
29912 -964139.518601 0.000000 -5.904755 -2.873079
30369 -964138.265830 0.000000 -4.651984 -1.620309
43045 -964138.265261 0.000000 -4.651414 -1.619739
43586 -964138.264537 0.000000 -4.650691 -1.619015
43287 -964139.518601 0.000000 -5.904755 -2.873079
43758 -964138.265830 0.000000 -4.651984 -1.620309
44035 -964138.265261 0.000000 -4.651415 -1.619739
43431 -964140.798866 0.000000 -7.185020 -4.153345
43906 -964139.518596 0.000000 -5.904749 -2.873074
2611 -964138.212560 0.000000 -4.598714 -1.567039
3094 -964138.212038 0.000000 -4.598192 -1.566517
2334 -964138.211906 0.000000 -4.598060 -1.566385
2873 -964138.212499 0.000000 -4.598653 -1.566977
3280 -964138.212266 0.000000 -4.598420 -1.566745
2955 -964138.211988 0.000000 -4.598142 -1.566466
15697 -964138.211908 0.000000 -4.598062 -1.566386
16213 -964138.212499 0.000000 -4.598653 -1.566978
16656 -964138.212266 0.000000 -4.598420 -1.566745
16891 -964138.211986 0.000000 -4.598140 -1.566465
16418 -964138.211917 0.000000 -4.598070 -1.566395
16830 -964138.212560 0.000000 -4.598714 -1.567039
16324 -964138.212038 0.000000 -4.598192 -1.566517
138611 -964138.211906 0.000000 -4.598060 -1.566385
29748 -964138.212499 0.000000 -4.598653 -1.566977
30262 -964138.212266 0.000000 -4.598420 -1.566745
30460 -964138.211988 0.000000 -4.598142 -1.566466
29927 -964138.211908 0.000000 -4.598062 -1.566386
30380 -964138.212499 0.000000 -4.598653 -1.566978
43107 -964138.212266 0.000000 -4.598420 -1.566745
43650 -964138.211988 0.000000 -4.598142 -1.566466
43345 -964138.211908 0.000000 -4.598062 -1.566386
43806 -964138.212499 0.000000 -4.598653 -1.566978
44067 -964138.212266 0.000000 -4.598420 -1.566745
43894 -964138.211986 0.000000 -4.598140 -1.566465
43915 -964138.211917 0.000000 -4.598070 -1.566395
2137 -964139.329913 0.000000 -5.716067 -2.684392
2674 -964139.329490 0.000000 -5.715644 -2.683969
3091 -964140.624024 0.000000 -7.010177 -3.978502
111900 -964139.329903 0.000000 -5.716057 -2.684382
2903 -964139.329463 0.000000 -5.715616 -2.683941
3281 -964139.329464 0.000000 -5.715618 -2.683943
2788 -964140.624016 0.000000 -7.010170 -3.978494
15760 -964139.329903 0.000000 -5.716057 -2.684382
16210 -964139.329463 0.000000 -5.715617 -2.683941
16709 -964139.329464 0.000000 -5.715618 -2.683943
16890 -964140.624020 0.000000 -7.010173 -3.978498
16419 -964139.329913 0.000000 -5.716067 -2.684392
16840 -964139.329490 0.000000 -5.715644 -2.683969
29565 -964140.624024 0.000000 -7.010177 -3.978502
30095 -964141.513436 0.000000 -7.899590 -4.867915
29807 -964139.329463 0.000000 -5.715616 -2.683941
30259 -964139.329464 0.000000 -5.715618 -2.683943
30492 -964140.624016 0.000000 -7.010169 -3.978494
29932 -964139.329904 0.000000 -5.716057 -2.684382
30381 -964139.329463 0.000000 -5.715616 -2.683941
43167 -964139.329464 0.000000 -5.715618 -2.683943
43651 -964140.624016 0.000000 -7.010169 -3.978494
43342 -964139.329904 0.000000 -5.716057 -2.684382
43845 -964139.329463 0.000000 -5.715616 -2.683941
44064 -964139.329464 0.000000 -5.715618 -2.683943
43166 -964140.624020 0.000000 -7.010173 -3.978498
2612 -964137.922027 0.000000 -4.308181 -1.276506
111609 -964138.348299 0.000000 -4.734453 -1.702778
2784 -964137.922528 0.000000 -4.308682 -1.277007
3227 -964137.921978 0.000000 -4.308131 -1.276456
3359 -964137.922471 0.000000 -4.308624 -1.276949
2922 -964138.348254 0.000000 -4.734408 -1.702733
15698 -964137.922526 0.000000 -4.308680 -1.277005
16151 -964137.921977 0.000000 -4.308131 -1.276456
16657 -964137.922470 0.000000 -4.308624 -1.276949
16366 -964138.348255 0.000000 -4.734409 -1.702734
16781 -964137.922540 0.000000 -4.308694 -1.277019
16956 -964137.922027 0.000000 -4.308181 -1.276506
124397 -964138.348300 0.000000 -4.734453 -1.702778
29260 -964137.922529 0.000000 -4.308682 -1.277007
29749 -964137.921978 0.000000 -4.308132 -1.276456
30213 -964137.922471 0.000000 -4.308624 -1.276949
29892 -964138.348254 0.000000 -4.734408 -1.702733
30355 -964137.922526 0.000000 -4.308680 -1.277005
30523 -964137.921977 0.000000 -4.308131 -1.276456
43527 -964137.922471 0.000000 -4.308625 -1.276949
42825 -964138.348254 0.000000 -4.734408 -1.702733
43290 -964137.922526 0.000000 -4.308680 -1.277005
43807 -964137.921977 0.000000 -4.308131 -1.276456
44038 -964137.922470 0.000000 -4.308624 -1.276949
43890 -964138.348255 0.000000 -4.734409 -1.702734
44100 -964137.922540 0.000000 -4.308694 -1.277019
2613 -964137.985001 0.000000 -4.371155 -1.339480
111668 -964138.751930 0.000000 -5.138084 -2.106409
2833 -964137.985108 0.000000 -4.371262 -1.339587
3224 -964137.984981 0.000000 -4.371135 -1.339460
3380 -964137.985178 0.000000 -4.371332 -1.339657
2924 -964138.751920 0.000000 -5.138073 -2.106398
15699 -964137.985108 0.000000 -4.371261 -1.339586
16211 -964137.984981 0.000000 -4.371135 -1.339460
16658 -964137.985178 0.000000 -4.371332 -1.339656
16363 -964138.751925 0.000000 -5.138079 -2.106404
16810 -964137.985123 0.000000 -4.371277 -1.339602
16953 -964137.985001 0.000000 -4.371155 -1.339480
29989 -964137.985506 0.000000 -4.371660 -1.339984
29290 -964137.985108 0.000000 -4.371262 -1.339587
29750 -964137.984982 0.000000 -4.371135 -1.339460
30260 -964137.985178 0.000000 -4.371332 -1.339657
139037 -964138.751919 0.000000 -5.138073 -2.106398
30352 -964137.985107 0.000000 -4.371261 -1.339586
30528 -964137.984981 0.000000 -4.371135 -1.339460
43525 -964137.985178 0.000000 -4.371332 -1.339657
42826 -964138.751919 0.000000 -5.138073 -2.106398
43343 -964137.985108 0.000000 -4.371261 -1.339586
43808 -964137.984981 0.000000 -4.371135 -1.339460
44065 -964137.985178 0.000000 -4.371331 -1.339656
43907 -964138.751925 0.000000 -5.138079 -2.106404
56426 -964137.985123 0.000000 -4.371277 -1.339602
