#ID      EIFS 	      EIPFS 	   FSbin        FSseg
952 -626685.724689 0.000000 -5.951646 -2.917430
657 -626685.737878 0.000000 -5.964835 -2.930619
1010 -626685.736419 0.000000 -5.963376 -2.929160
711 -626685.737981 0.000000 -5.964938 -2.930722
1044 -626685.737731 0.000000 -5.964687 -2.930471
926 -626685.724793 0.000000 -5.951750 -2.917534
4853 -626685.738068 0.000000 -5.965024 -2.930808
5261 -626685.737818 0.000000 -5.964774 -2.930558
4913 -626684.241163 0.000000 -4.468119 -1.433904
5319 -626685.737903 0.000000 -5.964859 -2.930643
5515 -626685.736402 0.000000 -5.963359 -2.929143
5347 -626685.738015 0.000000 -5.964971 -2.930755
9472 -626685.737737 0.000000 -5.964694 -2.930478
9801 -626685.724781 0.000000 -5.951738 -2.917522
9540 -626685.738078 0.000000 -5.965034 -2.930819
9857 -626685.737817 0.000000 -5.964774 -2.930558
9580 -626684.241152 0.000000 -4.468109 -1.433893
9891 -626685.737905 0.000000 -5.964861 -2.930646
9512 -626685.736400 0.000000 -5.963356 -2.929140
13696 -626685.738017 0.000000 -5.964974 -2.930758
14144 -626685.737735 0.000000 -5.964692 -2.930476
14333 -626685.724775 0.000000 -5.951732 -2.917516
14188 -626685.738078 0.000000 -5.965035 -2.930819
14362 -626685.737808 0.000000 -5.964764 -2.930548
14203 -626684.241106 0.000000 -4.468062 -1.433846
18315 -626685.737897 0.000000 -5.964853 -2.930637
18682 -626685.736373 0.000000 -5.963329 -2.929114
18380 -626685.738047 0.000000 -5.965004 -2.930788
18728 -626685.737682 0.000000 -5.964639 -2.930423
18422 -626684.241000 0.000000 -4.467956 -1.433740
18748 -626685.737878 0.000000 -5.964835 -2.930619
22922 -626685.736419 0.000000 -5.963376 -2.929160
22581 -626685.737982 0.000000 -5.964938 -2.930722
22994 -626685.737730 0.000000 -5.964687 -2.930471
23207 -626685.724793 0.000000 -5.951750 -2.917534
23036 -626685.738068 0.000000 -5.965024 -2.930808
23223 -626685.737817 0.000000 -5.964773 -2.930558
26788 -626684.241157 0.000000 -4.468114 -1.433898
27203 -626685.737902 0.000000 -5.964858 -2.930642
27531 -626685.736400 0.000000 -5.963357 -2.929141
27255 -626685.738015 0.000000 -5.964972 -2.930756
27579 -626685.737734 0.000000 -5.964691 -2.930475
27275 -626685.724776 0.000000 -5.951733 -2.917517
27598 -626685.738077 0.000000 -5.965034 -2.930818
31810 -626685.737808 0.000000 -5.964764 -2.930548
31431 -626684.241107 0.000000 -4.468064 -1.433848
31868 -626685.737896 0.000000 -5.964853 -2.930637
32049 -626685.736373 0.000000 -5.963329 -2.929114
31896 -626685.738047 0.000000 -5.965004 -2.930788
32072 -626685.737682 0.000000 -5.964638 -2.930423
803 -626684.386804 0.000000 -4.613761 -1.579545
464 -626684.389911 0.000000 -4.616868 -1.582652
873 -626684.388828 0.000000 -4.615784 -1.581568
71877 -626684.387339 0.000000 -4.614295 -1.580079
916 -626684.388775 0.000000 -4.615732 -1.581516
1101 -626684.387908 0.000000 -4.614864 -1.580648
4667 -626684.390169 0.000000 -4.617125 -1.582910
5085 -626684.388924 0.000000 -4.615881 -1.581665
5409 -626684.386456 0.000000 -4.613412 -1.579196
5140 -626684.390208 0.000000 -4.617164 -1.582948
5456 -626684.388839 0.000000 -4.615796 -1.581580
5161 -626684.387465 0.000000 -4.614421 -1.580205
9237 -626684.388849 0.000000 -4.615805 -1.581590
9688 -626684.387889 0.000000 -4.614845 -1.580629
9315 -626684.390217 0.000000 -4.617174 -1.582958
9745 -626684.388940 0.000000 -4.615897 -1.581681
9926 -626684.386438 0.000000 -4.613395 -1.579179
9774 -626684.390224 0.000000 -4.617180 -1.582965
9949 -626684.388832 0.000000 -4.615788 -1.581572
13532 -626684.387482 0.000000 -4.614439 -1.580223
13932 -626684.388847 0.000000 -4.615804 -1.581588
14284 -626684.387855 0.000000 -4.614812 -1.580596
13987 -626684.390242 0.000000 -4.617199 -1.582983
14317 -626684.388901 0.000000 -4.615858 -1.581642
13962 -626684.386343 0.000000 -4.613300 -1.579084
18119 -626684.390250 0.000000 -4.617206 -1.582990
18537 -626684.388669 0.000000 -4.615625 -1.581409
18177 -626684.387798 0.000000 -4.614755 -1.580539
18594 -626684.388824 0.000000 -4.615781 -1.581565
18790 -626684.386804 0.000000 -4.613761 -1.579545
18625 -626684.389911 0.000000 -4.616868 -1.582652
22742 -626684.388827 0.000000 -4.615784 -1.581568
22385 -626684.387339 0.000000 -4.614296 -1.580080
22808 -626684.388775 0.000000 -4.615731 -1.581515
23140 -626684.387906 0.000000 -4.614862 -1.580646
22849 -626684.390170 0.000000 -4.617126 -1.582911
23171 -626684.388921 0.000000 -4.615877 -1.581661
27347 -626684.386451 0.000000 -4.613407 -1.579192
26974 -626684.390207 0.000000 -4.617163 -1.582948
27419 -626684.388828 0.000000 -4.615785 -1.581569
27029 -626684.387477 0.000000 -4.614434 -1.580218
27461 -626684.388841 0.000000 -4.615798 -1.581582
27646 -626684.387855 0.000000 -4.614812 -1.580596
27479 -626684.390240 0.000000 -4.617196 -1.582980
31593 -626684.388899 0.000000 -4.615856 -1.581640
31955 -626684.386344 0.000000 -4.613301 -1.579085
31661 -626684.390249 0.000000 -4.617205 -1.582989
32004 -626684.388668 0.000000 -4.615625 -1.581409
31700 -626684.387798 0.000000 -4.614755 -1.580539
32022 -626684.388824 0.000000 -4.615781 -1.581565
839 -626684.099262 0.000000 -4.326219 -1.292003
463 -626685.117538 0.000000 -5.344495 -2.310279
898 -626684.099457 0.000000 -4.326413 -1.292197
1076 -626684.189113 0.000000 -4.416069 -1.381853
925 -626684.100256 0.000000 -4.327212 -1.292996
1100 -626684.099540 0.000000 -4.326496 -1.292280
5377 -626684.188273 0.000000 -4.415230 -1.381014
5084 -626684.100080 0.000000 -4.327036 -1.292820
5434 -626684.098860 0.000000 -4.325817 -1.291601
5139 -626685.117504 0.000000 -5.344461 -2.310245
5468 -626684.099366 0.000000 -4.326323 -1.292107
5378 -626684.189148 0.000000 -4.416104 -1.381889
9277 -626684.100238 0.000000 -4.327195 -1.292979
9687 -626684.099502 0.000000 -4.326459 -1.292243
9337 -626685.116382 0.000000 -5.343338 -2.309122
9744 -626684.100069 0.000000 -4.327025 -1.292809
9939 -626684.098844 0.000000 -4.325801 -1.291585
9773 -626685.117503 0.000000 -5.344459 -2.310243
9940 -626684.099358 0.000000 -4.326315 -1.292099
14225 -626684.189150 0.000000 -4.416107 -1.381891
13961 -626684.100244 0.000000 -4.327201 -1.292985
14283 -626684.099489 0.000000 -4.326445 -1.292229
14002 -626685.116383 0.000000 -5.343339 -2.309123
14316 -626684.100074 0.000000 -4.327030 -1.292814
13759 -626684.098792 0.000000 -4.325748 -1.291532
18118 -626685.117504 0.000000 -5.344461 -2.310245
18568 -626684.099331 0.000000 -4.326288 -1.292072
18758 -626684.188948 0.000000 -4.415904 -1.381688
18611 -626684.100300 0.000000 -4.327257 -1.293041
18789 -626684.099262 0.000000 -4.326219 -1.292003
18627 -626685.117538 0.000000 -5.344494 -2.310279
22741 -626684.099457 0.000000 -4.326413 -1.292197
23110 -626684.189113 0.000000 -4.416069 -1.381854
22807 -626684.100256 0.000000 -4.327213 -1.292997
23157 -626684.099539 0.000000 -4.326496 -1.292280
22848 -626685.116386 0.000000 -5.343343 -2.309127
23176 -626684.100079 0.000000 -4.327036 -1.292820
27346 -626684.098857 0.000000 -4.325814 -1.291598
27006 -626685.117504 0.000000 -5.344460 -2.310245
27418 -626684.099364 0.000000 -4.326321 -1.292105
27630 -626684.189147 0.000000 -4.416104 -1.381888
27460 -626684.100245 0.000000 -4.327201 -1.292985
27631 -626684.099491 0.000000 -4.326447 -1.292232
27478 -626685.116383 0.000000 -5.343339 -2.309124
31629 -626684.100075 0.000000 -4.327031 -1.292815
31954 -626684.098793 0.000000 -4.325750 -1.291534
31682 -626685.117504 0.000000 -5.344461 -2.310245
32003 -626684.099332 0.000000 -4.326288 -1.292072
31683 -626684.188947 0.000000 -4.415903 -1.381688
32021 -626684.100300 0.000000 -4.327257 -1.293041
430 -626684.457186 0.000000 -4.684143 -1.649927
872 -626684.459435 0.000000 -4.686391 -1.652176
487 -626684.458194 0.000000 -4.685151 -1.650935
915 -626684.458750 0.000000 -4.685706 -1.651490
1095 -626684.491020 0.000000 -4.717977 -1.683761
931 -626684.457150 0.000000 -4.684107 -1.649891
5051 -626684.458670 0.000000 -4.685627 -1.651411
5408 -626684.490878 0.000000 -4.717834 -1.683618
5119 -626684.456976 0.000000 -4.683932 -1.649716
5455 -626684.459321 0.000000 -4.686277 -1.652061
5158 -626684.458170 0.000000 -4.685127 -1.650911
5474 -626684.458681 0.000000 -4.685638 -1.651422
9652 -626684.490986 0.000000 -4.717942 -1.683726
9314 -626684.457134 0.000000 -4.684091 -1.649875
9722 -626684.458646 0.000000 -4.685602 -1.651387
80725 -626684.465745 0.000000 -4.692701 -1.658485
9767 -626684.456971 0.000000 -4.683927 -1.649711
9948 -626684.459313 0.000000 -4.686269 -1.652053
13514 -626684.458178 0.000000 -4.685134 -1.650918
13931 -626684.458686 0.000000 -4.685643 -1.651427
14261 -626684.490977 0.000000 -4.717934 -1.683718
13986 -626684.457153 0.000000 -4.684110 -1.649894
14306 -626684.458663 0.000000 -4.685620 -1.651404
14007 -626684.465764 0.000000 -4.692721 -1.658505
18081 -626684.457021 0.000000 -4.683978 -1.649762
18536 -626684.459353 0.000000 -4.686309 -1.652093
18157 -626684.458240 0.000000 -4.685196 -1.650980
18593 -626684.458825 0.000000 -4.685781 -1.651566
18779 -626684.491052 0.000000 -4.718008 -1.683792
18624 -626684.457187 0.000000 -4.684143 -1.649927
18744 -626684.459435 0.000000 -4.686391 -1.652175
22384 -626684.458195 0.000000 -4.685152 -1.650936
22781 -626684.458750 0.000000 -4.685707 -1.651491
23139 -626684.491020 0.000000 -4.717976 -1.683760
22834 -626684.457152 0.000000 -4.684109 -1.649893
23170 -626684.458671 0.000000 -4.685628 -1.651412
22606 -626684.490875 0.000000 -4.717831 -1.683615
26973 -626684.456980 0.000000 -4.683936 -1.649720
27388 -626684.459321 0.000000 -4.686278 -1.652062
27028 -626684.458177 0.000000 -4.685133 -1.650918
27446 -626684.458691 0.000000 -4.685647 -1.651431
27645 -626684.490980 0.000000 -4.717937 -1.683721
27475 -626684.457154 0.000000 -4.684110 -1.649894
31592 -626684.458665 0.000000 -4.685622 -1.651406
31234 -626684.465763 0.000000 -4.692720 -1.658504
31660 -626684.457022 0.000000 -4.683978 -1.649762
31985 -626684.459354 0.000000 -4.686310 -1.652094
31699 -626684.458239 0.000000 -4.685196 -1.650980
32018 -626684.458825 0.000000 -4.685782 -1.651566
36202 -626684.491052 0.000000 -4.718009 -1.683793
801 -626684.602652 0.000000 -4.829609 -1.795393
466 -626684.618347 0.000000 -4.845303 -1.811087
871 -626684.602321 0.000000 -4.829277 -1.795062
1079 -626684.575675 0.000000 -4.802631 -1.768415
914 -626684.602716 0.000000 -4.829673 -1.795457
1102 -626684.602534 0.000000 -4.829490 -1.795274
930 -626684.618104 0.000000 -4.845060 -1.810844
5087 -626684.602497 0.000000 -4.829454 -1.795238
5407 -626684.602315 0.000000 -4.829271 -1.795055
5142 -626684.618231 0.000000 -4.845188 -1.810972
5454 -626684.602239 0.000000 -4.829195 -1.794980
5323 -626684.575701 0.000000 -4.802657 -1.768441
5473 -626684.602687 0.000000 -4.829644 -1.795428
9690 -626684.602500 0.000000 -4.829457 -1.795241
9313 -626684.618109 0.000000 -4.845066 -1.810850
9747 -626684.602485 0.000000 -4.829442 -1.795226
9924 -626684.602304 0.000000 -4.829260 -1.795044
9776 -626684.618233 0.000000 -4.845190 -1.810974
9947 -626684.602236 0.000000 -4.829192 -1.794977
85026 -626684.619847 0.000000 -4.846804 -1.812588
13930 -626684.602693 0.000000 -4.829650 -1.795434
14286 -626684.602502 0.000000 -4.829459 -1.795243
13985 -626684.618117 0.000000 -4.845073 -1.810857
14319 -626684.602502 0.000000 -4.829459 -1.795243
14003 -626684.602308 0.000000 -4.829265 -1.795049
18121 -626684.618258 0.000000 -4.845214 -1.810998
18535 -626684.602279 0.000000 -4.829236 -1.795020
18179 -626684.619838 0.000000 -4.846795 -1.812579
18592 -626684.602748 0.000000 -4.829705 -1.795489
18792 -626684.602652 0.000000 -4.829608 -1.795393
18623 -626684.618347 0.000000 -4.845304 -1.811088
18712 -626684.602321 0.000000 -4.829278 -1.795062
23077 -626684.575675 0.000000 -4.802631 -1.768415
22810 -626684.602717 0.000000 -4.829673 -1.795457
23138 -626684.602534 0.000000 -4.829490 -1.795275
22851 -626684.618104 0.000000 -4.845061 -1.810845
23169 -626684.602499 0.000000 -4.829455 -1.795239
22549 -626684.602315 0.000000 -4.829271 -1.795055
26972 -626684.618234 0.000000 -4.845190 -1.810975
27421 -626684.602242 0.000000 -4.829198 -1.794982
27610 -626684.575703 0.000000 -4.802659 -1.768443
27463 -626684.602694 0.000000 -4.829650 -1.795435
27644 -626684.602505 0.000000 -4.829461 -1.795245
27480 -626684.618115 0.000000 -4.845072 -1.810856
31591 -626684.602503 0.000000 -4.829459 -1.795243
31957 -626684.602309 0.000000 -4.829266 -1.795050
31659 -626684.618257 0.000000 -4.845214 -1.810998
32006 -626684.602279 0.000000 -4.829236 -1.795020
31698 -626684.619838 0.000000 -4.846794 -1.812579
32023 -626684.602748 0.000000 -4.829705 -1.795489
67386 -626684.879536 0.000000 -5.106492 -2.072277
71753 -626685.330196 0.000000 -5.557153 -2.522937
694 -626684.879570 0.000000 -5.106526 -2.072310
1011 -626684.884518 0.000000 -5.111474 -2.077258
732 -626684.879624 0.000000 -5.106581 -2.072365
1045 -626684.879533 0.000000 -5.106489 -2.072274
488 -626684.882245 0.000000 -5.109202 -2.074986
4854 -626684.879565 0.000000 -5.106521 -2.072305
5298 -626684.879609 0.000000 -5.106565 -2.072350
76282 -626685.330214 0.000000 -5.557171 -2.522955
5342 -626684.879572 0.000000 -5.106529 -2.072313
5516 -626684.884490 0.000000 -5.111446 -2.077230
5356 -626684.879647 0.000000 -5.106603 -2.072387
9473 -626684.879530 0.000000 -5.106487 -2.072271
9836 -626684.882235 0.000000 -5.109192 -2.074976
9541 -626684.879571 0.000000 -5.106527 -2.072312
9882 -626684.879606 0.000000 -5.106563 -2.072347
9581 -626685.330213 0.000000 -5.557170 -2.522954
9900 -626684.879574 0.000000 -5.106531 -2.072315
9278 -626684.884488 0.000000 -5.111444 -2.077229
13737 -626684.879650 0.000000 -5.106606 -2.072391
14145 -626684.879532 0.000000 -5.106488 -2.072272
14353 -626684.882234 0.000000 -5.109190 -2.074974
14189 -626684.879575 0.000000 -5.106532 -2.072316
14307 -626684.879607 0.000000 -5.106563 -2.072347
14204 -626685.330197 0.000000 -5.557154 -2.522938
18355 -626684.879582 0.000000 -5.106539 -2.072323
18683 -626684.884472 0.000000 -5.111428 -2.077212
18409 -626684.879689 0.000000 -5.106645 -2.072430
18729 -626684.879536 0.000000 -5.106492 -2.072277
88958 -626685.330196 0.000000 -5.557153 -2.522937
18749 -626684.879570 0.000000 -5.106526 -2.072310
22965 -626684.884518 0.000000 -5.111474 -2.077258
22582 -626684.879624 0.000000 -5.106581 -2.072365
23023 -626684.879533 0.000000 -5.106490 -2.072274
23208 -626684.882245 0.000000 -5.109202 -2.074986
23053 -626684.879565 0.000000 -5.106522 -2.072306
23177 -626684.879609 0.000000 -5.106566 -2.072350
98302 -626685.330213 0.000000 -5.557169 -2.522953
27204 -626684.879573 0.000000 -5.106529 -2.072314
27564 -626684.884489 0.000000 -5.111446 -2.077230
27256 -626684.879648 0.000000 -5.106605 -2.072389
27596 -626684.879532 0.000000 -5.106488 -2.072272
27235 -626684.882234 0.000000 -5.109191 -2.074975
27603 -626684.879575 0.000000 -5.106531 -2.072316
31811 -626684.879607 0.000000 -5.106563 -2.072347
31457 -626685.330197 0.000000 -5.557154 -2.522938
31869 -626684.879582 0.000000 -5.106538 -2.072323
32070 -626684.884472 0.000000 -5.111428 -2.077212
31897 -626684.879689 0.000000 -5.106645 -2.072429
428 -626685.384782 0.000000 -5.611738 -2.577522
874 -626685.384445 0.000000 -5.611402 -2.577186
1059 -626685.414105 0.000000 -5.641061 -2.606845
917 -626685.384777 0.000000 -5.611733 -2.577517
1093 -626685.413538 0.000000 -5.640494 -2.606278
932 -626685.384431 0.000000 -5.611387 -2.577171
5049 -626685.384690 0.000000 -5.611646 -2.577430
5410 -626685.413271 0.000000 -5.640227 -2.606011
5117 -626685.384810 0.000000 -5.611767 -2.577551
5457 -626685.384447 0.000000 -5.611403 -2.577188
5156 -626685.403116 0.000000 -5.630072 -2.595856
5475 -626685.384795 0.000000 -5.611752 -2.577536
5120 -626685.413529 0.000000 -5.640485 -2.606269
9316 -626685.384453 0.000000 -5.611409 -2.577193
9720 -626685.384694 0.000000 -5.611651 -2.577435
9927 -626685.413266 0.000000 -5.640222 -2.606006
9765 -626685.384819 0.000000 -5.611775 -2.577559
9950 -626685.384449 0.000000 -5.611406 -2.577190
9779 -626685.403121 0.000000 -5.630078 -2.595862
13933 -626685.384801 0.000000 -5.611758 -2.577542
14259 -626685.413536 0.000000 -5.640492 -2.606277
13988 -626685.384455 0.000000 -5.611412 -2.577196
14304 -626685.384706 0.000000 -5.611663 -2.577447
13896 -626685.413280 0.000000 -5.640237 -2.606021
14324 -626685.384830 0.000000 -5.611787 -2.577571
18538 -626685.384473 0.000000 -5.611430 -2.577214
18155 -626685.403129 0.000000 -5.630086 -2.595870
18595 -626685.384823 0.000000 -5.611780 -2.577564
18777 -626685.413587 0.000000 -5.640544 -2.606328
18626 -626685.384782 0.000000 -5.611738 -2.577523
18798 -626685.384445 0.000000 -5.611402 -2.577186
23078 -626685.414105 0.000000 -5.641061 -2.606846
22779 -626685.384777 0.000000 -5.611734 -2.577518
23141 -626685.413538 0.000000 -5.640495 -2.606279
22832 -626685.384431 0.000000 -5.611387 -2.577172
23172 -626685.384691 0.000000 -5.611648 -2.577432
22782 -626685.413272 0.000000 -5.640229 -2.606013
23180 -626685.384812 0.000000 -5.611768 -2.577552
27386 -626685.384450 0.000000 -5.611406 -2.577190
27030 -626685.403116 0.000000 -5.630073 -2.595857
27444 -626685.384799 0.000000 -5.611756 -2.577540
27647 -626685.413536 0.000000 -5.640493 -2.606277
27473 -626685.384454 0.000000 -5.611410 -2.577194
27535 -626685.384706 0.000000 -5.611662 -2.577446
31924 -626685.413281 0.000000 -5.640237 -2.606021
31662 -626685.384830 0.000000 -5.611786 -2.577570
31983 -626685.384473 0.000000 -5.611430 -2.577214
31701 -626685.403129 0.000000 -5.630085 -2.595869
32016 -626685.384823 0.000000 -5.611779 -2.577564
31435 -626685.413587 0.000000 -5.640544 -2.606328
429 -626685.331452 0.000000 -5.558409 -2.524193
842 -626685.331260 0.000000 -5.558217 -2.524001
486 -626685.330952 0.000000 -5.557908 -2.523692
901 -626685.331329 0.000000 -5.558285 -2.524069
1094 -626685.757021 0.000000 -5.983977 -2.949761
928 -626685.331247 0.000000 -5.558203 -2.523987
5050 -626685.331600 0.000000 -5.558556 -2.524340
4688 -626685.329136 0.000000 -5.556093 -2.521877
5118 -626685.331430 0.000000 -5.558387 -2.524171
5437 -626685.331211 0.000000 -5.558168 -2.523952
5157 -626685.331029 0.000000 -5.557986 -2.523770
5471 -626685.331332 0.000000 -5.558289 -2.524073
4893 -626685.756992 0.000000 -5.983948 -2.949732
9280 -626685.331266 0.000000 -5.558223 -2.524007
9721 -626685.331597 0.000000 -5.558554 -2.524338
9339 -626685.329147 0.000000 -5.556104 -2.521888
9766 -626685.331437 0.000000 -5.558394 -2.524178
9942 -626685.331211 0.000000 -5.558167 -2.523951
9780 -626685.331035 0.000000 -5.557991 -2.523775
13897 -626685.331339 0.000000 -5.558295 -2.524079
14260 -626685.756991 0.000000 -5.983947 -2.949732
13964 -626685.331274 0.000000 -5.558230 -2.524014
14305 -626685.331610 0.000000 -5.558567 -2.524351
14005 -626685.329145 0.000000 -5.556102 -2.521886
14325 -626685.331457 0.000000 -5.558413 -2.524198
18498 -626685.331236 0.000000 -5.558192 -2.523976
18156 -626685.331056 0.000000 -5.558012 -2.523796
18571 -626685.331362 0.000000 -5.558319 -2.524103
18778 -626685.757011 0.000000 -5.983967 -2.949752
18614 -626685.331452 0.000000 -5.558409 -2.524193
18780 -626685.331260 0.000000 -5.558217 -2.524001
22366 -626685.330952 0.000000 -5.557908 -2.523693
22780 -626685.331329 0.000000 -5.558286 -2.524070
23113 -626685.757021 0.000000 -5.983977 -2.949761
22833 -626685.331247 0.000000 -5.558204 -2.523988
23160 -626685.331601 0.000000 -5.558558 -2.524342
22855 -626685.329136 0.000000 -5.556093 -2.521877
23179 -626685.331433 0.000000 -5.558389 -2.524173
27387 -626685.331214 0.000000 -5.558170 -2.523955
27009 -626685.331030 0.000000 -5.557987 -2.523771
27445 -626685.331338 0.000000 -5.558294 -2.524078
27633 -626685.756993 0.000000 -5.983949 -2.949734
27474 -626685.331272 0.000000 -5.558229 -2.524013
27583 -626685.331610 0.000000 -5.558567 -2.524351
31233 -626685.329145 0.000000 -5.556101 -2.521885
31632 -626685.331456 0.000000 -5.558413 -2.524197
31984 -626685.331236 0.000000 -5.558192 -2.523976
31685 -626685.331055 0.000000 -5.558012 -2.523796
32017 -626685.331362 0.000000 -5.558318 -2.524103
31630 -626685.757011 0.000000 -5.983968 -2.949752
261 -626685.814073 0.000000 -6.041029 -3.006813
662 -626685.785846 0.000000 -6.012802 -2.978586
1012 -626685.787863 0.000000 -6.014820 -2.980604
716 -626685.786217 0.000000 -6.013174 -2.978958
1046 -626685.787691 0.000000 -6.014648 -2.980432
735 -626685.800251 0.000000 -6.027208 -2.992992
4855 -626685.785984 0.000000 -6.012940 -2.978725
5266 -626685.788064 0.000000 -6.015021 -2.980805
4914 -626685.814186 0.000000 -6.041143 -3.006927
5324 -626685.785891 0.000000 -6.012847 -2.978631
5517 -626685.787854 0.000000 -6.014810 -2.980594
5352 -626685.786252 0.000000 -6.013208 -2.978992
9474 -626685.787706 0.000000 -6.014663 -2.980447
9111 -626685.813978 0.000000 -6.040935 -3.006719
9542 -626685.785997 0.000000 -6.012953 -2.978737
9862 -626685.788068 0.000000 -6.015025 -2.980809
9582 -626685.814191 0.000000 -6.041148 -3.006932
9896 -626685.785897 0.000000 -6.012853 -2.978637
9110 -626685.787857 0.000000 -6.014813 -2.980597
13701 -626685.786254 0.000000 -6.013210 -2.978995
14146 -626685.787712 0.000000 -6.014668 -2.980453
13760 -626685.813975 0.000000 -6.040931 -3.006716
14190 -626685.786000 0.000000 -6.012957 -2.978741
14367 -626685.788080 0.000000 -6.015036 -2.980821
14205 -626685.814189 0.000000 -6.041145 -3.006929
18318 -626685.785904 0.000000 -6.012861 -2.978645
18684 -626685.787883 0.000000 -6.014839 -2.980623
18385 -626685.786255 0.000000 -6.013212 -2.978996
18730 -626685.787704 0.000000 -6.014660 -2.980444
18427 -626685.814073 0.000000 -6.041029 -3.006813
18750 -626685.785846 0.000000 -6.012802 -2.978587
22925 -626685.787863 0.000000 -6.014820 -2.980604
22583 -626685.786218 0.000000 -6.013174 -2.978958
22999 -626685.787692 0.000000 -6.014648 -2.980433
94009 -626685.813967 0.000000 -6.040924 -3.006708
23041 -626685.785984 0.000000 -6.012941 -2.978725
23158 -626685.788066 0.000000 -6.015022 -2.980806
26790 -626685.814186 0.000000 -6.041143 -3.006927
27205 -626685.785892 0.000000 -6.012849 -2.978633
27536 -626685.787856 0.000000 -6.014813 -2.980597
27257 -626685.786252 0.000000 -6.013208 -2.978992
27584 -626685.787711 0.000000 -6.014667 -2.980451
27278 -626685.813974 0.000000 -6.040931 -3.006715
27602 -626685.785999 0.000000 -6.012956 -2.978740
31812 -626685.788079 0.000000 -6.015036 -2.980820
31436 -626685.814188 0.000000 -6.041145 -3.006929
31870 -626685.785904 0.000000 -6.012861 -2.978645
32054 -626685.787882 0.000000 -6.014839 -2.980623
31898 -626685.786255 0.000000 -6.013212 -2.978996
32019 -626685.787703 0.000000 -6.014660 -2.980444
622 -626685.295807 0.000000 -5.522763 -2.488547
985 -626685.297072 0.000000 -5.524028 -2.489812
691 -626685.295817 0.000000 -5.522774 -2.488558
1033 -626685.295896 0.000000 -5.522852 -2.488636
729 -626685.294982 0.000000 -5.521939 -2.487723
1051 -626685.295740 0.000000 -5.522697 -2.488481
5227 -626685.297035 0.000000 -5.523992 -2.489776
4892 -626685.295112 0.000000 -5.522069 -2.487853
5295 -626685.295779 0.000000 -5.522735 -2.488520
5502 -626685.296977 0.000000 -5.523934 -2.489718
5339 -626685.295850 0.000000 -5.522807 -2.488591
5526 -626685.295886 0.000000 -5.522843 -2.488627
5354 -626685.295010 0.000000 -5.521966 -2.487750
9511 -626685.295750 0.000000 -5.522706 -2.488491
9833 -626685.297028 0.000000 -5.523984 -2.489768
9567 -626685.295122 0.000000 -5.522078 -2.487862
9879 -626685.295782 0.000000 -5.522739 -2.488523
9568 -626685.296975 0.000000 -5.523931 -2.489715
9898 -626685.295855 0.000000 -5.522812 -2.488596
14115 -626685.295890 0.000000 -5.522847 -2.488631
13734 -626685.295009 0.000000 -5.521966 -2.487750
14171 -626685.295757 0.000000 -5.522713 -2.488497
14350 -626685.297037 0.000000 -5.523993 -2.489777
14201 -626685.295122 0.000000 -5.522079 -2.487863
14372 -626685.295799 0.000000 -5.522756 -2.488540
18650 -626685.296989 0.000000 -5.523946 -2.489730
18352 -626685.295873 0.000000 -5.522829 -2.488613
18711 -626685.295913 0.000000 -5.522870 -2.488654
18406 -626685.295022 0.000000 -5.521978 -2.487763
18743 -626685.295807 0.000000 -5.522763 -2.488548
18426 -626685.297072 0.000000 -5.524028 -2.489812
22548 -626685.295817 0.000000 -5.522774 -2.488558
22962 -626685.295896 0.000000 -5.522853 -2.488637
22605 -626685.294982 0.000000 -5.521939 -2.487723
23020 -626685.295741 0.000000 -5.522697 -2.488481
23222 -626685.297036 0.000000 -5.523993 -2.489777
23050 -626685.295112 0.000000 -5.522069 -2.487853
23057 -626685.295781 0.000000 -5.522737 -2.488521
27501 -626685.296979 0.000000 -5.523935 -2.489719
27234 -626685.295852 0.000000 -5.522809 -2.488593
27561 -626685.295891 0.000000 -5.522847 -2.488631
27274 -626685.295008 0.000000 -5.521964 -2.487748
27593 -626685.295756 0.000000 -5.522712 -2.488497
27007 -626685.297037 0.000000 -5.523994 -2.489778
31398 -626685.295122 0.000000 -5.522078 -2.487862
31845 -626685.295799 0.000000 -5.522755 -2.488540
32032 -626685.296990 0.000000 -5.523946 -2.489730
31887 -626685.295872 0.000000 -5.522829 -2.488613
32067 -626685.295913 0.000000 -5.522870 -2.488654
31903 -626685.295022 0.000000 -5.521978 -2.487762
623 -626686.180725 0.000000 -6.407682 -3.373466
262 -626685.781429 0.000000 -6.008386 -2.974170
692 -626685.785364 0.000000 -6.012321 -2.978105
1013 -626686.177384 0.000000 -6.404340 -3.370124
730 -626685.784916 0.000000 -6.011872 -2.977656
1047 -626686.180835 0.000000 -6.407792 -3.373576
71461 -626685.781751 0.000000 -6.008707 -2.974491
4856 -626685.784715 0.000000 -6.011671 -2.977455
5296 -626685.788703 0.000000 -6.015659 -2.981444
4915 -626685.781254 0.000000 -6.008211 -2.973995
5340 -626685.785400 0.000000 -6.012357 -2.978141
5518 -626686.177376 0.000000 -6.404332 -3.370116
5355 -626685.784936 0.000000 -6.011893 -2.977677
9475 -626686.180856 0.000000 -6.407813 -3.373597
80634 -626685.781744 0.000000 -6.008701 -2.974485
9543 -626685.784722 0.000000 -6.011679 -2.977463
9880 -626685.788706 0.000000 -6.015662 -2.981446
9583 -626685.781255 0.000000 -6.008211 -2.973996
9899 -626685.785404 0.000000 -6.012361 -2.978145
14075 -626686.177374 0.000000 -6.404331 -3.370115
13735 -626685.784940 0.000000 -6.011896 -2.977680
14147 -626686.180859 0.000000 -6.407816 -3.373600
85151 -626685.781745 0.000000 -6.008702 -2.974486
14191 -626685.784730 0.000000 -6.011686 -2.977470
14366 -626685.788718 0.000000 -6.015674 -2.981459
17937 -626685.781252 0.000000 -6.008208 -2.973992
18353 -626685.785417 0.000000 -6.012374 -2.978158
18685 -626686.177434 0.000000 -6.404390 -3.370174
18407 -626685.784906 0.000000 -6.011863 -2.977647
18731 -626686.180725 0.000000 -6.407682 -3.373466
18429 -626685.781430 0.000000 -6.008386 -2.974170
18751 -626685.785364 0.000000 -6.012321 -2.978105
22963 -626686.177384 0.000000 -6.404340 -3.370124
22584 -626685.784916 0.000000 -6.011873 -2.977657
23021 -626686.180835 0.000000 -6.407792 -3.373576
94010 -626685.781751 0.000000 -6.008708 -2.974492
23051 -626685.784716 0.000000 -6.011672 -2.977456
23111 -626685.788703 0.000000 -6.015660 -2.981444
26808 -626685.781255 0.000000 -6.008212 -2.973996
27206 -626685.785402 0.000000 -6.012359 -2.978143
27562 -626686.177373 0.000000 -6.404329 -3.370114
27258 -626685.784939 0.000000 -6.011896 -2.977680
27594 -626686.180858 0.000000 -6.407814 -3.373598
97967 -626685.781746 0.000000 -6.008702 -2.974487
31399 -626685.784729 0.000000 -6.011686 -2.977470
31813 -626685.788718 0.000000 -6.015674 -2.981458
31455 -626685.781252 0.000000 -6.008208 -2.973992
31871 -626685.785417 0.000000 -6.012373 -2.978158
32068 -626686.177433 0.000000 -6.404390 -3.370174
31899 -626685.784906 0.000000 -6.011863 -2.977647
841 -626685.780607 0.000000 -6.007563 -2.973348
467 -626685.386622 0.000000 -5.613579 -2.579363
900 -626685.383649 0.000000 -5.610605 -2.576390
71880 -626684.993600 0.000000 -5.220556 -2.186340
927 -626685.382456 0.000000 -5.609413 -2.575197
1096 -626685.780781 0.000000 -6.007737 -2.973521
4687 -626685.386794 0.000000 -5.613751 -2.579535
5088 -626685.382453 0.000000 -5.609409 -2.575193
5436 -626685.780435 0.000000 -6.007391 -2.973175
5143 -626685.386924 0.000000 -5.613880 -2.579664
5470 -626685.383664 0.000000 -5.610620 -2.576404
76065 -626684.993578 0.000000 -5.220535 -2.186319
9279 -626685.382481 0.000000 -5.609437 -2.575221
9691 -626685.780783 0.000000 -6.007739 -2.973523
9338 -626685.386803 0.000000 -5.613759 -2.579544
9748 -626685.382459 0.000000 -5.609415 -2.575199
9941 -626685.780434 0.000000 -6.007390 -2.973175
9777 -626685.386929 0.000000 -5.613885 -2.579669
9907 -626685.383666 0.000000 -5.610623 -2.576407
13534 -626684.993582 0.000000 -5.220538 -2.186322
13963 -626685.382486 0.000000 -5.609443 -2.575227
14287 -626685.780783 0.000000 -6.007740 -2.973524
14004 -626685.386810 0.000000 -5.613766 -2.579550
14320 -626685.382469 0.000000 -5.609425 -2.575210
13700 -626685.780429 0.000000 -6.007386 -2.973170
18122 -626685.386933 0.000000 -5.613889 -2.579673
18570 -626685.383683 0.000000 -5.610639 -2.576423
18180 -626684.993573 0.000000 -5.220529 -2.186313
18613 -626685.382444 0.000000 -5.609400 -2.575184
18793 -626685.780607 0.000000 -6.007563 -2.973348
18629 -626685.386623 0.000000 -5.613579 -2.579363
22744 -626685.383649 0.000000 -5.610606 -2.576390
93912 -626684.993600 0.000000 -5.220557 -2.186341
22811 -626685.382457 0.000000 -5.609413 -2.575198
23159 -626685.780781 0.000000 -6.007737 -2.973521
22852 -626685.386795 0.000000 -5.613752 -2.579536
23178 -626685.382454 0.000000 -5.609410 -2.575194
27349 -626685.780434 0.000000 -6.007390 -2.973174
27008 -626685.386926 0.000000 -5.613883 -2.579667
27422 -626685.383665 0.000000 -5.610622 -2.576406
98432 -626684.993584 0.000000 -5.220540 -2.186324
27464 -626685.382485 0.000000 -5.609442 -2.575226
27601 -626685.780782 0.000000 -6.007739 -2.973523
27481 -626685.386809 0.000000 -5.613766 -2.579550
31631 -626685.382469 0.000000 -5.609425 -2.575209
31958 -626685.780429 0.000000 -6.007386 -2.973170
31684 -626685.386933 0.000000 -5.613889 -2.579673
32007 -626685.383683 0.000000 -5.610639 -2.576423
31704 -626684.993573 0.000000 -5.220529 -2.186313
32024 -626685.382443 0.000000 -5.609400 -2.575184
1105 -626684.926445 0.000000 -5.153402 -2.119186
1103 -626685.331625 0.000000 -5.558581 -2.524365
1106 -626685.329923 0.000000 -5.556880 -2.522664
1104 -626684.936801 0.000000 -5.163757 -2.129542
1107 -626685.326900 0.000000 -5.553857 -2.519641
1109 -626684.927646 0.000000 -5.154602 -2.120386
1108 -626685.331705 0.000000 -5.558662 -2.524446
5528 -626685.327097 0.000000 -5.554054 -2.519838
5527 -626684.933874 0.000000 -5.160831 -2.126615
5529 -626685.331712 0.000000 -5.558669 -2.524453
5531 -626685.329895 0.000000 -5.556852 -2.522636
5530 -626684.936814 0.000000 -5.163771 -2.129555
5532 -626685.326917 0.000000 -5.553874 -2.519658
9953 -626684.927652 0.000000 -5.154608 -2.120392
9951 -626685.331718 0.000000 -5.558674 -2.524458
9954 -626685.327099 0.000000 -5.554055 -2.519839
9952 -626684.933873 0.000000 -5.160829 -2.126613
9955 -626685.331717 0.000000 -5.558674 -2.524458
9956 -626685.329895 0.000000 -5.556851 -2.522635
14373 -626684.936819 0.000000 -5.163775 -2.129560
14374 -626685.326921 0.000000 -5.553878 -2.519662
14377 -626684.927654 0.000000 -5.154610 -2.120394
14375 -626685.331725 0.000000 -5.558682 -2.524466
14378 -626685.327107 0.000000 -5.554063 -2.519848
14376 -626684.933890 0.000000 -5.160847 -2.126631
18799 -626685.331727 0.000000 -5.558684 -2.524468
18802 -626685.329925 0.000000 -5.556881 -2.522665
18800 -626684.936803 0.000000 -5.163759 -2.129543
18803 -626685.326878 0.000000 -5.553834 -2.519618
18801 -626684.935504 0.000000 -5.162461 -2.128245
18804 -626685.331625 0.000000 -5.558581 -2.524366
18805 -626685.329923 0.000000 -5.556880 -2.522664
23227 -626684.936802 0.000000 -5.163758 -2.129542
23228 -626685.326901 0.000000 -5.553857 -2.519641
23231 -626684.927646 0.000000 -5.154603 -2.120387
23229 -626685.331706 0.000000 -5.558663 -2.524447
23232 -626685.327098 0.000000 -5.554054 -2.519839
23230 -626684.933877 0.000000 -5.160834 -2.126618
27651 -626685.331715 0.000000 -5.558671 -2.524455
27653 -626685.329895 0.000000 -5.556852 -2.522636
27652 -626684.936820 0.000000 -5.163776 -2.129561
27654 -626685.326921 0.000000 -5.553877 -2.519661
27656 -626684.927656 0.000000 -5.154612 -2.120397
27655 -626685.331725 0.000000 -5.558682 -2.524466
32074 -626685.327107 0.000000 -5.554063 -2.519847
32073 -626684.933891 0.000000 -5.160847 -2.126632
32075 -626685.331727 0.000000 -5.558683 -2.524468
32077 -626685.329925 0.000000 -5.556881 -2.522665
32076 -626684.936803 0.000000 -5.163759 -2.129543
32078 -626685.326878 0.000000 -5.553834 -2.519618
1468 -626685.295928 0.000000 -5.522885 -2.488669
1185 -626685.288221 0.000000 -5.515177 -2.480962
1411 -626685.294822 0.000000 -5.521778 -2.487562
1148 -626685.288357 0.000000 -5.515313 -2.481098
1384 -626685.294809 0.000000 -5.521765 -2.487549
1140 -626685.296071 0.000000 -5.523028 -2.488812
5736 -626685.288782 0.000000 -5.515738 -2.481522
6052 -626685.295559 0.000000 -5.522515 -2.488300
5677 -626685.295975 0.000000 -5.522931 -2.488715
5549 -626685.288176 0.000000 -5.515133 -2.480917
5646 -626685.294789 0.000000 -5.521746 -2.487530
5537 -626685.288358 0.000000 -5.515314 -2.481099
10725 -626685.294811 0.000000 -5.521768 -2.487552
10283 -626685.296081 0.000000 -5.523037 -2.488822
10030 -626685.288779 0.000000 -5.515735 -2.481520
10240 -626685.295561 0.000000 -5.522518 -2.488302
9995 -626685.295978 0.000000 -5.522934 -2.488718
9958 -626685.288173 0.000000 -5.515129 -2.480913
14969 -626685.294795 0.000000 -5.521752 -2.487536
14549 -626685.288360 0.000000 -5.515317 -2.481101
14902 -626685.294818 0.000000 -5.521775 -2.487559
14504 -626685.296088 0.000000 -5.523044 -2.488828
14392 -626685.288784 0.000000 -5.515740 -2.481524
14487 -626685.295573 0.000000 -5.522529 -2.488313
14382 -626685.295987 0.000000 -5.522944 -2.488728
19551 -626684.544666 0.000000 -4.771623 -1.737407
19134 -626685.294776 0.000000 -5.521733 -2.487517
18857 -626685.288326 0.000000 -5.515282 -2.481066
19091 -626685.293560 0.000000 -5.520517 -2.486301
18836 -626685.295929 0.000000 -5.522885 -2.488669
18806 -626685.288221 0.000000 -5.515177 -2.480962
23792 -626685.294822 0.000000 -5.521779 -2.487563
23403 -626685.288357 0.000000 -5.515314 -2.481098
23744 -626685.294810 0.000000 -5.521766 -2.487550
23358 -626685.296072 0.000000 -5.523028 -2.488813
23237 -626685.288782 0.000000 -5.515738 -2.481522
23339 -626685.295561 0.000000 -5.522518 -2.488302
28019 -626685.295976 0.000000 -5.522932 -2.488717
27755 -626685.288175 0.000000 -5.515132 -2.480916
27964 -626685.294794 0.000000 -5.521751 -2.487535
27705 -626685.288360 0.000000 -5.515317 -2.481101
27935 -626685.294819 0.000000 -5.521775 -2.487560
27686 -626685.296087 0.000000 -5.523044 -2.488828
32285 -626685.288784 0.000000 -5.515740 -2.481525
32632 -626685.295573 0.000000 -5.522529 -2.488314
32224 -626685.295987 0.000000 -5.522944 -2.488728
32103 -626685.288220 0.000000 -5.515177 -2.480961
32194 -626685.294776 0.000000 -5.521733 -2.487517
32083 -626685.288326 0.000000 -5.515282 -2.481066
32186 -626685.293560 0.000000 -5.520516 -2.486301
1467 -626685.273776 0.000000 -5.500732 -2.466517
1851 -626684.877329 0.000000 -5.104286 -2.070070
1410 -626685.275487 0.000000 -5.502443 -2.468228
1162 -626685.271981 0.000000 -5.498938 -2.464722
1383 -626684.882093 0.000000 -5.109049 -2.074834
1141 -626685.273798 0.000000 -5.500754 -2.466539
5735 -626685.271067 0.000000 -5.498024 -2.463808
6082 -626684.881641 0.000000 -5.108597 -2.074381
5676 -626684.879621 0.000000 -5.106578 -2.072362
6034 -626684.877358 0.000000 -5.104314 -2.070098
5645 -626685.275485 0.000000 -5.502442 -2.468226
5539 -626685.271975 0.000000 -5.498932 -2.464716
10724 -626684.882110 0.000000 -5.109067 -2.074851
10313 -626685.273812 0.000000 -5.500768 -2.466552
10029 -626685.271065 0.000000 -5.498022 -2.463806
10256 -626684.881644 0.000000 -5.108601 -2.074385
9994 -626684.879621 0.000000 -5.106578 -2.072362
10229 -626684.877359 0.000000 -5.104316 -2.070100
14968 -626685.275488 0.000000 -5.502445 -2.468229
14581 -626685.271973 0.000000 -5.498930 -2.464714
14901 -626684.882115 0.000000 -5.109071 -2.074856
14522 -626685.273811 0.000000 -5.500767 -2.466551
14879 -626684.877388 0.000000 -5.104344 -2.070128
14489 -626684.881653 0.000000 -5.108610 -2.074394
14381 -626684.879620 0.000000 -5.106576 -2.072360
19577 -626684.877366 0.000000 -5.104322 -2.070106
19133 -626685.275485 0.000000 -5.502441 -2.468225
18875 -626685.271850 0.000000 -5.498807 -2.464591
19090 -626684.880943 0.000000 -5.107900 -2.073684
18842 -626685.273776 0.000000 -5.500733 -2.466517
19079 -626684.877329 0.000000 -5.104286 -2.070070
23826 -626685.275487 0.000000 -5.502444 -2.468228
23402 -626685.271981 0.000000 -5.498938 -2.464722
23761 -626684.882093 0.000000 -5.109050 -2.074834
23357 -626685.273798 0.000000 -5.500754 -2.466538
23243 -626685.271067 0.000000 -5.498023 -2.463808
23338 -626684.881642 0.000000 -5.108598 -2.074382
28057 -626684.879621 0.000000 -5.106578 -2.072362
28402 -626684.877358 0.000000 -5.104315 -2.070099
27986 -626685.275485 0.000000 -5.502442 -2.468226
27704 -626685.271973 0.000000 -5.498929 -2.464713
27945 -626684.882115 0.000000 -5.109071 -2.074855
27685 -626685.273809 0.000000 -5.500766 -2.466550
32323 -626685.271057 0.000000 -5.498014 -2.463798
32631 -626684.881653 0.000000 -5.108610 -2.074394
32250 -626684.879620 0.000000 -5.106576 -2.072360
32586 -626684.877366 0.000000 -5.104322 -2.070106
32204 -626685.275484 0.000000 -5.502441 -2.468225
32082 -626685.271850 0.000000 -5.498807 -2.464591
32187 -626684.880943 0.000000 -5.107900 -2.073684
1313 -626684.603830 0.000000 -4.830786 -1.796570
1633 -626684.601410 0.000000 -4.828366 -1.794150
1254 -626684.602502 0.000000 -4.829459 -1.795243
1124 -626686.072684 0.000000 -6.299641 -3.265425
1224 -626684.601757 0.000000 -4.828714 -1.794498
1113 -626684.603996 0.000000 -4.830952 -1.796737
6301 -626684.601337 0.000000 -4.828294 -1.794078
5859 -626684.601697 0.000000 -4.828653 -1.794437
5607 -626684.603626 0.000000 -4.830582 -1.796367
5818 -626684.601574 0.000000 -4.828530 -1.794314
5572 -626684.602476 0.000000 -4.829432 -1.795217
5534 -626686.072705 0.000000 -6.299662 -3.265446
10544 -626684.601773 0.000000 -4.828729 -1.794514
10127 -626684.603982 0.000000 -4.830938 -1.796722
10477 -626684.601354 0.000000 -4.828310 -1.794095
10082 -626684.601698 0.000000 -4.828654 -1.794438
9971 -626684.603620 0.000000 -4.830576 -1.796360
10067 -626684.601579 0.000000 -4.828536 -1.794320
9961 -626684.602474 0.000000 -4.829431 -1.795215
15123 -626684.207240 0.000000 -4.434197 -1.399981
14706 -626684.601776 0.000000 -4.828733 -1.794517
14431 -626684.603976 0.000000 -4.830932 -1.796716
14663 -626684.601361 0.000000 -4.828317 -1.794102
14410 -626684.601703 0.000000 -4.828660 -1.794444
14379 -626684.603600 0.000000 -4.830556 -1.796340
19364 -626684.601593 0.000000 -4.828550 -1.794334
18974 -626684.602494 0.000000 -4.829450 -1.795235
19316 -626684.207227 0.000000 -4.434184 -1.399968
18931 -626684.601819 0.000000 -4.828775 -1.794559
18811 -626684.603830 0.000000 -4.830786 -1.796570
18914 -626684.601410 0.000000 -4.828366 -1.794150
23594 -626684.602502 0.000000 -4.829458 -1.795243
23329 -626686.072683 0.000000 -6.299640 -3.265424
23540 -626684.601757 0.000000 -4.828714 -1.794498
23281 -626684.603995 0.000000 -4.830952 -1.796736
23511 -626684.601338 0.000000 -4.828294 -1.794078
23262 -626684.601696 0.000000 -4.828653 -1.794437
27862 -626684.603624 0.000000 -4.830581 -1.796365
28214 -626684.601574 0.000000 -4.828531 -1.794315
27801 -626684.602474 0.000000 -4.829431 -1.795215
98478 -626684.207239 0.000000 -4.434196 -1.399980
27772 -626684.601775 0.000000 -4.828731 -1.794516
27660 -626684.603976 0.000000 -4.830932 -1.796717
27764 -626684.601360 0.000000 -4.828316 -1.794100
32439 -626684.601703 0.000000 -4.828659 -1.794443
32152 -626684.603600 0.000000 -4.830556 -1.796341
32384 -626684.601593 0.000000 -4.828549 -1.794334
32117 -626684.602494 0.000000 -4.829450 -1.795235
32357 -626684.207227 0.000000 -4.434183 -1.399968
32109 -626684.601818 0.000000 -4.828775 -1.794559
1312 -626684.855538 0.000000 -5.082495 -2.048279
1661 -626684.457916 0.000000 -4.684873 -1.650657
1253 -626684.854530 0.000000 -5.081486 -2.047271
1615 -626684.462821 0.000000 -4.689778 -1.655562
1223 -626684.456797 0.000000 -4.683754 -1.649538
1114 -626685.249549 0.000000 -5.476505 -2.442289
6300 -626684.457724 0.000000 -4.684680 -1.650464
5889 -626684.456808 0.000000 -4.683764 -1.649548
5606 -626684.855610 0.000000 -5.082566 -2.048351
5832 -626684.457932 0.000000 -4.684889 -1.650673
5571 -626684.854483 0.000000 -5.081439 -2.047223
5807 -626684.462904 0.000000 -4.689860 -1.655644
10543 -626684.456786 0.000000 -4.683742 -1.649526
10157 -626685.249546 0.000000 -5.476502 -2.442287
10476 -626684.457738 0.000000 -4.684694 -1.650479
10100 -626684.456800 0.000000 -4.683756 -1.649540
10455 -626685.590688 0.000000 -5.817645 -2.783429
10069 -626684.457934 0.000000 -4.684891 -1.650675
9960 -626684.854473 0.000000 -5.081429 -2.047213
15149 -626684.462911 0.000000 -4.689867 -1.655651
14705 -626684.456783 0.000000 -4.683739 -1.649523
14449 -626685.249518 0.000000 -5.476474 -2.442259
14662 -626684.457746 0.000000 -4.684703 -1.650487
14416 -626684.456790 0.000000 -4.683746 -1.649530
14653 -626685.590694 0.000000 -5.817651 -2.783435
19398 -626684.457960 0.000000 -4.684917 -1.650701
18973 -626684.854412 0.000000 -5.081369 -2.047153
19333 -626684.462937 0.000000 -4.689894 -1.655678
18930 -626684.456922 0.000000 -4.683878 -1.649662
18817 -626684.855538 0.000000 -5.082495 -2.048279
18913 -626684.457916 0.000000 -4.684873 -1.650657
23632 -626684.854529 0.000000 -5.081486 -2.047270
23979 -626684.462822 0.000000 -4.689778 -1.655562
23562 -626684.456797 0.000000 -4.683753 -1.649537
23280 -626685.249546 0.000000 -5.476503 -2.442287
23521 -626684.457723 0.000000 -4.684680 -1.650464
23261 -626684.456806 0.000000 -4.683762 -1.649546
98700 -626685.590687 0.000000 -5.817644 -2.783428
28213 -626684.457931 0.000000 -4.684888 -1.650672
27827 -626684.854474 0.000000 -5.081430 -2.047215
28168 -626684.462906 0.000000 -4.689863 -1.655647
27782 -626684.456782 0.000000 -4.683739 -1.649523
27659 -626685.249517 0.000000 -5.476474 -2.442258
27765 -626684.457745 0.000000 -4.684701 -1.650485
32438 -626684.456790 0.000000 -4.683746 -1.649530
32823 -626685.590694 0.000000 -5.817650 -2.783435
32383 -626684.457960 0.000000 -4.684917 -1.650701
32129 -626684.854412 0.000000 -5.081369 -2.047153
32356 -626684.462937 0.000000 -4.689893 -1.655678
32110 -626684.456922 0.000000 -4.683878 -1.649662
1879 -626685.194711 0.000000 -5.421667 -2.387451
1437 -626685.588558 0.000000 -5.815515 -2.781299
1184 -626685.603017 0.000000 -5.829974 -2.795758
1396 -626685.589130 0.000000 -5.816086 -2.781870
1147 -626685.983236 0.000000 -6.210192 -3.175977
1111 -626684.692885 0.000000 -4.919842 -1.885626
6120 -626685.588410 0.000000 -5.815367 -2.781151
5705 -626685.590142 0.000000 -5.817098 -2.782883
6051 -626685.195434 0.000000 -5.422391 -2.388175
5658 -626685.588535 0.000000 -5.815491 -2.781275
5548 -626685.603029 0.000000 -5.829986 -2.795770
5643 -626685.589140 0.000000 -5.816097 -2.781881
10350 -626685.983246 0.000000 -6.210202 -3.175987
10698 -626685.195677 0.000000 -5.422633 -2.388417
10282 -626685.588412 0.000000 -5.815368 -2.781153
10011 -626685.590143 0.000000 -5.817099 -2.782883
10239 -626685.195434 0.000000 -5.422391 -2.388175
9989 -626685.588535 0.000000 -5.815492 -2.781276
9957 -626685.603030 0.000000 -5.829986 -2.795771
14934 -626685.589141 0.000000 -5.816097 -2.781882
14548 -626685.983244 0.000000 -6.210201 -3.175985
14884 -626685.195681 0.000000 -5.422638 -2.388422
14503 -626685.588412 0.000000 -5.815368 -2.781152
14386 -626685.590144 0.000000 -5.817101 -2.782885
14486 -626685.195443 0.000000 -5.422399 -2.388183
19166 -626685.588537 0.000000 -5.815493 -2.781277
18904 -626685.603051 0.000000 -5.830008 -2.795792
19111 -626685.589138 0.000000 -5.816095 -2.781879
18856 -626685.983230 0.000000 -6.210187 -3.175971
19082 -626685.194711 0.000000 -5.421667 -2.387451
18835 -626685.588559 0.000000 -5.815515 -2.781299
23439 -626685.603017 0.000000 -5.829974 -2.795758
23791 -626685.589130 0.000000 -5.816086 -2.781870
23378 -626685.983235 0.000000 -6.210192 -3.175976
94054 -626685.588764 0.000000 -5.815720 -2.781505
23347 -626685.588410 0.000000 -5.815367 -2.781151
23236 -626685.590142 0.000000 -5.817098 -2.782882
28430 -626685.195435 0.000000 -5.422392 -2.388176
28018 -626685.588534 0.000000 -5.815491 -2.781275
27729 -626685.603029 0.000000 -5.829985 -2.795770
27963 -626685.589140 0.000000 -5.816096 -2.781881
27694 -626685.983243 0.000000 -6.210199 -3.175984
27934 -626685.588774 0.000000 -5.815730 -2.781515
27684 -626685.588411 0.000000 -5.815368 -2.781152
32284 -626685.590144 0.000000 -5.817100 -2.782885
32605 -626685.195443 0.000000 -5.422399 -2.388184
32223 -626685.588536 0.000000 -5.815493 -2.781277
32092 -626685.603051 0.000000 -5.830007 -2.795792
32193 -626685.589138 0.000000 -5.816095 -2.781879
32081 -626685.983230 0.000000 -6.210186 -3.175971
1878 -626684.160476 0.000000 -4.387433 -1.353217
1469 -626684.171436 0.000000 -4.398392 -1.364176
1183 -626684.168526 0.000000 -4.395482 -1.361266
1412 -626684.171237 0.000000 -4.398193 -1.363977
1146 -626684.566139 0.000000 -4.793095 -1.758879
1385 -626684.161480 0.000000 -4.388436 -1.354220
6119 -626684.172079 0.000000 -4.399036 -1.364820
5737 -626684.564481 0.000000 -4.791437 -1.757221
6050 -626684.161115 0.000000 -4.388071 -1.353855
5678 -626684.171316 0.000000 -4.398272 -1.364057
6030 -626684.124418 0.000000 -4.351375 -1.317159
5647 -626684.171233 0.000000 -4.398189 -1.363974
5536 -626684.566082 0.000000 -4.793038 -1.758822
10726 -626684.161512 0.000000 -4.388469 -1.354253
10281 -626684.172063 0.000000 -4.399019 -1.364803
10031 -626684.564463 0.000000 -4.791419 -1.757203
10238 -626684.161119 0.000000 -4.388075 -1.353859
9996 -626684.171307 0.000000 -4.398264 -1.364048
10228 -626684.124429 0.000000 -4.351385 -1.317169
14970 -626684.171232 0.000000 -4.398189 -1.363973
14547 -626684.566073 0.000000 -4.793029 -1.758813
14903 -626684.161523 0.000000 -4.388479 -1.354264
14502 -626684.172054 0.000000 -4.399010 -1.364794
14393 -626684.564443 0.000000 -4.791399 -1.757183
14485 -626684.161133 0.000000 -4.388090 -1.353874
19204 -626684.171258 0.000000 -4.398215 -1.363999
19550 -626684.124475 0.000000 -4.351432 -1.317216
19135 -626684.171186 0.000000 -4.398142 -1.363926
18855 -626684.566053 0.000000 -4.793009 -1.758794
19092 -626684.160477 0.000000 -4.387434 -1.353218
18834 -626684.171436 0.000000 -4.398392 -1.364177
23477 -626684.168526 0.000000 -4.395483 -1.361267
23790 -626684.171237 0.000000 -4.398194 -1.363978
23404 -626684.566139 0.000000 -4.793095 -1.758880
23743 -626684.161480 0.000000 -4.388437 -1.354221
23359 -626684.172080 0.000000 -4.399036 -1.364821
23235 -626684.564481 0.000000 -4.791437 -1.757221
23340 -626684.161116 0.000000 -4.388072 -1.353857
28017 -626684.171316 0.000000 -4.398273 -1.364057
28403 -626684.124423 0.000000 -4.351380 -1.317164
27962 -626684.171233 0.000000 -4.398190 -1.363974
27706 -626684.566076 0.000000 -4.793032 -1.758816
27933 -626684.161523 0.000000 -4.388479 -1.354263
27687 -626684.172055 0.000000 -4.399011 -1.364796
32283 -626684.564444 0.000000 -4.791401 -1.757185
32633 -626684.161133 0.000000 -4.388089 -1.353873
32222 -626684.171260 0.000000 -4.398216 -1.364000
32587 -626684.124475 0.000000 -4.351432 -1.317216
32192 -626684.171186 0.000000 -4.398142 -1.363926
32084 -626684.566053 0.000000 -4.793010 -1.758794
1699 -626684.493480 0.000000 -4.720436 -1.686221
1282 -626684.492519 0.000000 -4.719475 -1.685260
1632 -626684.096071 0.000000 -4.323028 -1.288812
1236 -626684.100127 0.000000 -4.327083 -1.292868
1123 -626684.481400 0.000000 -4.708356 -1.674141
1221 -626684.493837 0.000000 -4.720793 -1.686577
5927 -626684.494462 0.000000 -4.721418 -1.687203
6274 -626684.496213 0.000000 -4.723170 -1.688954
5858 -626684.493278 0.000000 -4.720234 -1.686018
5588 -626684.097240 0.000000 -4.324197 -1.289981
5817 -626684.096166 0.000000 -4.323123 -1.288907
5567 -626684.100076 0.000000 -4.327033 -1.292817
5533 -626684.481374 0.000000 -4.708330 -1.674114
10509 -626684.493848 0.000000 -4.720804 -1.686588
10126 -626684.494450 0.000000 -4.721407 -1.687191
10460 -626684.496225 0.000000 -4.723182 -1.688966
10081 -626684.493276 0.000000 -4.720232 -1.686016
9965 -626684.097232 0.000000 -4.324189 -1.289973
10066 -626684.096169 0.000000 -4.323126 -1.288910
14738 -626684.100072 0.000000 -4.327029 -1.292813
14476 -626684.481372 0.000000 -4.708329 -1.674113
14683 -626684.493845 0.000000 -4.720802 -1.686586
14430 -626684.494438 0.000000 -4.721394 -1.687179
14656 -626684.496236 0.000000 -4.723192 -1.688976
14409 -626684.493260 0.000000 -4.720217 -1.686001
19010 -626684.097189 0.000000 -4.324145 -1.289930
19363 -626684.096187 0.000000 -4.323143 -1.288927
18951 -626684.099961 0.000000 -4.326918 -1.292702
18827 -626684.480863 0.000000 -4.707819 -1.673604
18920 -626684.493480 0.000000 -4.720437 -1.686221
18810 -626684.492519 0.000000 -4.719476 -1.685260
24007 -626684.096072 0.000000 -4.323028 -1.288812
23593 -626684.100128 0.000000 -4.327084 -1.292868
23303 -626684.481400 0.000000 -4.708357 -1.674141
23539 -626684.493837 0.000000 -4.720794 -1.686578
23270 -626684.494462 0.000000 -4.721419 -1.687203
23510 -626684.496215 0.000000 -4.723171 -1.688956
23260 -626684.493278 0.000000 -4.720234 -1.686018
27861 -626684.097242 0.000000 -4.324199 -1.289983
28187 -626684.096168 0.000000 -4.323125 -1.288909
27800 -626684.100075 0.000000 -4.327032 -1.292816
27667 -626684.481375 0.000000 -4.708332 -1.674116
27771 -626684.493845 0.000000 -4.720802 -1.686586
27658 -626684.494439 0.000000 -4.721395 -1.687179
32849 -626684.496236 0.000000 -4.723192 -1.688976
32408 -626684.493260 0.000000 -4.720217 -1.686001
32151 -626684.097190 0.000000 -4.324146 -1.289930
32369 -626684.096186 0.000000 -4.323143 -1.288927
32116 -626684.099962 0.000000 -4.326918 -1.292702
32079 -626684.480863 0.000000 -4.707820 -1.673604
1698 -626684.388712 0.000000 -4.615669 -1.581453
1314 -626684.781885 0.000000 -5.008841 -1.974626
1631 -626684.389170 0.000000 -4.616126 -1.581910
1255 -626684.783201 0.000000 -5.010157 -1.975941
1611 -626684.044158 0.000000 -4.271115 -1.236899
1225 -626684.388882 0.000000 -4.615839 -1.581623
5926 -626685.805579 0.000000 -6.032535 -2.998320
6302 -626684.387189 0.000000 -4.614145 -1.579930
5857 -626684.388795 0.000000 -4.615751 -1.581535
5608 -626684.781699 0.000000 -5.008656 -1.974440
5816 -626684.389168 0.000000 -4.616125 -1.581909
5573 -626684.783221 0.000000 -5.010177 -1.975961
5806 -626684.044241 0.000000 -4.271197 -1.236982
10545 -626684.388905 0.000000 -4.615861 -1.581645
10125 -626685.805593 0.000000 -6.032549 -2.998333
10478 -626684.387180 0.000000 -4.614136 -1.579921
10080 -626684.388800 0.000000 -4.615756 -1.581541
9972 -626684.781702 0.000000 -5.008659 -1.974443
10065 -626684.389165 0.000000 -4.616122 -1.581906
14774 -626684.783220 0.000000 -5.010177 -1.975961
15122 -626684.044249 0.000000 -4.271205 -1.236989
14707 -626684.388896 0.000000 -4.615853 -1.581637
14429 -626685.805580 0.000000 -6.032536 -2.998321
14664 -626684.387179 0.000000 -4.614135 -1.579919
14408 -626684.388768 0.000000 -4.615725 -1.581509
19048 -626684.781707 0.000000 -5.008664 -1.974448
19362 -626684.389158 0.000000 -4.616114 -1.581898
18975 -626684.783097 0.000000 -5.010053 -1.975837
19315 -626684.044352 0.000000 -4.271309 -1.237093
18932 -626684.388713 0.000000 -4.615669 -1.581453
18809 -626684.781886 0.000000 -5.008842 -1.974627
24045 -626684.389170 0.000000 -4.616126 -1.581910
23592 -626684.783202 0.000000 -5.010158 -1.975942
23980 -626684.044159 0.000000 -4.271115 -1.236899
23538 -626684.388883 0.000000 -4.615840 -1.581624
23282 -626685.805577 0.000000 -6.032534 -2.998318
23509 -626684.387189 0.000000 -4.614146 -1.579930
23263 -626684.388796 0.000000 -4.615752 -1.581536
27860 -626684.781706 0.000000 -5.008662 -1.974446
28215 -626684.389167 0.000000 -4.616124 -1.581908
27799 -626684.783219 0.000000 -5.010176 -1.975960
28169 -626684.044246 0.000000 -4.271203 -1.236987
27770 -626684.388897 0.000000 -4.615854 -1.581638
27661 -626685.805578 0.000000 -6.032535 -2.998319
32848 -626684.387181 0.000000 -4.614137 -1.579922
32440 -626684.388769 0.000000 -4.615725 -1.581509
32150 -626684.781708 0.000000 -5.008664 -1.974448
32385 -626684.389159 0.000000 -4.616115 -1.581899
32115 -626684.783097 0.000000 -5.010053 -1.975837
32358 -626684.044352 0.000000 -4.271308 -1.237092
1507 -626685.738125 0.000000 -5.965082 -2.930866
1853 -626685.455511 0.000000 -5.682468 -2.648252
1436 -626685.737910 0.000000 -5.964866 -2.930651
1165 -626686.134054 0.000000 -6.361011 -3.326795
1395 -626685.738131 0.000000 -5.965088 -2.930872
1144 -626685.738123 0.000000 -5.965079 -2.930863
1110 -626685.743268 0.000000 -5.970224 -2.936008
6085 -626685.737974 0.000000 -5.964931 -2.930715
5704 -626685.738196 0.000000 -5.965152 -2.930936
6036 -626685.456417 0.000000 -5.683374 -2.649158
5657 -626685.737948 0.000000 -5.964905 -2.930689
5542 -626686.134052 0.000000 -6.361009 -3.326793
5642 -626685.738146 0.000000 -5.965103 -2.930887
10316 -626685.738130 0.000000 -5.965087 -2.930871
10056 -626685.743259 0.000000 -5.970216 -2.936000
10259 -626685.737979 0.000000 -5.964935 -2.930720
10010 -626685.738197 0.000000 -5.965154 -2.930938
10232 -626685.456417 0.000000 -5.683374 -2.649158
9988 -626685.737950 0.000000 -5.964906 -2.930690
14584 -626686.134051 0.000000 -6.361008 -3.326792
14933 -626685.738146 0.000000 -5.965102 -2.930886
14525 -626685.738130 0.000000 -5.965087 -2.930871
14403 -626685.743257 0.000000 -5.970213 -2.935997
14492 -626685.737977 0.000000 -5.964933 -2.930717
14385 -626685.738196 0.000000 -5.965153 -2.930937
19580 -626685.456429 0.000000 -5.683386 -2.649170
19165 -626685.737946 0.000000 -5.964903 -2.930687
18878 -626686.134023 0.000000 -6.360979 -3.326763
19110 -626685.738159 0.000000 -5.965116 -2.930900
18845 -626685.738125 0.000000 -5.965082 -2.930866
19081 -626685.455511 0.000000 -5.682468 -2.648252
18833 -626685.737910 0.000000 -5.964866 -2.930651
23438 -626686.134054 0.000000 -6.361010 -3.326795
23764 -626685.738131 0.000000 -5.965088 -2.930872
23377 -626685.738123 0.000000 -5.965079 -2.930863
23245 -626686.136462 0.000000 -6.363419 -3.329203
23346 -626685.737974 0.000000 -5.964930 -2.930715
23234 -626685.738196 0.000000 -5.965152 -2.930937
28429 -626685.456419 0.000000 -5.683376 -2.649160
27989 -626685.737948 0.000000 -5.964905 -2.930689
27728 -626686.134050 0.000000 -6.361007 -3.326791
27948 -626685.738145 0.000000 -5.965102 -2.930886
27693 -626685.738130 0.000000 -5.965086 -2.930870
27657 -626686.136453 0.000000 -6.363410 -3.329194
32671 -626685.737977 0.000000 -5.964933 -2.930717
32253 -626685.738196 0.000000 -5.965152 -2.930937
32604 -626685.456429 0.000000 -5.683386 -2.649170
32207 -626685.737946 0.000000 -5.964903 -2.930687
32091 -626686.134023 0.000000 -6.360979 -3.326763
32190 -626685.738159 0.000000 -5.965116 -2.930900
