#ID      EIGB 	      EIPGB 	   GBbin        GBseg
952 -628388.926237 0.000000 -3.559927 -0.524777
657 -628388.926237 0.000000 -3.559927 -0.524777
1010 -628388.926237 0.000000 -3.559927 -0.524778
711 -628388.926237 0.000000 -3.559927 -0.524778
1044 -628388.926237 0.000000 -3.559927 -0.524778
926 -628388.926237 0.000000 -3.559927 -0.524778
4853 -628388.926237 0.000000 -3.559927 -0.524777
5261 -628388.926237 0.000000 -3.559927 -0.524777
4913 -628388.926237 0.000000 -3.559927 -0.524778
5319 -628388.926237 0.000000 -3.559927 -0.524778
5515 -628388.926237 0.000000 -3.559927 -0.524778
5347 -628388.926237 0.000000 -3.559927 -0.524777
9472 -628388.926237 0.000000 -3.559927 -0.524777
9801 -628388.926237 0.000000 -3.559927 -0.524777
9540 -628388.926237 0.000000 -3.559927 -0.524777
9857 -628388.926237 0.000000 -3.559927 -0.524777
9580 -628388.926237 0.000000 -3.559927 -0.524778
9891 -628388.926237 0.000000 -3.559927 -0.524778
9512 -628388.926237 0.000000 -3.559927 -0.524777
13696 -628388.926237 0.000000 -3.559927 -0.524777
14144 -628388.926237 0.000000 -3.559927 -0.524778
14333 -628388.926237 0.000000 -3.559927 -0.524778
14188 -628388.926237 0.000000 -3.559927 -0.524778
14362 -628388.926237 0.000000 -3.559927 -0.524777
14203 -628388.926237 0.000000 -3.559927 -0.524777
18315 -628388.926237 0.000000 -3.559927 -0.524777
18682 -628388.926237 0.000000 -3.559927 -0.524778
18380 -628388.926237 0.000000 -3.559927 -0.524777
18728 -628388.926237 0.000000 -3.559927 -0.524778
18422 -628388.926237 0.000000 -3.559927 -0.524777
18748 -628388.926237 0.000000 -3.559927 -0.524777
22922 -628388.926237 0.000000 -3.559927 -0.524778
22581 -628388.926237 0.000000 -3.559927 -0.524777
22994 -628388.926237 0.000000 -3.559927 -0.524778
23207 -628388.926237 0.000000 -3.559927 -0.524778
23036 -628388.926237 0.000000 -3.559927 -0.524777
23223 -628388.926237 0.000000 -3.559927 -0.524777
26788 -628388.926237 0.000000 -3.559927 -0.524778
27203 -628388.926237 0.000000 -3.559927 -0.524778
27531 -628388.926237 0.000000 -3.559927 -0.524778
27255 -628388.926237 0.000000 -3.559927 -0.524778
27579 -628388.926237 0.000000 -3.559927 -0.524778
27275 -628388.926237 0.000000 -3.559927 -0.524777
27598 -628388.926237 0.000000 -3.559927 -0.524778
31810 -628388.926237 0.000000 -3.559927 -0.524778
31431 -628388.926237 0.000000 -3.559927 -0.524778
31868 -628388.926237 0.000000 -3.559927 -0.524777
32049 -628388.926237 0.000000 -3.559927 -0.524777
31896 -628388.926237 0.000000 -3.559927 -0.524778
32072 -628388.926237 0.000000 -3.559927 -0.524778
803 -628388.795961 0.000000 -3.429651 -0.394502
464 -628388.795961 0.000000 -3.429651 -0.394502
873 -628388.795961 0.000000 -3.429651 -0.394502
71877 -628388.795961 0.000000 -3.429651 -0.394502
916 -628388.795960 0.000000 -3.429651 -0.394501
1101 -628388.795961 0.000000 -3.429651 -0.394502
4667 -628388.795961 0.000000 -3.429651 -0.394501
5085 -628388.795961 0.000000 -3.429651 -0.394501
5409 -628388.795961 0.000000 -3.429651 -0.394502
5140 -628388.795961 0.000000 -3.429651 -0.394501
5456 -628388.795960 0.000000 -3.429651 -0.394501
5161 -628388.795961 0.000000 -3.429651 -0.394502
9237 -628388.795961 0.000000 -3.429651 -0.394502
9688 -628388.795961 0.000000 -3.429651 -0.394502
9315 -628388.795961 0.000000 -3.429651 -0.394501
9745 -628388.795961 0.000000 -3.429651 -0.394502
9926 -628388.795960 0.000000 -3.429651 -0.394501
9774 -628388.795960 0.000000 -3.429651 -0.394501
9949 -628388.795961 0.000000 -3.429651 -0.394501
13532 -628388.795960 0.000000 -3.429651 -0.394501
13932 -628388.795961 0.000000 -3.429651 -0.394501
14284 -628388.795961 0.000000 -3.429651 -0.394502
13987 -628388.795961 0.000000 -3.429651 -0.394501
14317 -628388.795961 0.000000 -3.429651 -0.394502
13962 -628388.795961 0.000000 -3.429651 -0.394502
18119 -628388.795961 0.000000 -3.429651 -0.394502
18537 -628388.795960 0.000000 -3.429651 -0.394501
18177 -628388.795960 0.000000 -3.429651 -0.394501
18594 -628388.795961 0.000000 -3.429651 -0.394502
18790 -628388.795961 0.000000 -3.429651 -0.394501
18625 -628388.795961 0.000000 -3.429651 -0.394501
22742 -628388.795961 0.000000 -3.429651 -0.394502
22385 -628388.795961 0.000000 -3.429651 -0.394501
22808 -628388.795961 0.000000 -3.429651 -0.394502
23140 -628388.795961 0.000000 -3.429651 -0.394502
22849 -628388.795961 0.000000 -3.429651 -0.394501
23171 -628388.795961 0.000000 -3.429651 -0.394502
27347 -628388.795961 0.000000 -3.429651 -0.394502
26974 -628388.795961 0.000000 -3.429651 -0.394501
27419 -628388.795961 0.000000 -3.429651 -0.394501
27029 -628388.795961 0.000000 -3.429651 -0.394501
27461 -628388.795961 0.000000 -3.429651 -0.394502
27646 -628388.795960 0.000000 -3.429651 -0.394501
27479 -628388.795960 0.000000 -3.429651 -0.394501
31593 -628388.795961 0.000000 -3.429651 -0.394501
31955 -628388.795961 0.000000 -3.429651 -0.394502
31661 -628388.795961 0.000000 -3.429651 -0.394502
32004 -628388.795960 0.000000 -3.429651 -0.394501
31700 -628388.795961 0.000000 -3.429651 -0.394502
32022 -628388.795961 0.000000 -3.429651 -0.394501
839 -628388.579626 0.000000 -3.213317 -0.178167
463 -628388.579626 0.000000 -3.213317 -0.178167
898 -628388.579626 0.000000 -3.213317 -0.178167
1076 -628388.579626 0.000000 -3.213317 -0.178167
925 -628388.579626 0.000000 -3.213317 -0.178167
1100 -628388.579626 0.000000 -3.213317 -0.178167
5377 -628388.579626 0.000000 -3.213317 -0.178167
5084 -628388.579626 0.000000 -3.213317 -0.178167
5434 -628388.579626 0.000000 -3.213317 -0.178167
5139 -628388.579626 0.000000 -3.213317 -0.178167
5468 -628388.579626 0.000000 -3.213317 -0.178167
5378 -628388.579626 0.000000 -3.213317 -0.178167
9277 -628388.579626 0.000000 -3.213317 -0.178167
9687 -628388.579626 0.000000 -3.213317 -0.178167
9337 -628388.579626 0.000000 -3.213317 -0.178167
9744 -628388.579626 0.000000 -3.213317 -0.178167
9939 -628388.579626 0.000000 -3.213317 -0.178167
9773 -628388.579626 0.000000 -3.213317 -0.178167
9940 -628388.579626 0.000000 -3.213317 -0.178167
14225 -628388.579626 0.000000 -3.213317 -0.178167
13961 -628388.579626 0.000000 -3.213317 -0.178167
14283 -628388.579626 0.000000 -3.213317 -0.178167
14002 -628388.579626 0.000000 -3.213317 -0.178167
14316 -628388.579626 0.000000 -3.213317 -0.178167
13759 -628388.579626 0.000000 -3.213317 -0.178167
18118 -628388.579626 0.000000 -3.213317 -0.178167
18568 -628388.579626 0.000000 -3.213317 -0.178167
18758 -628388.579626 0.000000 -3.213317 -0.178167
18611 -628388.579626 0.000000 -3.213317 -0.178167
18789 -628388.579626 0.000000 -3.213317 -0.178167
18627 -628388.579626 0.000000 -3.213317 -0.178167
22741 -628388.579626 0.000000 -3.213317 -0.178167
23110 -628388.579626 0.000000 -3.213317 -0.178167
22807 -628388.579626 0.000000 -3.213317 -0.178167
23157 -628388.579626 0.000000 -3.213317 -0.178167
22848 -628388.579626 0.000000 -3.213317 -0.178167
23176 -628388.579626 0.000000 -3.213317 -0.178167
27346 -628388.579626 0.000000 -3.213317 -0.178167
27006 -628388.579626 0.000000 -3.213317 -0.178167
27418 -628388.579626 0.000000 -3.213317 -0.178167
27630 -628388.579626 0.000000 -3.213317 -0.178167
27460 -628388.579626 0.000000 -3.213317 -0.178167
27631 -628388.579626 0.000000 -3.213317 -0.178167
27478 -628388.579626 0.000000 -3.213317 -0.178167
31629 -628388.579626 0.000000 -3.213317 -0.178167
31954 -628388.579626 0.000000 -3.213317 -0.178167
31682 -628388.579626 0.000000 -3.213317 -0.178167
32003 -628388.579626 0.000000 -3.213317 -0.178167
31683 -628388.579626 0.000000 -3.213317 -0.178167
32021 -628388.579626 0.000000 -3.213317 -0.178167
430 -628388.950085 0.000000 -3.583776 -0.548626
872 -628388.950085 0.000000 -3.583776 -0.548626
487 -628388.950085 0.000000 -3.583776 -0.548626
915 -628388.950085 0.000000 -3.583776 -0.548626
1095 -628388.950085 0.000000 -3.583776 -0.548626
931 -628388.950085 0.000000 -3.583776 -0.548626
5051 -628388.950085 0.000000 -3.583776 -0.548626
5408 -628388.950085 0.000000 -3.583776 -0.548626
5119 -628388.950085 0.000000 -3.583776 -0.548626
5455 -628388.950085 0.000000 -3.583776 -0.548626
5158 -628388.950085 0.000000 -3.583776 -0.548626
5474 -628388.950085 0.000000 -3.583776 -0.548626
9652 -628388.950085 0.000000 -3.583776 -0.548626
9314 -628388.950085 0.000000 -3.583776 -0.548626
9722 -628388.950085 0.000000 -3.583776 -0.548626
80725 -628388.950085 0.000000 -3.583776 -0.548626
9767 -628388.950085 0.000000 -3.583776 -0.548626
9948 -628388.950085 0.000000 -3.583776 -0.548626
13514 -628388.950085 0.000000 -3.583776 -0.548626
13931 -628388.950085 0.000000 -3.583776 -0.548626
14261 -628388.950085 0.000000 -3.583776 -0.548626
13986 -628388.950085 0.000000 -3.583776 -0.548626
14306 -628388.950085 0.000000 -3.583776 -0.548626
14007 -628388.950085 0.000000 -3.583776 -0.548626
18081 -628388.950085 0.000000 -3.583776 -0.548626
18536 -628388.950085 0.000000 -3.583776 -0.548626
18157 -628388.950085 0.000000 -3.583776 -0.548626
18593 -628388.950085 0.000000 -3.583776 -0.548626
18779 -628388.950085 0.000000 -3.583776 -0.548626
18624 -628388.950085 0.000000 -3.583776 -0.548626
18744 -628388.950085 0.000000 -3.583776 -0.548626
22384 -628388.950085 0.000000 -3.583776 -0.548626
22781 -628388.950085 0.000000 -3.583776 -0.548626
23139 -628388.950085 0.000000 -3.583776 -0.548626
22834 -628388.950085 0.000000 -3.583776 -0.548626
23170 -628388.950085 0.000000 -3.583776 -0.548626
22606 -628388.950085 0.000000 -3.583776 -0.548626
26973 -628388.950085 0.000000 -3.583776 -0.548626
27388 -628388.950085 0.000000 -3.583776 -0.548626
27028 -628388.950085 0.000000 -3.583776 -0.548626
27446 -628388.950085 0.000000 -3.583776 -0.548626
27645 -628388.950085 0.000000 -3.583776 -0.548626
27475 -628388.950085 0.000000 -3.583776 -0.548626
31592 -628388.950085 0.000000 -3.583776 -0.548626
31234 -628388.950085 0.000000 -3.583776 -0.548626
31660 -628388.950085 0.000000 -3.583776 -0.548626
31985 -628388.950085 0.000000 -3.583776 -0.548626
31699 -628388.950085 0.000000 -3.583776 -0.548626
32018 -628388.950085 0.000000 -3.583776 -0.548626
36202 -628388.950085 0.000000 -3.583776 -0.548626
801 -628389.411546 0.000000 -4.045236 -1.010086
466 -628389.411546 0.000000 -4.045236 -1.010086
871 -628389.411546 0.000000 -4.045236 -1.010086
1079 -628389.411546 0.000000 -4.045236 -1.010086
914 -628389.411546 0.000000 -4.045236 -1.010086
1102 -628389.411545 0.000000 -4.045236 -1.010086
930 -628389.411546 0.000000 -4.045236 -1.010086
5087 -628389.411546 0.000000 -4.045236 -1.010086
5407 -628389.411546 0.000000 -4.045236 -1.010086
5142 -628389.411546 0.000000 -4.045236 -1.010086
5454 -628389.411546 0.000000 -4.045236 -1.010086
5323 -628389.411546 0.000000 -4.045236 -1.010086
5473 -628389.411546 0.000000 -4.045236 -1.010086
9690 -628389.411545 0.000000 -4.045236 -1.010086
9313 -628389.411546 0.000000 -4.045236 -1.010086
9747 -628389.411546 0.000000 -4.045236 -1.010086
9924 -628389.411546 0.000000 -4.045236 -1.010086
9776 -628389.411546 0.000000 -4.045236 -1.010086
9947 -628389.411545 0.000000 -4.045236 -1.010086
85026 -628389.411546 0.000000 -4.045236 -1.010086
13930 -628389.411546 0.000000 -4.045236 -1.010086
14286 -628389.411546 0.000000 -4.045236 -1.010086
13985 -628389.411546 0.000000 -4.045236 -1.010086
14319 -628389.411546 0.000000 -4.045236 -1.010086
14003 -628389.411546 0.000000 -4.045236 -1.010086
18121 -628389.411546 0.000000 -4.045236 -1.010086
18535 -628389.411546 0.000000 -4.045236 -1.010086
18179 -628389.411546 0.000000 -4.045236 -1.010086
18592 -628389.411546 0.000000 -4.045236 -1.010086
18792 -628389.411546 0.000000 -4.045236 -1.010086
18623 -628389.411546 0.000000 -4.045236 -1.010086
18712 -628389.411546 0.000000 -4.045236 -1.010086
23077 -628389.411546 0.000000 -4.045236 -1.010086
22810 -628389.411546 0.000000 -4.045236 -1.010086
23138 -628389.411546 0.000000 -4.045236 -1.010086
22851 -628389.411546 0.000000 -4.045236 -1.010086
23169 -628389.411546 0.000000 -4.045236 -1.010086
22549 -628389.411546 0.000000 -4.045236 -1.010086
26972 -628389.411546 0.000000 -4.045236 -1.010086
27421 -628389.411546 0.000000 -4.045236 -1.010086
27610 -628389.411546 0.000000 -4.045236 -1.010086
27463 -628389.411546 0.000000 -4.045236 -1.010086
27644 -628389.411546 0.000000 -4.045236 -1.010086
27480 -628389.411546 0.000000 -4.045236 -1.010086
31591 -628389.411546 0.000000 -4.045236 -1.010086
31957 -628389.411545 0.000000 -4.045236 -1.010086
31659 -628389.411546 0.000000 -4.045236 -1.010086
32006 -628389.411546 0.000000 -4.045236 -1.010086
31698 -628389.411546 0.000000 -4.045236 -1.010086
32023 -628389.411546 0.000000 -4.045236 -1.010086
67386 -628389.351754 0.000000 -3.985444 -0.950295
71753 -628389.351754 0.000000 -3.985444 -0.950295
694 -628389.351754 0.000000 -3.985444 -0.950295
1011 -628389.351754 0.000000 -3.985444 -0.950295
732 -628389.351754 0.000000 -3.985444 -0.950295
1045 -628389.351754 0.000000 -3.985444 -0.950295
488 -628389.351754 0.000000 -3.985444 -0.950295
4854 -628389.351754 0.000000 -3.985444 -0.950295
5298 -628389.351754 0.000000 -3.985444 -0.950295
76282 -628389.351754 0.000000 -3.985444 -0.950295
5342 -628389.351754 0.000000 -3.985444 -0.950295
5516 -628389.351754 0.000000 -3.985444 -0.950295
5356 -628389.351754 0.000000 -3.985444 -0.950295
9473 -628389.351754 0.000000 -3.985444 -0.950295
9836 -628389.351754 0.000000 -3.985444 -0.950295
9541 -628389.351754 0.000000 -3.985444 -0.950295
9882 -628389.351754 0.000000 -3.985444 -0.950295
9581 -628389.351754 0.000000 -3.985444 -0.950295
9900 -628389.351754 0.000000 -3.985444 -0.950295
9278 -628389.351754 0.000000 -3.985444 -0.950295
13737 -628389.351754 0.000000 -3.985444 -0.950295
14145 -628389.351754 0.000000 -3.985444 -0.950295
14353 -628389.351754 0.000000 -3.985444 -0.950295
14189 -628389.351754 0.000000 -3.985444 -0.950295
14307 -628389.351754 0.000000 -3.985444 -0.950295
14204 -628389.351754 0.000000 -3.985444 -0.950295
18355 -628389.351754 0.000000 -3.985444 -0.950295
18683 -628389.351754 0.000000 -3.985444 -0.950295
18409 -628389.351754 0.000000 -3.985444 -0.950295
18729 -628389.351754 0.000000 -3.985444 -0.950295
88958 -628389.351754 0.000000 -3.985444 -0.950295
18749 -628389.351754 0.000000 -3.985444 -0.950295
22965 -628389.351754 0.000000 -3.985444 -0.950295
22582 -628389.351754 0.000000 -3.985444 -0.950295
23023 -628389.351754 0.000000 -3.985444 -0.950295
23208 -628389.351754 0.000000 -3.985444 -0.950295
23053 -628389.351754 0.000000 -3.985444 -0.950295
23177 -628389.351754 0.000000 -3.985444 -0.950295
98302 -628389.351754 0.000000 -3.985444 -0.950295
27204 -628389.351754 0.000000 -3.985444 -0.950295
27564 -628389.351754 0.000000 -3.985444 -0.950295
27256 -628389.351754 0.000000 -3.985444 -0.950295
27596 -628389.351754 0.000000 -3.985444 -0.950295
27235 -628389.351754 0.000000 -3.985444 -0.950295
27603 -628389.351754 0.000000 -3.985444 -0.950295
31811 -628389.351754 0.000000 -3.985444 -0.950295
31457 -628389.351754 0.000000 -3.985444 -0.950295
31869 -628389.351754 0.000000 -3.985444 -0.950295
32070 -628389.351754 0.000000 -3.985444 -0.950295
31897 -628389.351754 0.000000 -3.985444 -0.950295
428 -628388.871097 0.000000 -3.504788 -0.469638
874 -628388.871097 0.000000 -3.504788 -0.469638
1059 -628388.871097 0.000000 -3.504788 -0.469638
917 -628388.871097 0.000000 -3.504788 -0.469638
1093 -628388.871097 0.000000 -3.504788 -0.469638
932 -628388.871097 0.000000 -3.504788 -0.469638
5049 -628388.871097 0.000000 -3.504788 -0.469638
5410 -628388.871097 0.000000 -3.504788 -0.469638
5117 -628388.871097 0.000000 -3.504788 -0.469638
5457 -628388.871097 0.000000 -3.504788 -0.469638
5156 -628388.871097 0.000000 -3.504788 -0.469638
5475 -628388.871097 0.000000 -3.504788 -0.469638
5120 -628388.871097 0.000000 -3.504788 -0.469638
9316 -628388.871097 0.000000 -3.504788 -0.469638
9720 -628388.871097 0.000000 -3.504788 -0.469638
9927 -628388.871097 0.000000 -3.504788 -0.469638
9765 -628388.871097 0.000000 -3.504788 -0.469638
9950 -628388.871097 0.000000 -3.504788 -0.469638
9779 -628388.871097 0.000000 -3.504788 -0.469638
13933 -628388.871097 0.000000 -3.504788 -0.469638
14259 -628388.871097 0.000000 -3.504788 -0.469638
13988 -628388.871097 0.000000 -3.504788 -0.469638
14304 -628388.871097 0.000000 -3.504788 -0.469638
13896 -628388.871097 0.000000 -3.504788 -0.469638
14324 -628388.871097 0.000000 -3.504788 -0.469638
18538 -628388.871097 0.000000 -3.504788 -0.469638
18155 -628388.871097 0.000000 -3.504788 -0.469638
18595 -628388.871097 0.000000 -3.504788 -0.469638
18777 -628388.871097 0.000000 -3.504788 -0.469638
18626 -628388.871097 0.000000 -3.504788 -0.469638
18798 -628388.871097 0.000000 -3.504788 -0.469638
23078 -628388.871097 0.000000 -3.504788 -0.469638
22779 -628388.871097 0.000000 -3.504788 -0.469638
23141 -628388.871097 0.000000 -3.504788 -0.469638
22832 -628388.871097 0.000000 -3.504788 -0.469638
23172 -628388.871097 0.000000 -3.504788 -0.469638
22782 -628388.871097 0.000000 -3.504788 -0.469638
23180 -628388.871097 0.000000 -3.504788 -0.469638
27386 -628388.871097 0.000000 -3.504788 -0.469638
27030 -628388.871097 0.000000 -3.504788 -0.469638
27444 -628388.871097 0.000000 -3.504788 -0.469638
27647 -628388.871097 0.000000 -3.504788 -0.469638
27473 -628388.871097 0.000000 -3.504788 -0.469638
27535 -628388.871097 0.000000 -3.504788 -0.469638
31924 -628388.871097 0.000000 -3.504788 -0.469638
31662 -628388.871097 0.000000 -3.504788 -0.469638
31983 -628388.871097 0.000000 -3.504788 -0.469638
31701 -628388.871097 0.000000 -3.504788 -0.469638
32016 -628388.871097 0.000000 -3.504788 -0.469638
31435 -628388.871097 0.000000 -3.504788 -0.469638
429 -628388.835694 0.000000 -3.469384 -0.434235
842 -628388.835694 0.000000 -3.469384 -0.434235
486 -628388.835694 0.000000 -3.469384 -0.434235
901 -628388.835694 0.000000 -3.469384 -0.434235
1094 -628388.835694 0.000000 -3.469384 -0.434235
928 -628388.835694 0.000000 -3.469384 -0.434235
5050 -628388.835694 0.000000 -3.469384 -0.434234
4688 -628388.835694 0.000000 -3.469384 -0.434235
5118 -628388.835694 0.000000 -3.469384 -0.434235
5437 -628388.835694 0.000000 -3.469384 -0.434235
5157 -628388.835694 0.000000 -3.469384 -0.434235
5471 -628388.835694 0.000000 -3.469384 -0.434234
4893 -628388.835694 0.000000 -3.469384 -0.434234
9280 -628388.835694 0.000000 -3.469384 -0.434234
9721 -628388.835694 0.000000 -3.469384 -0.434235
9339 -628388.835694 0.000000 -3.469384 -0.434234
9766 -628388.835694 0.000000 -3.469384 -0.434235
9942 -628388.835694 0.000000 -3.469384 -0.434234
9780 -628388.835694 0.000000 -3.469384 -0.434235
13897 -628388.835694 0.000000 -3.469384 -0.434234
14260 -628388.835694 0.000000 -3.469384 -0.434235
13964 -628388.835694 0.000000 -3.469384 -0.434235
14305 -628388.835694 0.000000 -3.469384 -0.434235
14005 -628388.835694 0.000000 -3.469384 -0.434235
14325 -628388.835694 0.000000 -3.469384 -0.434235
18498 -628388.835694 0.000000 -3.469384 -0.434235
18156 -628388.835694 0.000000 -3.469384 -0.434235
18571 -628388.835694 0.000000 -3.469384 -0.434234
18778 -628388.835694 0.000000 -3.469384 -0.434235
18614 -628388.835694 0.000000 -3.469384 -0.434235
18780 -628388.835694 0.000000 -3.469384 -0.434235
22366 -628388.835694 0.000000 -3.469384 -0.434234
22780 -628388.835694 0.000000 -3.469384 -0.434235
23113 -628388.835694 0.000000 -3.469384 -0.434235
22833 -628388.835694 0.000000 -3.469384 -0.434235
23160 -628388.835694 0.000000 -3.469384 -0.434234
22855 -628388.835694 0.000000 -3.469384 -0.434235
23179 -628388.835694 0.000000 -3.469384 -0.434235
27387 -628388.835694 0.000000 -3.469384 -0.434234
27009 -628388.835694 0.000000 -3.469384 -0.434234
27445 -628388.835694 0.000000 -3.469384 -0.434235
27633 -628388.835694 0.000000 -3.469384 -0.434235
27474 -628388.835694 0.000000 -3.469384 -0.434235
27583 -628388.835693 0.000000 -3.469384 -0.434234
31233 -628388.835694 0.000000 -3.469384 -0.434235
31632 -628388.835694 0.000000 -3.469384 -0.434235
31984 -628388.835694 0.000000 -3.469384 -0.434235
31685 -628388.835694 0.000000 -3.469384 -0.434235
32017 -628388.835694 0.000000 -3.469384 -0.434235
31630 -628388.835694 0.000000 -3.469384 -0.434235
261 -628389.285543 0.000000 -3.919234 -0.884084
662 -628389.285543 0.000000 -3.919234 -0.884084
1012 -628389.285543 0.000000 -3.919234 -0.884084
716 -628389.285543 0.000000 -3.919234 -0.884084
1046 -628389.285543 0.000000 -3.919234 -0.884084
735 -628389.285543 0.000000 -3.919234 -0.884084
4855 -628389.285543 0.000000 -3.919234 -0.884084
5266 -628389.285543 0.000000 -3.919234 -0.884084
4914 -628389.285543 0.000000 -3.919234 -0.884084
5324 -628389.285543 0.000000 -3.919234 -0.884084
5517 -628389.285543 0.000000 -3.919234 -0.884084
5352 -628389.285543 0.000000 -3.919234 -0.884084
9474 -628389.285543 0.000000 -3.919234 -0.884084
9111 -628389.285543 0.000000 -3.919234 -0.884084
9542 -628389.285543 0.000000 -3.919234 -0.884084
9862 -628389.285543 0.000000 -3.919234 -0.884084
9582 -628389.285543 0.000000 -3.919234 -0.884084
9896 -628389.285543 0.000000 -3.919234 -0.884084
9110 -628389.285543 0.000000 -3.919234 -0.884084
13701 -628389.285543 0.000000 -3.919234 -0.884084
14146 -628389.285543 0.000000 -3.919234 -0.884084
13760 -628389.285543 0.000000 -3.919234 -0.884084
14190 -628389.285543 0.000000 -3.919234 -0.884084
14367 -628389.285543 0.000000 -3.919234 -0.884084
14205 -628389.285543 0.000000 -3.919234 -0.884084
18318 -628389.285543 0.000000 -3.919234 -0.884084
18684 -628389.285543 0.000000 -3.919234 -0.884084
18385 -628389.285543 0.000000 -3.919234 -0.884084
18730 -628389.285543 0.000000 -3.919234 -0.884084
18427 -628389.285543 0.000000 -3.919234 -0.884084
18750 -628389.285543 0.000000 -3.919234 -0.884084
22925 -628389.285543 0.000000 -3.919234 -0.884084
22583 -628389.285543 0.000000 -3.919234 -0.884084
22999 -628389.285543 0.000000 -3.919234 -0.884084
94009 -628389.285543 0.000000 -3.919234 -0.884084
23041 -628389.285543 0.000000 -3.919234 -0.884084
23158 -628389.285543 0.000000 -3.919234 -0.884084
26790 -628389.285543 0.000000 -3.919234 -0.884084
27205 -628389.285543 0.000000 -3.919234 -0.884084
27536 -628389.285543 0.000000 -3.919234 -0.884084
27257 -628389.285543 0.000000 -3.919234 -0.884084
27584 -628389.285543 0.000000 -3.919234 -0.884084
27278 -628389.285543 0.000000 -3.919234 -0.884084
27602 -628389.285543 0.000000 -3.919234 -0.884084
31812 -628389.285543 0.000000 -3.919234 -0.884084
31436 -628389.285543 0.000000 -3.919234 -0.884084
31870 -628389.285543 0.000000 -3.919234 -0.884084
32054 -628389.285543 0.000000 -3.919234 -0.884084
31898 -628389.285543 0.000000 -3.919234 -0.884084
32019 -628389.285543 0.000000 -3.919234 -0.884084
622 -628389.132104 0.000000 -3.765794 -0.730644
985 -628389.132104 0.000000 -3.765794 -0.730645
691 -628389.132104 0.000000 -3.765794 -0.730644
1033 -628389.132104 0.000000 -3.765794 -0.730644
729 -628389.132104 0.000000 -3.765794 -0.730645
1051 -628389.132104 0.000000 -3.765794 -0.730645
5227 -628389.132104 0.000000 -3.765794 -0.730645
4892 -628389.132104 0.000000 -3.765794 -0.730645
5295 -628389.132104 0.000000 -3.765794 -0.730645
5502 -628389.132104 0.000000 -3.765794 -0.730645
5339 -628389.132104 0.000000 -3.765794 -0.730645
5526 -628389.132104 0.000000 -3.765794 -0.730645
5354 -628389.132104 0.000000 -3.765794 -0.730645
9511 -628389.132104 0.000000 -3.765794 -0.730645
9833 -628389.132104 0.000000 -3.765794 -0.730644
9567 -628389.132104 0.000000 -3.765794 -0.730645
9879 -628389.132104 0.000000 -3.765794 -0.730645
9568 -628389.132104 0.000000 -3.765794 -0.730644
9898 -628389.132104 0.000000 -3.765794 -0.730644
14115 -628389.132104 0.000000 -3.765794 -0.730644
13734 -628389.132104 0.000000 -3.765794 -0.730645
14171 -628389.132104 0.000000 -3.765794 -0.730645
14350 -628389.132104 0.000000 -3.765794 -0.730645
14201 -628389.132104 0.000000 -3.765794 -0.730644
14372 -628389.132104 0.000000 -3.765794 -0.730645
18650 -628389.132104 0.000000 -3.765794 -0.730645
18352 -628389.132104 0.000000 -3.765794 -0.730645
18711 -628389.132104 0.000000 -3.765794 -0.730644
18406 -628389.132104 0.000000 -3.765794 -0.730644
18743 -628389.132104 0.000000 -3.765794 -0.730645
18426 -628389.132104 0.000000 -3.765794 -0.730644
22548 -628389.132104 0.000000 -3.765794 -0.730645
22962 -628389.132104 0.000000 -3.765794 -0.730645
22605 -628389.132104 0.000000 -3.765794 -0.730645
23020 -628389.132104 0.000000 -3.765794 -0.730645
23222 -628389.132104 0.000000 -3.765794 -0.730645
23050 -628389.132104 0.000000 -3.765794 -0.730645
23057 -628389.132104 0.000000 -3.765794 -0.730645
27501 -628389.132104 0.000000 -3.765794 -0.730644
27234 -628389.132104 0.000000 -3.765794 -0.730645
27561 -628389.132104 0.000000 -3.765794 -0.730645
27274 -628389.132104 0.000000 -3.765794 -0.730644
27593 -628389.132104 0.000000 -3.765794 -0.730644
27007 -628389.132104 0.000000 -3.765794 -0.730645
31398 -628389.132104 0.000000 -3.765794 -0.730645
31845 -628389.132104 0.000000 -3.765794 -0.730645
32032 -628389.132104 0.000000 -3.765794 -0.730645
31887 -628389.132104 0.000000 -3.765794 -0.730644
32067 -628389.132104 0.000000 -3.765794 -0.730645
31903 -628389.132104 0.000000 -3.765794 -0.730644
623 -628389.707391 0.000000 -4.341081 -1.305932
262 -628389.707391 0.000000 -4.341081 -1.305932
692 -628389.707391 0.000000 -4.341081 -1.305932
1013 -628389.707391 0.000000 -4.341081 -1.305932
730 -628389.707391 0.000000 -4.341081 -1.305932
1047 -628389.707391 0.000000 -4.341081 -1.305932
71461 -628389.707391 0.000000 -4.341081 -1.305932
4856 -628389.707391 0.000000 -4.341081 -1.305932
5296 -628389.707391 0.000000 -4.341081 -1.305932
4915 -628389.707391 0.000000 -4.341081 -1.305932
5340 -628389.707391 0.000000 -4.341081 -1.305932
5518 -628389.707391 0.000000 -4.341081 -1.305932
5355 -628389.707391 0.000000 -4.341081 -1.305932
9475 -628389.707391 0.000000 -4.341081 -1.305932
80634 -628389.707391 0.000000 -4.341081 -1.305932
9543 -628389.707391 0.000000 -4.341081 -1.305932
9880 -628389.707391 0.000000 -4.341081 -1.305932
9583 -628389.707391 0.000000 -4.341081 -1.305932
9899 -628389.707391 0.000000 -4.341081 -1.305932
14075 -628389.707391 0.000000 -4.341081 -1.305932
13735 -628389.707391 0.000000 -4.341081 -1.305932
14147 -628389.707391 0.000000 -4.341081 -1.305932
85151 -628389.707391 0.000000 -4.341081 -1.305932
14191 -628389.707391 0.000000 -4.341081 -1.305932
14366 -628389.707391 0.000000 -4.341081 -1.305932
17937 -628389.707391 0.000000 -4.341081 -1.305932
18353 -628389.707391 0.000000 -4.341081 -1.305932
18685 -628389.707391 0.000000 -4.341081 -1.305932
18407 -628389.707391 0.000000 -4.341081 -1.305932
18731 -628389.707391 0.000000 -4.341081 -1.305932
18429 -628389.707391 0.000000 -4.341081 -1.305932
18751 -628389.707391 0.000000 -4.341081 -1.305932
22963 -628389.707391 0.000000 -4.341081 -1.305932
22584 -628389.707391 0.000000 -4.341081 -1.305932
23021 -628389.707391 0.000000 -4.341081 -1.305932
94010 -628389.707391 0.000000 -4.341081 -1.305932
23051 -628389.707391 0.000000 -4.341081 -1.305932
23111 -628389.707391 0.000000 -4.341081 -1.305932
26808 -628389.707391 0.000000 -4.341081 -1.305932
27206 -628389.707391 0.000000 -4.341081 -1.305932
27562 -628389.707391 0.000000 -4.341081 -1.305932
27258 -628389.707391 0.000000 -4.341081 -1.305932
27594 -628389.707391 0.000000 -4.341081 -1.305932
97967 -628389.707391 0.000000 -4.341081 -1.305932
31399 -628389.707391 0.000000 -4.341081 -1.305932
31813 -628389.707391 0.000000 -4.341081 -1.305932
31455 -628389.707391 0.000000 -4.341081 -1.305932
31871 -628389.707391 0.000000 -4.341081 -1.305932
32068 -628389.707391 0.000000 -4.341081 -1.305932
31899 -628389.707391 0.000000 -4.341081 -1.305932
841 -628389.000179 0.000000 -3.633869 -0.598719
467 -628389.000179 0.000000 -3.633869 -0.598719
900 -628389.000179 0.000000 -3.633869 -0.598719
71880 -628389.000179 0.000000 -3.633869 -0.598719
927 -628389.000179 0.000000 -3.633869 -0.598719
1096 -628389.000179 0.000000 -3.633869 -0.598719
4687 -628389.000179 0.000000 -3.633869 -0.598719
5088 -628389.000179 0.000000 -3.633869 -0.598719
5436 -628389.000179 0.000000 -3.633869 -0.598719
5143 -628389.000179 0.000000 -3.633869 -0.598719
5470 -628389.000179 0.000000 -3.633869 -0.598719
76065 -628389.000179 0.000000 -3.633869 -0.598719
9279 -628389.000179 0.000000 -3.633869 -0.598719
9691 -628389.000179 0.000000 -3.633869 -0.598719
9338 -628389.000179 0.000000 -3.633869 -0.598719
9748 -628389.000179 0.000000 -3.633869 -0.598719
9941 -628389.000179 0.000000 -3.633869 -0.598719
9777 -628389.000179 0.000000 -3.633869 -0.598719
9907 -628389.000179 0.000000 -3.633869 -0.598719
13534 -628389.000179 0.000000 -3.633869 -0.598719
13963 -628389.000179 0.000000 -3.633869 -0.598719
14287 -628389.000179 0.000000 -3.633869 -0.598719
14004 -628389.000179 0.000000 -3.633869 -0.598719
14320 -628389.000179 0.000000 -3.633869 -0.598719
13700 -628389.000179 0.000000 -3.633869 -0.598719
18122 -628389.000179 0.000000 -3.633869 -0.598719
18570 -628389.000179 0.000000 -3.633869 -0.598719
18180 -628389.000179 0.000000 -3.633869 -0.598719
18613 -628389.000179 0.000000 -3.633869 -0.598719
18793 -628389.000179 0.000000 -3.633869 -0.598719
18629 -628389.000179 0.000000 -3.633869 -0.598719
22744 -628389.000179 0.000000 -3.633869 -0.598719
93912 -628389.000179 0.000000 -3.633869 -0.598719
22811 -628389.000179 0.000000 -3.633869 -0.598719
23159 -628389.000179 0.000000 -3.633869 -0.598719
22852 -628389.000179 0.000000 -3.633869 -0.598719
23178 -628389.000179 0.000000 -3.633869 -0.598719
27349 -628389.000179 0.000000 -3.633869 -0.598719
27008 -628389.000179 0.000000 -3.633869 -0.598719
27422 -628389.000179 0.000000 -3.633869 -0.598719
98432 -628389.000179 0.000000 -3.633869 -0.598719
27464 -628389.000179 0.000000 -3.633869 -0.598719
27601 -628389.000179 0.000000 -3.633869 -0.598719
27481 -628389.000179 0.000000 -3.633869 -0.598719
31631 -628389.000179 0.000000 -3.633869 -0.598719
31958 -628389.000179 0.000000 -3.633869 -0.598719
31684 -628389.000179 0.000000 -3.633869 -0.598719
32007 -628389.000179 0.000000 -3.633869 -0.598719
31704 -628389.000179 0.000000 -3.633869 -0.598719
32024 -628389.000179 0.000000 -3.633869 -0.598719
1105 -628388.792042 0.000000 -3.425732 -0.390583
1103 -628388.792042 0.000000 -3.425732 -0.390583
1106 -628388.792042 0.000000 -3.425732 -0.390583
1104 -628388.792042 0.000000 -3.425732 -0.390583
1107 -628388.792042 0.000000 -3.425732 -0.390583
1109 -628388.792042 0.000000 -3.425732 -0.390583
1108 -628388.792042 0.000000 -3.425732 -0.390583
5528 -628388.792042 0.000000 -3.425732 -0.390583
5527 -628388.792042 0.000000 -3.425732 -0.390583
5529 -628388.792042 0.000000 -3.425732 -0.390583
5531 -628388.792042 0.000000 -3.425732 -0.390583
5530 -628388.792042 0.000000 -3.425732 -0.390583
5532 -628388.792042 0.000000 -3.425732 -0.390583
9953 -628388.792042 0.000000 -3.425732 -0.390583
9951 -628388.792042 0.000000 -3.425732 -0.390583
9954 -628388.792042 0.000000 -3.425732 -0.390583
9952 -628388.792042 0.000000 -3.425732 -0.390583
9955 -628388.792042 0.000000 -3.425732 -0.390583
9956 -628388.792042 0.000000 -3.425732 -0.390583
14373 -628388.792042 0.000000 -3.425732 -0.390583
14374 -628388.792042 0.000000 -3.425732 -0.390583
14377 -628388.792042 0.000000 -3.425732 -0.390583
14375 -628388.792042 0.000000 -3.425732 -0.390583
14378 -628388.792042 0.000000 -3.425732 -0.390583
14376 -628388.792042 0.000000 -3.425732 -0.390583
18799 -628388.792042 0.000000 -3.425732 -0.390583
18802 -628388.792042 0.000000 -3.425732 -0.390583
18800 -628388.792042 0.000000 -3.425732 -0.390583
18803 -628388.792042 0.000000 -3.425732 -0.390583
18801 -628388.792042 0.000000 -3.425732 -0.390583
18804 -628388.792042 0.000000 -3.425732 -0.390583
18805 -628388.792042 0.000000 -3.425732 -0.390583
23227 -628388.792042 0.000000 -3.425732 -0.390583
23228 -628388.792042 0.000000 -3.425732 -0.390583
23231 -628388.792042 0.000000 -3.425732 -0.390583
23229 -628388.792042 0.000000 -3.425732 -0.390583
23232 -628388.792042 0.000000 -3.425732 -0.390583
23230 -628388.792042 0.000000 -3.425732 -0.390583
27651 -628388.792042 0.000000 -3.425732 -0.390583
27653 -628388.792042 0.000000 -3.425732 -0.390583
27652 -628388.792042 0.000000 -3.425732 -0.390583
27654 -628388.792042 0.000000 -3.425732 -0.390583
27656 -628388.792042 0.000000 -3.425732 -0.390583
27655 -628388.792042 0.000000 -3.425732 -0.390583
32074 -628388.792042 0.000000 -3.425732 -0.390583
32073 -628388.792042 0.000000 -3.425732 -0.390583
32075 -628388.792042 0.000000 -3.425732 -0.390583
32077 -628388.792042 0.000000 -3.425732 -0.390583
32076 -628388.792042 0.000000 -3.425732 -0.390583
32078 -628388.792042 0.000000 -3.425732 -0.390583
1468 -628388.678634 0.000000 -3.312324 -0.277175
1185 -628388.678634 0.000000 -3.312324 -0.277175
1411 -628388.678634 0.000000 -3.312324 -0.277175
1148 -628388.678634 0.000000 -3.312324 -0.277175
1384 -628388.678634 0.000000 -3.312324 -0.277175
1140 -628388.678634 0.000000 -3.312324 -0.277175
5736 -628388.678634 0.000000 -3.312324 -0.277175
6052 -628388.678634 0.000000 -3.312324 -0.277175
5677 -628388.678634 0.000000 -3.312324 -0.277175
5549 -628388.678634 0.000000 -3.312324 -0.277175
5646 -628388.678634 0.000000 -3.312324 -0.277175
5537 -628388.678634 0.000000 -3.312324 -0.277175
10725 -628388.678634 0.000000 -3.312324 -0.277175
10283 -628388.678634 0.000000 -3.312324 -0.277175
10030 -628388.678634 0.000000 -3.312324 -0.277175
10240 -628388.678634 0.000000 -3.312324 -0.277175
9995 -628388.678634 0.000000 -3.312324 -0.277175
9958 -628388.678634 0.000000 -3.312324 -0.277175
14969 -628388.678634 0.000000 -3.312324 -0.277175
14549 -628388.678634 0.000000 -3.312324 -0.277175
14902 -628388.678634 0.000000 -3.312324 -0.277175
14504 -628388.678634 0.000000 -3.312324 -0.277175
14392 -628388.678634 0.000000 -3.312324 -0.277175
14487 -628388.678634 0.000000 -3.312324 -0.277175
14382 -628388.678634 0.000000 -3.312324 -0.277175
19551 -628388.678634 0.000000 -3.312324 -0.277175
19134 -628388.678634 0.000000 -3.312324 -0.277175
18857 -628388.678634 0.000000 -3.312324 -0.277175
19091 -628388.678634 0.000000 -3.312324 -0.277175
18836 -628388.678634 0.000000 -3.312324 -0.277175
18806 -628388.678634 0.000000 -3.312324 -0.277175
23792 -628388.678634 0.000000 -3.312324 -0.277175
23403 -628388.678634 0.000000 -3.312324 -0.277175
23744 -628388.678634 0.000000 -3.312324 -0.277175
23358 -628388.678634 0.000000 -3.312324 -0.277175
23237 -628388.678634 0.000000 -3.312324 -0.277175
23339 -628388.678634 0.000000 -3.312324 -0.277175
28019 -628388.678634 0.000000 -3.312324 -0.277175
27755 -628388.678634 0.000000 -3.312324 -0.277175
27964 -628388.678634 0.000000 -3.312324 -0.277175
27705 -628388.678634 0.000000 -3.312324 -0.277175
27935 -628388.678634 0.000000 -3.312324 -0.277175
27686 -628388.678634 0.000000 -3.312324 -0.277175
32285 -628388.678634 0.000000 -3.312324 -0.277175
32632 -628388.678634 0.000000 -3.312324 -0.277175
32224 -628388.678634 0.000000 -3.312324 -0.277175
32103 -628388.678634 0.000000 -3.312324 -0.277175
32194 -628388.678634 0.000000 -3.312324 -0.277175
32083 -628388.678634 0.000000 -3.312324 -0.277175
32186 -628388.678634 0.000000 -3.312324 -0.277175
1467 -628388.692102 0.000000 -3.325792 -0.290643
1851 -628388.692102 0.000000 -3.325792 -0.290643
1410 -628388.692102 0.000000 -3.325792 -0.290643
1162 -628388.692102 0.000000 -3.325792 -0.290643
1383 -628388.692102 0.000000 -3.325792 -0.290643
1141 -628388.692102 0.000000 -3.325792 -0.290643
5735 -628388.692102 0.000000 -3.325792 -0.290643
6082 -628388.692102 0.000000 -3.325792 -0.290643
5676 -628388.692102 0.000000 -3.325792 -0.290643
6034 -628388.692102 0.000000 -3.325792 -0.290643
5645 -628388.692102 0.000000 -3.325792 -0.290643
5539 -628388.692102 0.000000 -3.325792 -0.290643
10724 -628388.692102 0.000000 -3.325792 -0.290643
10313 -628388.692102 0.000000 -3.325792 -0.290643
10029 -628388.692102 0.000000 -3.325792 -0.290643
10256 -628388.692102 0.000000 -3.325792 -0.290643
9994 -628388.692102 0.000000 -3.325792 -0.290643
10229 -628388.692102 0.000000 -3.325792 -0.290643
14968 -628388.692102 0.000000 -3.325792 -0.290643
14581 -628388.692102 0.000000 -3.325792 -0.290643
14901 -628388.692102 0.000000 -3.325792 -0.290643
14522 -628388.692102 0.000000 -3.325792 -0.290643
14879 -628388.692102 0.000000 -3.325792 -0.290643
14489 -628388.692102 0.000000 -3.325792 -0.290643
14381 -628388.692102 0.000000 -3.325792 -0.290643
19577 -628388.692102 0.000000 -3.325792 -0.290643
19133 -628388.692102 0.000000 -3.325792 -0.290643
18875 -628388.692102 0.000000 -3.325792 -0.290643
19090 -628388.692102 0.000000 -3.325792 -0.290643
18842 -628388.692102 0.000000 -3.325792 -0.290643
19079 -628388.692102 0.000000 -3.325792 -0.290643
23826 -628388.692102 0.000000 -3.325792 -0.290643
23402 -628388.692102 0.000000 -3.325792 -0.290643
23761 -628388.692102 0.000000 -3.325792 -0.290643
23357 -628388.692102 0.000000 -3.325792 -0.290643
23243 -628388.692102 0.000000 -3.325792 -0.290643
23338 -628388.692102 0.000000 -3.325792 -0.290643
28057 -628388.692102 0.000000 -3.325792 -0.290643
28402 -628388.692102 0.000000 -3.325792 -0.290643
27986 -628388.692102 0.000000 -3.325792 -0.290643
27704 -628388.692102 0.000000 -3.325792 -0.290643
27945 -628388.692102 0.000000 -3.325792 -0.290643
27685 -628388.692102 0.000000 -3.325792 -0.290643
32323 -628388.692102 0.000000 -3.325792 -0.290643
32631 -628388.692102 0.000000 -3.325792 -0.290643
32250 -628388.692102 0.000000 -3.325792 -0.290643
32586 -628388.692102 0.000000 -3.325792 -0.290643
32204 -628388.692102 0.000000 -3.325792 -0.290643
32082 -628388.692102 0.000000 -3.325792 -0.290643
32187 -628388.692102 0.000000 -3.325792 -0.290643
1313 -628388.825906 0.000000 -3.459596 -0.424446
1633 -628388.825906 0.000000 -3.459596 -0.424446
1254 -628388.825906 0.000000 -3.459596 -0.424446
1124 -628388.825906 0.000000 -3.459596 -0.424446
1224 -628388.825906 0.000000 -3.459596 -0.424446
1113 -628388.825905 0.000000 -3.459596 -0.424446
6301 -628388.825906 0.000000 -3.459596 -0.424446
5859 -628388.825906 0.000000 -3.459596 -0.424446
5607 -628388.825906 0.000000 -3.459596 -0.424446
5818 -628388.825906 0.000000 -3.459596 -0.424446
5572 -628388.825906 0.000000 -3.459596 -0.424446
5534 -628388.825906 0.000000 -3.459596 -0.424446
10544 -628388.825906 0.000000 -3.459596 -0.424446
10127 -628388.825906 0.000000 -3.459596 -0.424446
10477 -628388.825906 0.000000 -3.459596 -0.424446
10082 -628388.825906 0.000000 -3.459596 -0.424446
9971 -628388.825906 0.000000 -3.459596 -0.424446
10067 -628388.825906 0.000000 -3.459596 -0.424446
9961 -628388.825906 0.000000 -3.459596 -0.424446
15123 -628388.825906 0.000000 -3.459596 -0.424446
14706 -628388.825906 0.000000 -3.459596 -0.424446
14431 -628388.825906 0.000000 -3.459596 -0.424446
14663 -628388.825906 0.000000 -3.459596 -0.424446
14410 -628388.825906 0.000000 -3.459596 -0.424446
14379 -628388.825906 0.000000 -3.459596 -0.424446
19364 -628388.825906 0.000000 -3.459596 -0.424446
18974 -628388.825906 0.000000 -3.459596 -0.424446
19316 -628388.825906 0.000000 -3.459596 -0.424446
18931 -628388.825906 0.000000 -3.459596 -0.424446
18811 -628388.825906 0.000000 -3.459596 -0.424446
18914 -628388.825906 0.000000 -3.459596 -0.424446
23594 -628388.825906 0.000000 -3.459596 -0.424446
23329 -628388.825906 0.000000 -3.459596 -0.424446
23540 -628388.825906 0.000000 -3.459596 -0.424446
23281 -628388.825906 0.000000 -3.459596 -0.424446
23511 -628388.825906 0.000000 -3.459596 -0.424446
23262 -628388.825906 0.000000 -3.459596 -0.424446
27862 -628388.825906 0.000000 -3.459596 -0.424446
28214 -628388.825906 0.000000 -3.459596 -0.424446
27801 -628388.825906 0.000000 -3.459596 -0.424446
98478 -628388.825906 0.000000 -3.459596 -0.424446
27772 -628388.825906 0.000000 -3.459596 -0.424446
27660 -628388.825906 0.000000 -3.459596 -0.424446
27764 -628388.825906 0.000000 -3.459596 -0.424446
32439 -628388.825906 0.000000 -3.459596 -0.424446
32152 -628388.825906 0.000000 -3.459596 -0.424446
32384 -628388.825906 0.000000 -3.459596 -0.424446
32117 -628388.825906 0.000000 -3.459596 -0.424446
32357 -628388.825906 0.000000 -3.459596 -0.424446
32109 -628388.825906 0.000000 -3.459596 -0.424446
1312 -628388.800137 0.000000 -3.433828 -0.398678
1661 -628388.800137 0.000000 -3.433828 -0.398678
1253 -628388.800137 0.000000 -3.433828 -0.398678
1615 -628388.800137 0.000000 -3.433828 -0.398678
1223 -628388.800137 0.000000 -3.433828 -0.398678
1114 -628388.800137 0.000000 -3.433828 -0.398678
6300 -628388.800137 0.000000 -3.433828 -0.398678
5889 -628388.800137 0.000000 -3.433828 -0.398678
5606 -628388.800137 0.000000 -3.433828 -0.398678
5832 -628388.800137 0.000000 -3.433828 -0.398678
5571 -628388.800137 0.000000 -3.433828 -0.398678
5807 -628388.800137 0.000000 -3.433828 -0.398678
10543 -628388.800137 0.000000 -3.433828 -0.398678
10157 -628388.800137 0.000000 -3.433828 -0.398678
10476 -628388.800137 0.000000 -3.433828 -0.398678
10100 -628388.800137 0.000000 -3.433828 -0.398678
10455 -628388.800137 0.000000 -3.433828 -0.398678
10069 -628388.800137 0.000000 -3.433828 -0.398678
9960 -628388.800137 0.000000 -3.433828 -0.398678
15149 -628388.800137 0.000000 -3.433828 -0.398678
14705 -628388.800137 0.000000 -3.433828 -0.398678
14449 -628388.800137 0.000000 -3.433828 -0.398678
14662 -628388.800137 0.000000 -3.433828 -0.398678
14416 -628388.800137 0.000000 -3.433828 -0.398678
14653 -628388.800137 0.000000 -3.433828 -0.398678
19398 -628388.800137 0.000000 -3.433828 -0.398678
18973 -628388.800137 0.000000 -3.433828 -0.398678
19333 -628388.800137 0.000000 -3.433828 -0.398678
18930 -628388.800137 0.000000 -3.433828 -0.398678
18817 -628388.800137 0.000000 -3.433828 -0.398678
18913 -628388.800137 0.000000 -3.433828 -0.398678
23632 -628388.800137 0.000000 -3.433828 -0.398678
23979 -628388.800137 0.000000 -3.433828 -0.398678
23562 -628388.800137 0.000000 -3.433828 -0.398678
23280 -628388.800137 0.000000 -3.433828 -0.398678
23521 -628388.800137 0.000000 -3.433828 -0.398678
23261 -628388.800137 0.000000 -3.433828 -0.398678
98700 -628388.800137 0.000000 -3.433828 -0.398678
28213 -628388.800137 0.000000 -3.433828 -0.398678
27827 -628388.800137 0.000000 -3.433828 -0.398678
28168 -628388.800137 0.000000 -3.433828 -0.398678
27782 -628388.800137 0.000000 -3.433828 -0.398678
27659 -628388.800137 0.000000 -3.433828 -0.398678
27765 -628388.800137 0.000000 -3.433828 -0.398678
32438 -628388.800137 0.000000 -3.433828 -0.398678
32823 -628388.800137 0.000000 -3.433828 -0.398678
32383 -628388.800137 0.000000 -3.433828 -0.398678
32129 -628388.800137 0.000000 -3.433828 -0.398678
32356 -628388.800137 0.000000 -3.433828 -0.398678
32110 -628388.800137 0.000000 -3.433828 -0.398678
1879 -628389.136273 0.000000 -3.769963 -0.734814
1437 -628389.136273 0.000000 -3.769963 -0.734814
1184 -628389.136273 0.000000 -3.769963 -0.734814
1396 -628389.136273 0.000000 -3.769963 -0.734814
1147 -628389.136273 0.000000 -3.769963 -0.734814
1111 -628389.136273 0.000000 -3.769963 -0.734814
6120 -628389.136273 0.000000 -3.769963 -0.734814
5705 -628389.136273 0.000000 -3.769963 -0.734814
6051 -628389.136273 0.000000 -3.769963 -0.734814
5658 -628389.136273 0.000000 -3.769963 -0.734814
5548 -628389.136273 0.000000 -3.769963 -0.734814
5643 -628389.136273 0.000000 -3.769963 -0.734814
10350 -628389.136273 0.000000 -3.769963 -0.734814
10698 -628389.136273 0.000000 -3.769963 -0.734814
10282 -628389.136273 0.000000 -3.769963 -0.734814
10011 -628389.136273 0.000000 -3.769963 -0.734814
10239 -628389.136273 0.000000 -3.769963 -0.734814
9989 -628389.136273 0.000000 -3.769963 -0.734814
9957 -628389.136273 0.000000 -3.769963 -0.734814
14934 -628389.136273 0.000000 -3.769963 -0.734814
14548 -628389.136273 0.000000 -3.769963 -0.734814
14884 -628389.136273 0.000000 -3.769963 -0.734814
14503 -628389.136273 0.000000 -3.769963 -0.734814
14386 -628389.136273 0.000000 -3.769963 -0.734814
14486 -628389.136273 0.000000 -3.769963 -0.734814
19166 -628389.136273 0.000000 -3.769963 -0.734814
18904 -628389.136273 0.000000 -3.769963 -0.734814
19111 -628389.136273 0.000000 -3.769963 -0.734814
18856 -628389.136273 0.000000 -3.769963 -0.734814
19082 -628389.136273 0.000000 -3.769963 -0.734814
18835 -628389.136273 0.000000 -3.769963 -0.734814
23439 -628389.136273 0.000000 -3.769963 -0.734814
23791 -628389.136273 0.000000 -3.769963 -0.734814
23378 -628389.136273 0.000000 -3.769963 -0.734814
94054 -628389.136273 0.000000 -3.769963 -0.734814
23347 -628389.136273 0.000000 -3.769963 -0.734814
23236 -628389.136273 0.000000 -3.769963 -0.734814
28430 -628389.136273 0.000000 -3.769963 -0.734814
28018 -628389.136273 0.000000 -3.769963 -0.734814
27729 -628389.136273 0.000000 -3.769963 -0.734814
27963 -628389.136273 0.000000 -3.769963 -0.734814
27694 -628389.136273 0.000000 -3.769963 -0.734814
27934 -628389.136273 0.000000 -3.769963 -0.734814
27684 -628389.136273 0.000000 -3.769963 -0.734814
32284 -628389.136273 0.000000 -3.769963 -0.734814
32605 -628389.136273 0.000000 -3.769963 -0.734814
32223 -628389.136273 0.000000 -3.769963 -0.734814
32092 -628389.136273 0.000000 -3.769963 -0.734814
32193 -628389.136273 0.000000 -3.769963 -0.734814
32081 -628389.136273 0.000000 -3.769963 -0.734814
1878 -628388.830917 0.000000 -3.464608 -0.429458
1469 -628388.830917 0.000000 -3.464608 -0.429458
1183 -628388.830918 0.000000 -3.464608 -0.429458
1412 -628388.830918 0.000000 -3.464608 -0.429458
1146 -628388.830917 0.000000 -3.464608 -0.429458
1385 -628388.830918 0.000000 -3.464608 -0.429458
6119 -628388.830918 0.000000 -3.464608 -0.429458
5737 -628388.830917 0.000000 -3.464608 -0.429458
6050 -628388.830918 0.000000 -3.464608 -0.429458
5678 -628388.830918 0.000000 -3.464608 -0.429458
6030 -628388.830918 0.000000 -3.464608 -0.429458
5647 -628388.830917 0.000000 -3.464608 -0.429458
5536 -628388.830917 0.000000 -3.464608 -0.429458
10726 -628388.830918 0.000000 -3.464608 -0.429458
10281 -628388.830918 0.000000 -3.464608 -0.429458
10031 -628388.830918 0.000000 -3.464608 -0.429458
10238 -628388.830918 0.000000 -3.464608 -0.429458
9996 -628388.830918 0.000000 -3.464608 -0.429458
10228 -628388.830918 0.000000 -3.464608 -0.429458
14970 -628388.830918 0.000000 -3.464608 -0.429458
14547 -628388.830918 0.000000 -3.464608 -0.429458
14903 -628388.830918 0.000000 -3.464608 -0.429458
14502 -628388.830918 0.000000 -3.464608 -0.429458
14393 -628388.830918 0.000000 -3.464608 -0.429458
14485 -628388.830918 0.000000 -3.464608 -0.429458
19204 -628388.830918 0.000000 -3.464608 -0.429458
19550 -628388.830918 0.000000 -3.464608 -0.429458
19135 -628388.830918 0.000000 -3.464608 -0.429458
18855 -628388.830918 0.000000 -3.464608 -0.429458
19092 -628388.830917 0.000000 -3.464608 -0.429458
18834 -628388.830917 0.000000 -3.464608 -0.429458
23477 -628388.830918 0.000000 -3.464608 -0.429458
23790 -628388.830918 0.000000 -3.464608 -0.429458
23404 -628388.830917 0.000000 -3.464608 -0.429458
23743 -628388.830917 0.000000 -3.464608 -0.429458
23359 -628388.830918 0.000000 -3.464608 -0.429458
23235 -628388.830918 0.000000 -3.464608 -0.429458
23340 -628388.830918 0.000000 -3.464608 -0.429458
28017 -628388.830918 0.000000 -3.464608 -0.429458
28403 -628388.830917 0.000000 -3.464608 -0.429458
27962 -628388.830918 0.000000 -3.464608 -0.429458
27706 -628388.830917 0.000000 -3.464608 -0.429458
27933 -628388.830918 0.000000 -3.464608 -0.429458
27687 -628388.830917 0.000000 -3.464608 -0.429458
32283 -628388.830917 0.000000 -3.464608 -0.429458
32633 -628388.830917 0.000000 -3.464608 -0.429458
32222 -628388.830917 0.000000 -3.464608 -0.429458
32587 -628388.830917 0.000000 -3.464608 -0.429458
32192 -628388.830917 0.000000 -3.464608 -0.429458
32084 -628388.830917 0.000000 -3.464608 -0.429458
1699 -628388.789114 0.000000 -3.422805 -0.387655
1282 -628388.789115 0.000000 -3.422805 -0.387655
1632 -628388.789114 0.000000 -3.422805 -0.387655
1236 -628388.789114 0.000000 -3.422805 -0.387655
1123 -628388.789114 0.000000 -3.422805 -0.387655
1221 -628388.789115 0.000000 -3.422805 -0.387655
5927 -628388.789114 0.000000 -3.422805 -0.387655
6274 -628388.789115 0.000000 -3.422805 -0.387655
5858 -628388.789115 0.000000 -3.422805 -0.387655
5588 -628388.789115 0.000000 -3.422805 -0.387655
5817 -628388.789115 0.000000 -3.422805 -0.387655
5567 -628388.789115 0.000000 -3.422805 -0.387655
5533 -628388.789114 0.000000 -3.422805 -0.387655
10509 -628388.789114 0.000000 -3.422805 -0.387655
10126 -628388.789114 0.000000 -3.422805 -0.387655
10460 -628388.789114 0.000000 -3.422805 -0.387655
10081 -628388.789115 0.000000 -3.422805 -0.387655
9965 -628388.789115 0.000000 -3.422805 -0.387655
10066 -628388.789115 0.000000 -3.422805 -0.387655
14738 -628388.789114 0.000000 -3.422805 -0.387655
14476 -628388.789115 0.000000 -3.422805 -0.387655
14683 -628388.789114 0.000000 -3.422805 -0.387655
14430 -628388.789114 0.000000 -3.422805 -0.387655
14656 -628388.789114 0.000000 -3.422805 -0.387655
14409 -628388.789114 0.000000 -3.422805 -0.387655
19010 -628388.789115 0.000000 -3.422805 -0.387655
19363 -628388.789114 0.000000 -3.422805 -0.387655
18951 -628388.789115 0.000000 -3.422805 -0.387655
18827 -628388.789115 0.000000 -3.422805 -0.387655
18920 -628388.789115 0.000000 -3.422805 -0.387655
18810 -628388.789115 0.000000 -3.422805 -0.387655
24007 -628388.789115 0.000000 -3.422805 -0.387655
23593 -628388.789115 0.000000 -3.422805 -0.387655
23303 -628388.789114 0.000000 -3.422805 -0.387655
23539 -628388.789115 0.000000 -3.422805 -0.387655
23270 -628388.789115 0.000000 -3.422805 -0.387655
23510 -628388.789114 0.000000 -3.422805 -0.387655
23260 -628388.789115 0.000000 -3.422805 -0.387655
27861 -628388.789115 0.000000 -3.422805 -0.387655
28187 -628388.789115 0.000000 -3.422805 -0.387655
27800 -628388.789114 0.000000 -3.422805 -0.387655
27667 -628388.789115 0.000000 -3.422805 -0.387655
27771 -628388.789115 0.000000 -3.422805 -0.387655
27658 -628388.789114 0.000000 -3.422805 -0.387655
32849 -628388.789115 0.000000 -3.422805 -0.387655
32408 -628388.789115 0.000000 -3.422805 -0.387655
32151 -628388.789115 0.000000 -3.422805 -0.387655
32369 -628388.789115 0.000000 -3.422805 -0.387655
32116 -628388.789115 0.000000 -3.422805 -0.387655
32079 -628388.789114 0.000000 -3.422805 -0.387655
1698 -628388.856717 0.000000 -3.490408 -0.455258
1314 -628388.856717 0.000000 -3.490408 -0.455258
1631 -628388.856717 0.000000 -3.490408 -0.455258
1255 -628388.856717 0.000000 -3.490408 -0.455258
1611 -628388.856717 0.000000 -3.490408 -0.455258
1225 -628388.856717 0.000000 -3.490408 -0.455258
5926 -628388.856717 0.000000 -3.490408 -0.455258
6302 -628388.856717 0.000000 -3.490408 -0.455258
5857 -628388.856717 0.000000 -3.490408 -0.455258
5608 -628388.856717 0.000000 -3.490408 -0.455258
5816 -628388.856717 0.000000 -3.490408 -0.455258
5573 -628388.856717 0.000000 -3.490408 -0.455258
5806 -628388.856717 0.000000 -3.490408 -0.455258
10545 -628388.856717 0.000000 -3.490408 -0.455258
10125 -628388.856717 0.000000 -3.490408 -0.455258
10478 -628388.856717 0.000000 -3.490408 -0.455258
10080 -628388.856717 0.000000 -3.490408 -0.455258
9972 -628388.856717 0.000000 -3.490408 -0.455258
10065 -628388.856717 0.000000 -3.490408 -0.455258
14774 -628388.856717 0.000000 -3.490408 -0.455258
15122 -628388.856717 0.000000 -3.490408 -0.455258
14707 -628388.856717 0.000000 -3.490408 -0.455258
14429 -628388.856717 0.000000 -3.490408 -0.455258
14664 -628388.856717 0.000000 -3.490408 -0.455258
14408 -628388.856717 0.000000 -3.490408 -0.455258
19048 -628388.856717 0.000000 -3.490408 -0.455258
19362 -628388.856717 0.000000 -3.490408 -0.455258
18975 -628388.856717 0.000000 -3.490408 -0.455258
19315 -628388.856717 0.000000 -3.490408 -0.455258
18932 -628388.856717 0.000000 -3.490408 -0.455258
18809 -628388.856717 0.000000 -3.490408 -0.455258
24045 -628388.856717 0.000000 -3.490408 -0.455258
23592 -628388.856717 0.000000 -3.490408 -0.455258
23980 -628388.856717 0.000000 -3.490408 -0.455258
23538 -628388.856717 0.000000 -3.490408 -0.455258
23282 -628388.856717 0.000000 -3.490408 -0.455258
23509 -628388.856717 0.000000 -3.490408 -0.455258
23263 -628388.856717 0.000000 -3.490408 -0.455258
27860 -628388.856717 0.000000 -3.490408 -0.455258
28215 -628388.856717 0.000000 -3.490408 -0.455258
27799 -628388.856717 0.000000 -3.490408 -0.455258
28169 -628388.856717 0.000000 -3.490408 -0.455258
27770 -628388.856717 0.000000 -3.490408 -0.455258
27661 -628388.856717 0.000000 -3.490408 -0.455258
32848 -628388.856717 0.000000 -3.490408 -0.455258
32440 -628388.856717 0.000000 -3.490408 -0.455258
32150 -628388.856717 0.000000 -3.490408 -0.455258
32385 -628388.856717 0.000000 -3.490408 -0.455258
32115 -628388.856717 0.000000 -3.490408 -0.455258
32358 -628388.856717 0.000000 -3.490408 -0.455258
1507 -628388.976509 0.000000 -3.610199 -0.575050
1853 -628388.976509 0.000000 -3.610199 -0.575050
1436 -628388.976509 0.000000 -3.610199 -0.575050
1165 -628388.976509 0.000000 -3.610199 -0.575050
1395 -628388.976509 0.000000 -3.610199 -0.575050
1144 -628388.976509 0.000000 -3.610199 -0.575050
1110 -628388.976509 0.000000 -3.610199 -0.575050
6085 -628388.976509 0.000000 -3.610199 -0.575050
5704 -628388.976509 0.000000 -3.610199 -0.575050
6036 -628388.976509 0.000000 -3.610199 -0.575050
5657 -628388.976509 0.000000 -3.610199 -0.575050
5542 -628388.976509 0.000000 -3.610199 -0.575050
5642 -628388.976509 0.000000 -3.610199 -0.575050
10316 -628388.976509 0.000000 -3.610199 -0.575050
10056 -628388.976509 0.000000 -3.610199 -0.575050
10259 -628388.976509 0.000000 -3.610199 -0.575050
10010 -628388.976509 0.000000 -3.610199 -0.575050
10232 -628388.976509 0.000000 -3.610199 -0.575050
9988 -628388.976509 0.000000 -3.610199 -0.575050
14584 -628388.976509 0.000000 -3.610199 -0.575050
14933 -628388.976509 0.000000 -3.610199 -0.575050
14525 -628388.976509 0.000000 -3.610199 -0.575050
14403 -628388.976509 0.000000 -3.610199 -0.575050
14492 -628388.976509 0.000000 -3.610199 -0.575050
14385 -628388.976509 0.000000 -3.610199 -0.575050
19580 -628388.976509 0.000000 -3.610199 -0.575050
19165 -628388.976509 0.000000 -3.610199 -0.575050
18878 -628388.976509 0.000000 -3.610199 -0.575050
19110 -628388.976509 0.000000 -3.610199 -0.575050
18845 -628388.976509 0.000000 -3.610199 -0.575050
19081 -628388.976509 0.000000 -3.610199 -0.575050
18833 -628388.976509 0.000000 -3.610199 -0.575050
23438 -628388.976509 0.000000 -3.610199 -0.575050
23764 -628388.976509 0.000000 -3.610199 -0.575050
23377 -628388.976509 0.000000 -3.610199 -0.575050
23245 -628388.976509 0.000000 -3.610199 -0.575050
23346 -628388.976509 0.000000 -3.610199 -0.575050
23234 -628388.976509 0.000000 -3.610199 -0.575050
28429 -628388.976509 0.000000 -3.610199 -0.575050
27989 -628388.976509 0.000000 -3.610199 -0.575050
27728 -628388.976509 0.000000 -3.610199 -0.575050
27948 -628388.976509 0.000000 -3.610199 -0.575050
27693 -628388.976509 0.000000 -3.610199 -0.575050
27657 -628388.976509 0.000000 -3.610199 -0.575050
32671 -628388.976509 0.000000 -3.610199 -0.575050
32253 -628388.976509 0.000000 -3.610199 -0.575050
32604 -628388.976509 0.000000 -3.610199 -0.575050
32207 -628388.976509 0.000000 -3.610199 -0.575050
32091 -628388.976509 0.000000 -3.610199 -0.575050
32190 -628388.976509 0.000000 -3.610199 -0.575050
