#ID      EIFS 	      EIPFS 	   FSbin        FSseg
34 -81435.199975 0.000000 -2.855828 0.174408
98 -81435.200584 0.000000 -2.856436 0.173800
646 -81435.155357 0.000000 -2.811209 0.219027
1245 -81435.149233 0.000000 -2.805085 0.225151
1257 -81435.149414 0.000000 -2.805266 0.224970
1859 -81435.144654 0.000000 -2.800506 0.229730
2386 -81435.151872 0.000000 -2.807725 0.222511
2415 -81435.198163 0.000000 -2.854015 0.176221
3008 -81435.194680 0.000000 -2.850532 0.179704
2959 -81435.194812 0.000000 -2.850665 0.179571
3611 -81435.202208 0.000000 -2.858060 0.172176
13446 -81435.195884 0.000000 -2.851736 0.178500
4120 -81435.199828 0.000000 -2.855680 0.174556
145 -81436.653829 0.000000 -4.309682 -1.279446
725 -81436.654887 0.000000 -4.310739 -1.280503
726 -81436.559316 0.000000 -4.215168 -1.184932
1303 -81436.566033 0.000000 -4.221885 -1.191649
1880 -81436.566743 0.000000 -4.222595 -1.192359
1881 -81436.607918 0.000000 -4.263770 -1.233534
2459 -81438.091425 0.000000 -5.747277 -2.717041
2460 -81436.381216 0.000000 -4.037069 -1.006832
3039 -81436.382881 0.000000 -4.038733 -1.008497
12873 -81437.824841 0.000000 -5.480693 -2.450457
12874 -81437.347539 0.000000 -5.003391 -1.973155
13450 -81436.655232 0.000000 -4.311084 -1.280848
14030 -81436.653589 0.000000 -4.309441 -1.279205
154 -81436.533552 0.000000 -4.189404 -1.159168
224 -81437.930553 0.000000 -5.586406 -2.556170
832 -81437.830396 0.000000 -5.486248 -2.456012
1400 -81438.198508 0.000000 -5.854360 -2.824124
1380 -81438.198311 0.000000 -5.854163 -2.823927
1940 -81438.198725 0.000000 -5.854577 -2.824341
1929 -81438.161041 0.000000 -5.816893 -2.786657
2484 -81438.107632 0.000000 -5.763484 -2.733248
3096 -81438.089066 0.000000 -5.744918 -2.714682
3042 -81438.089150 0.000000 -5.745002 -2.714766
3641 -81438.088578 0.000000 -5.744430 -2.714194
3619 -81436.526884 0.000000 -4.182736 -1.152500
4196 -81436.533693 0.000000 -4.189545 -1.159309
168 -81438.571999 0.000000 -6.227851 -3.197615
737 -81438.571022 0.000000 -6.226875 -3.196639
727 -81436.588914 0.000000 -4.244767 -1.214531
1306 -81436.595301 0.000000 -4.251154 -1.220917
11163 -81437.912133 0.000000 -5.567985 -2.537749
1987 -81438.497222 0.000000 -6.153074 -3.122838
2544 -81437.810088 0.000000 -5.465940 -2.435704
2536 -81438.255985 0.000000 -5.911837 -2.881601
3089 -81438.256206 0.000000 -5.912058 -2.881822
3713 -81438.256665 0.000000 -5.912518 -2.882282
3639 -81438.193129 0.000000 -5.848982 -2.818746
4250 -81438.570772 0.000000 -6.226624 -3.196388
4195 -81438.571900 0.000000 -6.227752 -3.197516
40 -81437.042948 0.000000 -4.698801 -1.668565
644 -81437.038874 0.000000 -4.694726 -1.664490
1194 -81437.909107 0.000000 -5.564959 -2.534723
1255 -81437.907268 0.000000 -5.563120 -2.532884
1800 -81437.907022 0.000000 -5.562874 -2.532638
1864 -81437.874161 0.000000 -5.530013 -2.499777
2412 -81437.885391 0.000000 -5.541244 -2.511008
3006 -81437.871556 0.000000 -5.527408 -2.497172
3023 -81437.871835 0.000000 -5.527687 -2.497451
3609 -81437.870910 0.000000 -5.526762 -2.496526
3511 -81436.771754 0.000000 -4.427606 -1.397370
4121 -81437.154445 0.000000 -4.810297 -1.780061
14022 -81437.043659 0.000000 -4.699511 -1.669275
88 -81438.302756 0.000000 -5.958608 -2.928372
691 -81438.300533 0.000000 -5.956385 -2.926149
706 -81436.874136 0.000000 -4.529989 -1.499753
1295 -81437.253293 0.000000 -4.909145 -1.878909
10552 -81437.057578 0.000000 -4.713431 -1.683195
11116 -81437.054159 0.000000 -4.710012 -1.679776
11693 -81438.648240 0.000000 -6.304092 -3.273856
2354 -81437.962412 0.000000 -5.618265 -2.588029
2958 -81437.960884 0.000000 -5.616736 -2.586500
2966 -81437.961032 0.000000 -5.616884 -2.586648
3570 -81437.943824 0.000000 -5.599677 -2.569441
4101 -81438.301932 0.000000 -5.957784 -2.927548
4180 -81438.302952 0.000000 -5.958804 -2.928568
8867 -81438.193197 0.000000 -5.849049 -2.818813
230 -81438.193168 0.000000 -5.849021 -2.818784
786 -81436.806777 0.000000 -4.462629 -1.432393
775 -81438.144437 0.000000 -5.800290 -2.770054
1328 -81438.143382 0.000000 -5.799234 -2.768998
1322 -81438.143615 0.000000 -5.799467 -2.769231
1885 -81437.150068 0.000000 -4.805920 -1.775684
2495 -81437.191653 0.000000 -4.847505 -1.817269
11717 -81437.089413 0.000000 -4.745266 -1.715030
12305 -81437.089365 0.000000 -4.745217 -1.714981
12883 -81437.090466 0.000000 -4.746318 -1.716082
3695 -81438.203915 0.000000 -5.859767 -2.829531
4305 -81438.193637 0.000000 -5.849489 -2.819253
181 -81437.256789 0.000000 -4.912641 -1.882405
245 -81438.025095 0.000000 -5.680947 -2.650711
182 -81438.033498 0.000000 -5.689350 -2.659114
233 -81437.481835 0.000000 -5.137687 -2.107451
171 -81437.459485 0.000000 -5.115337 -2.085101
148 -81437.256698 0.000000 -4.912551 -1.882315
223 -81438.024552 0.000000 -5.680404 -2.650168
164 -81438.033477 0.000000 -5.689329 -2.659093
225 -81437.481621 0.000000 -5.137473 -2.107237
802 -81437.458668 0.000000 -5.114520 -2.084284
735 -81437.282733 0.000000 -4.938585 -1.908349
785 -81437.992482 0.000000 -5.648334 -2.618098
736 -81438.070826 0.000000 -5.726678 -2.696442
778 -81437.113973 0.000000 -4.769825 -1.739589
730 -81437.614918 0.000000 -5.270770 -2.240534
831 -81437.509685 0.000000 -5.165537 -2.135301
773 -81437.856946 0.000000 -5.512798 -2.482562
1338 -81438.451995 0.000000 -6.107847 -3.077611
1401 -81437.079709 0.000000 -4.735562 -1.705326
1340 -81437.679036 0.000000 -5.334888 -2.304652
1387 -81437.511046 0.000000 -5.166898 -2.136662
1327 -81437.855983 0.000000 -5.511835 -2.481599
1305 -81438.453591 0.000000 -6.109443 -3.079207
1324 -81437.078499 0.000000 -4.734351 -1.704115
1304 -81437.679654 0.000000 -5.335506 -2.305270
1993 -81437.510876 0.000000 -5.166728 -2.136492
1939 -81437.856541 0.000000 -5.512394 -2.482158
1891 -81438.452845 0.000000 -6.108697 -3.078461
1941 -81437.081197 0.000000 -4.737049 -1.706813
1893 -81437.689944 0.000000 -5.345796 -2.315560
1932 -81437.280536 0.000000 -4.936388 -1.906152
1884 -81438.000135 0.000000 -5.655987 -2.625751
1986 -81438.574814 0.000000 -6.230666 -3.200430
2498 -81437.097003 0.000000 -4.752855 -1.722619
2470 -81438.055761 0.000000 -5.711613 -2.681377
2542 -81437.134394 0.000000 -4.790246 -1.760010
2483 -81438.037750 0.000000 -5.693602 -2.663366
2543 -81438.195368 0.000000 -5.851221 -2.820985
2485 -81437.177259 0.000000 -4.833111 -1.802875
2539 -81437.619518 0.000000 -5.275370 -2.245134
2480 -81437.098130 0.000000 -4.753982 -1.723746
3065 -81438.056491 0.000000 -5.712343 -2.682107
3150 -81438.180970 0.000000 -5.836822 -2.806586
3052 -81437.174063 0.000000 -4.829915 -1.799679
3151 -81437.621080 0.000000 -5.276932 -2.246696
3087 -81437.098057 0.000000 -4.753909 -1.723673
3041 -81438.056290 0.000000 -5.712142 -2.681906
3088 -81438.180602 0.000000 -5.836454 -2.806218
3043 -81437.173881 0.000000 -4.829733 -1.799497
3086 -81437.621029 0.000000 -5.276881 -2.246645
3655 -81437.100098 0.000000 -4.755951 -1.725715
3626 -81438.052984 0.000000 -5.708836 -2.678600
3698 -81438.182740 0.000000 -5.838592 -2.808356
3622 -81437.184378 0.000000 -4.840230 -1.809994
3700 -81437.616865 0.000000 -5.272717 -2.242481
3637 -81437.193764 0.000000 -4.849616 -1.819380
3694 -81438.042824 0.000000 -5.698676 -2.668440
3638 -81438.035023 0.000000 -5.690875 -2.660639
13475 -81437.480021 0.000000 -5.135873 -2.105637
4253 -81437.459915 0.000000 -5.115767 -2.085531
4204 -81437.256287 0.000000 -4.912139 -1.881903
4299 -81438.025506 0.000000 -5.681358 -2.651122
4240 -81438.033320 0.000000 -5.689172 -2.658936
4300 -81437.481886 0.000000 -5.137738 -2.107502
4242 -81437.459515 0.000000 -5.115367 -2.085131
244 -81438.041156 0.000000 -5.697008 -2.666772
170 -81438.041371 0.000000 -5.697223 -2.666987
784 -81438.042322 0.000000 -5.698174 -2.667938
729 -81437.899549 0.000000 -5.555401 -2.525165
1326 -81437.901390 0.000000 -5.557242 -2.527006
1908 -81437.901692 0.000000 -5.557544 -2.527308
1883 -81437.646528 0.000000 -5.302380 -2.272144
2469 -81437.534902 0.000000 -5.190754 -2.160518
2538 -81437.624790 0.000000 -5.280642 -2.250406
3145 -81437.624580 0.000000 -5.280432 -2.250196
3715 -81437.622882 0.000000 -5.278734 -2.248498
3693 -81438.027132 0.000000 -5.682984 -2.652748
4252 -81438.041253 0.000000 -5.697105 -2.666869
183 -81437.854364 0.000000 -5.510216 -2.479980
147 -81437.854487 0.000000 -5.510339 -2.480103
738 -81437.500102 0.000000 -5.155954 -2.125718
1313 -81437.058065 0.000000 -4.713917 -1.683681
1384 -81437.253557 0.000000 -4.909409 -1.879173
1994 -81437.263014 0.000000 -4.918867 -1.888631
1930 -81437.624287 0.000000 -5.280139 -2.249903
2545 -81437.996648 0.000000 -5.652500 -2.622264
3100 -81437.994678 0.000000 -5.650531 -2.620295
3090 -81437.994758 0.000000 -5.650611 -2.620374
3645 -81437.994276 0.000000 -5.650128 -2.619892
4268 -81437.853247 0.000000 -5.509099 -2.478863
4200 -81437.854321 0.000000 -5.510173 -2.479937
232 -81437.155173 0.000000 -4.811025 -1.780789
838 -81437.165730 0.000000 -4.821582 -1.791346
777 -81437.867806 0.000000 -5.523659 -2.493423
1386 -81437.865627 0.000000 -5.521479 -2.491243
1957 -81437.865870 0.000000 -5.521722 -2.491486
1931 -81437.873978 0.000000 -5.529830 -2.499594
2497 -81437.873487 0.000000 -5.529339 -2.499103
2479 -81437.858803 0.000000 -5.514655 -2.484419
3051 -81437.858874 0.000000 -5.514727 -2.484491
3654 -81437.858919 0.000000 -5.514771 -2.484535
3621 -81437.486918 0.000000 -5.142770 -2.112534
4203 -81437.043080 0.000000 -4.698932 -1.668696
4298 -81437.154528 0.000000 -4.810380 -1.780144
169 -81437.082606 0.000000 -4.738458 -1.708222
752 -81437.084065 0.000000 -4.739917 -1.709681
728 -81437.879576 0.000000 -5.535428 -2.505192
1312 -81437.911968 0.000000 -5.567820 -2.537584
1383 -81436.595173 0.000000 -4.251025 -1.220789
1988 -81436.728780 0.000000 -4.384632 -1.354396
2559 -81436.797981 0.000000 -4.453833 -1.423597
2537 -81437.059685 0.000000 -4.715537 -1.685301
3099 -81437.059427 0.000000 -4.715279 -1.685043
3714 -81437.059385 0.000000 -4.715237 -1.685001
3644 -81437.089351 0.000000 -4.745203 -1.714967
4251 -81437.081761 0.000000 -4.737613 -1.707377
4199 -81437.082024 0.000000 -4.737876 -1.707640
156 -81437.930500 0.000000 -5.586352 -2.556116
227 -81436.533925 0.000000 -4.189777 -1.159541
839 -81436.665047 0.000000 -4.320899 -1.290663
1404 -81437.013396 0.000000 -4.669248 -1.639012
1389 -81437.013377 0.000000 -4.669229 -1.638993
1944 -81437.015558 0.000000 -4.671410 -1.641174
1934 -81437.046504 0.000000 -4.702356 -1.672120
2488 -81437.069726 0.000000 -4.725578 -1.695342
3114 -81437.070851 0.000000 -4.726703 -1.696467
3046 -81437.070756 0.000000 -4.726608 -1.696372
3656 -81437.072305 0.000000 -4.728157 -1.697921
3620 -81437.902768 0.000000 -5.558620 -2.528384
4206 -81437.930445 0.000000 -5.586297 -2.556061
231 -81436.665295 0.000000 -4.321147 -1.290911
803 -81436.666942 0.000000 -4.322794 -1.292558
776 -81436.750615 0.000000 -4.406467 -1.376231
1342 -81436.748822 0.000000 -4.404674 -1.374438
1323 -81436.749993 0.000000 -4.405845 -1.375609
1895 -81436.708364 0.000000 -4.364216 -1.333980
2496 -81436.679891 0.000000 -4.335743 -1.305507
2464 -81437.824933 0.000000 -5.480785 -2.450549
3050 -81437.825078 0.000000 -5.480930 -2.450694
3144 -81436.383780 0.000000 -4.039632 -1.009396
3702 -81436.499096 0.000000 -4.154949 -1.124713
4306 -81436.665739 0.000000 -4.321591 -1.291355
4244 -81436.665161 0.000000 -4.321013 -1.290777
248 -81436.549832 0.000000 -4.205684 -1.175448
226 -81436.547384 0.000000 -4.203236 -1.173000
789 -81436.487071 0.000000 -4.142923 -1.112687
1402 -81436.521178 0.000000 -4.177030 -1.146794
1331 -81436.520453 0.000000 -4.176305 -1.146069
1942 -81436.521950 0.000000 -4.177802 -1.147566
1888 -81436.492909 0.000000 -4.148761 -1.118525
2486 -81436.418771 0.000000 -4.074623 -1.044387
3067 -81436.416780 0.000000 -4.072632 -1.042396
3044 -81436.416885 0.000000 -4.072737 -1.042501
3628 -81436.373513 0.000000 -4.029365 -0.999129
4316 -81436.552587 0.000000 -4.208440 -1.178204
4301 -81436.549873 0.000000 -4.205725 -1.175489
