#ID      EIFS 	      EIPFS 	   FSbin        FSseg
233 -302852.234950 0.000000 -4.511896 -1.480885
159 -302852.476694 0.000000 -4.753640 -1.722628
486 -302854.076930 0.000000 -6.353876 -3.322864
2445 -302852.233498 0.000000 -4.510444 -1.479432
2349 -302853.684924 0.000000 -5.961870 -2.930859
2269 -302852.078103 0.000000 -4.355049 -1.324038
2673 -302852.239863 0.000000 -4.516809 -1.485798
4560 -302853.683067 0.000000 -5.960013 -2.929002
4462 -302853.823238 0.000000 -6.100184 -3.069173
4479 -302854.075766 0.000000 -6.352712 -3.321701
6744 -302853.685257 0.000000 -5.962203 -2.931192
6676 -302853.684824 0.000000 -5.961770 -2.930759
6581 -302852.214757 0.000000 -4.491703 -1.460692
6794 -302852.239222 0.000000 -4.516168 -1.485157
8859 -302853.683505 0.000000 -5.960451 -2.929440
8790 -302852.230077 0.000000 -4.507023 -1.476012
8905 -302852.076786 0.000000 -4.353732 -1.322720
9106 -302852.239773 0.000000 -4.516719 -1.485708
10972 -302853.683074 0.000000 -5.960020 -2.929009
10900 -302853.823202 0.000000 -6.100148 -3.069137
11113 -302854.075770 0.000000 -6.352716 -3.321705
13186 -302853.685250 0.000000 -5.962196 -2.931185
13091 -302853.684833 0.000000 -5.961779 -2.930768
13014 -302852.078150 0.000000 -4.355096 -1.324085
13400 -302852.239871 0.000000 -4.516817 -1.485805
15300 -302853.683044 0.000000 -5.959990 -2.928978
15203 -302853.823172 0.000000 -6.100118 -3.069107
15207 -302854.075362 0.000000 -6.352308 -3.321297
15534 -302853.684271 0.000000 -5.961217 -2.930206
417 -302853.162331 0.000000 -5.439277 -2.408266
355 -302853.701286 0.000000 -5.978232 -2.947220
259 -302853.703531 0.000000 -5.980477 -2.949466
163 -302852.494197 0.000000 -4.771143 -1.740132
2538 -302854.094986 0.000000 -6.371932 -3.340921
2469 -302853.706621 0.000000 -5.983567 -2.952556
2371 -302853.702562 0.000000 -5.979508 -2.948497
2177 -302852.173781 0.000000 -4.450727 -1.419716
4654 -302853.698689 0.000000 -5.975635 -2.944623
4580 -302853.707110 0.000000 -5.984056 -2.953045
4481 -302852.491325 0.000000 -4.768271 -1.737260
6859 -302854.095191 0.000000 -6.372136 -3.341125
6773 -302853.706643 0.000000 -5.983589 -2.952578
6692 -302853.702530 0.000000 -5.979476 -2.948465
6590 -302852.207237 0.000000 -4.484183 -1.453172
8979 -302853.690265 0.000000 -5.967211 -2.936200
8888 -302853.706646 0.000000 -5.983592 -2.952581
8802 -302853.702526 0.000000 -5.979472 -2.948460
8695 -302853.160878 0.000000 -5.437824 -2.406813
11093 -302853.698720 0.000000 -5.975666 -2.944655
10999 -302853.707099 0.000000 -5.984045 -2.953034
10906 -302852.491314 0.000000 -4.768260 -1.737249
13279 -302854.095179 0.000000 -6.372125 -3.341114
13211 -302853.706601 0.000000 -5.983547 -2.952536
13114 -302853.702520 0.000000 -5.979466 -2.948455
13016 -302852.209615 0.000000 -4.486561 -1.455550
15396 -302853.698702 0.000000 -5.975648 -2.944637
15321 -302853.707088 0.000000 -5.984034 -2.953023
15222 -302852.492187 0.000000 -4.769133 -1.738122
119 -302853.838627 0.000000 -6.115573 -3.084562
505 -302853.108548 0.000000 -5.385494 -2.354483
480 -302853.734088 0.000000 -6.011034 -2.980023
380 -302853.739310 0.000000 -6.016256 -2.985245
2246 -302853.873848 0.000000 -6.150794 -3.119783
2649 -302854.135297 0.000000 -6.412243 -3.381232
2593 -302853.737713 0.000000 -6.014659 -2.983648
2487 -302853.734403 0.000000 -6.011349 -2.980338
4811 -302852.284347 0.000000 -4.561293 -1.530281
4779 -302853.703772 0.000000 -5.980718 -2.949707
4699 -302853.738601 0.000000 -6.015547 -2.984536
6536 -302853.873663 0.000000 -6.150609 -3.119598
6955 -302854.135371 0.000000 -6.412317 -3.381306
6901 -302853.737809 0.000000 -6.014755 -2.983743
6807 -302853.734757 0.000000 -6.011703 -2.980691
8665 -302852.155779 0.000000 -4.432725 -1.401714
9094 -302854.135642 0.000000 -6.412588 -3.381577
9015 -302853.737919 0.000000 -6.014865 -2.983853
8914 -302853.734354 0.000000 -6.011300 -2.980289
11238 -302852.284300 0.000000 -4.561246 -1.530235
11218 -302853.703774 0.000000 -5.980720 -2.949708
11121 -302853.738584 0.000000 -6.015530 -2.984519
12983 -302853.873694 0.000000 -6.150640 -3.119628
13381 -302854.135340 0.000000 -6.412286 -3.381275
13337 -302853.737691 0.000000 -6.014637 -2.983626
13233 -302853.734376 0.000000 -6.011322 -2.980311
15110 -302853.622025 0.000000 -5.898971 -2.867960
15515 -302853.703882 0.000000 -5.980828 -2.949817
15444 -302853.738816 0.000000 -6.015762 -2.984751
209 -302852.099627 0.000000 -4.376573 -1.345562
143 -302853.383972 0.000000 -5.660918 -2.629907
527 -302852.282408 0.000000 -4.559354 -1.528343
485 -302852.091344 0.000000 -4.368290 -1.337279
2326 -302852.096130 0.000000 -4.373076 -1.342065
2262 -302853.491394 0.000000 -5.768340 -2.737329
2669 -302852.127229 0.000000 -4.404175 -1.373164
2596 -302852.097972 0.000000 -4.374918 -1.343907
4442 -302852.099933 0.000000 -4.376878 -1.345867
4375 -302853.905783 0.000000 -6.182729 -3.151717
4795 -302852.094040 0.000000 -4.370986 -1.339975
6651 -302852.096499 0.000000 -4.373444 -1.342433
6565 -302853.490958 0.000000 -5.767904 -2.736893
6968 -302852.127816 0.000000 -4.404762 -1.373751
6913 -302852.098811 0.000000 -4.375757 -1.344746
8768 -302852.094353 0.000000 -4.371299 -1.340288
8687 -302853.491188 0.000000 -5.768134 -2.737122
9103 -302852.127461 0.000000 -4.404407 -1.373396
10948 -302852.098047 0.000000 -4.374993 -1.343982
10882 -302852.100014 0.000000 -4.376960 -1.345949
11255 -302852.602878 0.000000 -4.879824 -1.848813
11224 -302852.094066 0.000000 -4.371012 -1.340001
13067 -302852.096551 0.000000 -4.373497 -1.342486
13006 -302853.491337 0.000000 -5.768283 -2.737272
13402 -302852.127242 0.000000 -4.404188 -1.373177
13340 -302852.097983 0.000000 -4.374929 -1.343917
15182 -302852.099874 0.000000 -4.376820 -1.345809
15119 -302853.905686 0.000000 -6.182632 -3.151621
15532 -302852.094341 0.000000 -4.371287 -1.340276
443 -302853.182430 0.000000 -5.459376 -2.428365
354 -302853.154565 0.000000 -5.431511 -2.400500
271 -302853.444544 0.000000 -5.721490 -2.690478
145 -302852.662500 0.000000 -4.939446 -1.908435
2564 -302853.140184 0.000000 -5.417130 -2.386119
2468 -302853.154960 0.000000 -5.431906 -2.400895
2379 -302853.507386 0.000000 -5.784332 -2.753321
4733 -302853.189586 0.000000 -5.466532 -2.435521
4678 -302853.154932 0.000000 -5.431878 -2.400867
4579 -302853.155326 0.000000 -5.432272 -2.401260
4484 -302853.933201 0.000000 -6.210147 -3.179136
6858 -302853.140129 0.000000 -5.417075 -2.386064
6793 -302853.154991 0.000000 -5.431937 -2.400926
6691 -302853.505965 0.000000 -5.782911 -2.751900
6563 -302853.176713 0.000000 -5.453659 -2.422647
8978 -302853.144183 0.000000 -5.421129 -2.390118
8904 -302853.154447 0.000000 -5.431393 -2.400382
8801 -302853.507277 0.000000 -5.784223 -2.753212
11179 -302853.189543 0.000000 -5.466489 -2.435477
11092 -302853.154941 0.000000 -5.431887 -2.400876
11011 -302853.155357 0.000000 -5.432303 -2.401292
45220 -302853.933183 0.000000 -6.210129 -3.179117
13305 -302853.140143 0.000000 -5.417089 -2.386078
13210 -302853.154976 0.000000 -5.431922 -2.400911
13122 -302853.507348 0.000000 -5.784294 -2.753283
12915 -302853.189602 0.000000 -5.466548 -2.435537
15420 -302853.154904 0.000000 -5.431850 -2.400839
15320 -302853.155394 0.000000 -5.432340 -2.401328
15227 -302853.933316 0.000000 -6.210262 -3.179251
48 -302853.446286 0.000000 -5.723232 -2.692221
466 -302853.186805 0.000000 -5.463751 -2.432740
375 -302853.191170 0.000000 -5.468116 -2.437104
275 -302853.191036 0.000000 -5.467982 -2.436971
2627 -302852.743251 0.000000 -5.020197 -1.989186
2583 -302853.182663 0.000000 -5.459609 -2.428597
2485 -302853.190441 0.000000 -5.467387 -2.436376
4357 -302853.544035 0.000000 -5.820981 -2.789970
4761 -302853.587829 0.000000 -5.864775 -2.833764
4693 -302853.191314 0.000000 -5.468260 -2.437249
4592 -302853.191340 0.000000 -5.468286 -2.437275
6487 -302853.933008 0.000000 -6.209953 -3.178942
6886 -302853.182704 0.000000 -5.459650 -2.428638
6804 -302853.190569 0.000000 -5.467515 -2.436504
6700 -302853.542114 0.000000 -5.819060 -2.788049
9075 -302852.420143 0.000000 -4.697089 -1.666078
9004 -302853.182982 0.000000 -5.459928 -2.428917
8912 -302853.190376 0.000000 -5.467322 -2.436310
10782 -302853.543954 0.000000 -5.820900 -2.789889
11203 -302853.587800 0.000000 -5.864746 -2.833735
11114 -302853.191313 0.000000 -5.468259 -2.437248
11016 -302853.191346 0.000000 -5.468292 -2.437281
12916 -302853.932985 0.000000 -6.209931 -3.178919
13326 -302853.182665 0.000000 -5.459611 -2.428600
13229 -302853.190439 0.000000 -5.467385 -2.436374
13124 -302853.543996 0.000000 -5.820942 -2.789931
15496 -302853.587845 0.000000 -5.864791 -2.833780
15437 -302853.191355 0.000000 -5.468300 -2.437289
15335 -302853.191497 0.000000 -5.468443 -2.437432
236 -302853.637804 0.000000 -5.914750 -2.883739
142 -302854.315842 0.000000 -6.592788 -3.561777
357 -302854.049516 0.000000 -6.326462 -3.295450
484 -302853.638367 0.000000 -5.915313 -2.884301
2352 -302853.638636 0.000000 -5.915582 -2.884571
36807 -302852.810509 0.000000 -5.087454 -2.056443
2667 -302853.631547 0.000000 -5.908493 -2.877482
4534 -302853.636924 0.000000 -5.913870 -2.882859
4465 -302853.642230 0.000000 -5.919176 -2.888165
4760 -302854.104952 0.000000 -6.381898 -3.350887
4798 -302853.638250 0.000000 -5.915196 -2.884185
6650 -302853.638654 0.000000 -5.915600 -2.884589
6584 -302852.810161 0.000000 -5.087107 -2.056096
6967 -302853.631786 0.000000 -5.908732 -2.877721
6914 -302853.637307 0.000000 -5.914253 -2.883242
8767 -302853.644159 0.000000 -5.921105 -2.890094
8886 -302852.891323 0.000000 -5.168269 -2.137258
9102 -302853.631516 0.000000 -5.908462 -2.877451
10975 -302853.636915 0.000000 -5.913861 -2.882849
10881 -302853.642252 0.000000 -5.919198 -2.888187
10997 -302854.104947 0.000000 -6.381892 -3.350881
11223 -302853.638253 0.000000 -5.915199 -2.884188
13094 -302853.638666 0.000000 -5.915612 -2.884601
13005 -302852.810471 0.000000 -5.087417 -2.056406
13228 -302853.631548 0.000000 -5.908494 -2.877482
15274 -302853.636935 0.000000 -5.913881 -2.882870
15206 -302853.642223 0.000000 -5.919169 -2.888158
15446 -302854.104679 0.000000 -6.381625 -3.350614
15536 -302853.638278 0.000000 -5.915224 -2.884213
330 -302853.772424 0.000000 -6.049370 -3.018359
258 -302853.775497 0.000000 -6.052443 -3.021432
161 -302853.890468 0.000000 -6.167414 -3.136403
257 -302854.047340 0.000000 -6.324286 -3.293274
2447 -302852.417407 0.000000 -4.694353 -1.663342
2370 -302852.424837 0.000000 -4.701783 -1.670771
2270 -302852.826856 0.000000 -5.103802 -2.072791
4653 -302852.409899 0.000000 -4.686845 -1.655834
4562 -302852.413674 0.000000 -4.690619 -1.659608
4480 -302853.930871 0.000000 -6.207817 -3.176806
4466 -302854.047702 0.000000 -6.324648 -3.293637
6772 -302852.417457 0.000000 -4.694403 -1.663392
6678 -302852.424519 0.000000 -4.701465 -1.670454
6589 -302852.825767 0.000000 -5.102713 -2.071702
6771 -302852.410169 0.000000 -4.687115 -1.656104
8887 -302852.413694 0.000000 -4.690640 -1.659629
8792 -302852.424852 0.000000 -4.701798 -1.670787
8770 -302853.241573 0.000000 -5.518519 -2.487507
11068 -302852.409998 0.000000 -4.686944 -1.655933
10998 -302852.413740 0.000000 -4.690686 -1.659675
10902 -302853.930848 0.000000 -6.207794 -3.176783
10908 -302854.047725 0.000000 -6.324671 -3.293660
13188 -302852.417523 0.000000 -4.694469 -1.663458
13113 -302852.424787 0.000000 -4.701733 -1.670722
13015 -302852.826847 0.000000 -5.103793 -2.072782
15395 -302852.409997 0.000000 -4.686943 -1.655932
15302 -302852.413683 0.000000 -4.690629 -1.659618
15221 -302853.930793 0.000000 -6.207738 -3.176727
15180 -302852.614129 0.000000 -4.891075 -1.860064
506 -302852.889628 0.000000 -5.166574 -2.135562
465 -302852.404807 0.000000 -4.681753 -1.650742
383 -302853.794790 0.000000 -6.071736 -3.040725
274 -302853.936705 0.000000 -6.213651 -3.182639
2652 -302854.050190 0.000000 -6.327136 -3.296125
2582 -302853.796824 0.000000 -6.073770 -3.042759
2489 -302853.793730 0.000000 -6.070676 -3.039665
4356 -302852.815663 0.000000 -5.092609 -2.061597
4782 -302853.764875 0.000000 -6.041821 -3.010810
4692 -302853.796295 0.000000 -6.073241 -3.042230
4593 -302853.936049 0.000000 -6.212995 -3.181984
6933 -302854.050193 0.000000 -6.327139 -3.296128
6904 -302853.796818 0.000000 -6.073764 -3.042753
6803 -302853.793566 0.000000 -6.070512 -3.039501
8668 -302852.811199 0.000000 -5.088145 -2.057134
9074 -302852.546680 0.000000 -4.823625 -1.792614
9018 -302853.797421 0.000000 -6.074367 -3.043356
8911 -302853.793588 0.000000 -6.070534 -3.039523
11239 -302853.273037 0.000000 -5.549983 -2.518972
11202 -302853.764865 0.000000 -6.041811 -3.010800
11124 -302853.796249 0.000000 -6.073194 -3.042183
11015 -302853.936042 0.000000 -6.212988 -3.181977
13384 -302854.050259 0.000000 -6.327205 -3.296194
13325 -302853.796782 0.000000 -6.073728 -3.042716
13235 -302853.793724 0.000000 -6.070670 -3.039659
15090 -302852.815654 0.000000 -5.092600 -2.061589
15518 -302853.764968 0.000000 -6.041914 -3.010903
15436 -302853.796387 0.000000 -6.073333 -3.042322
15338 -302853.939994 0.000000 -6.216940 -3.185928
120 -302853.707560 0.000000 -5.984506 -2.953495
892 -302852.737652 0.000000 -5.014598 -1.983587
797 -302853.158324 0.000000 -5.435270 -2.404259
585 -302853.271909 0.000000 -5.548855 -2.517844
987 -302853.413751 0.000000 -5.690697 -2.659686
774 -302853.665155 0.000000 -5.942101 -2.911090
535 -302853.691130 0.000000 -5.968076 -2.937065
34862 -302854.276558 0.000000 -6.553504 -3.522493
551 -302853.274402 0.000000 -5.551348 -2.520337
871 -302853.171875 0.000000 -5.448821 -2.417810
658 -302853.156174 0.000000 -5.433120 -2.402109
565 -302853.304292 0.000000 -5.581238 -2.550227
872 -302853.780337 0.000000 -6.057283 -3.026272
534 -302853.676286 0.000000 -5.953232 -2.922221
481 -302853.712787 0.000000 -5.989733 -2.958721
559 -302852.716169 0.000000 -4.993115 -1.962104
34877 -302853.548418 0.000000 -5.825364 -2.794353
753 -302853.157777 0.000000 -5.434723 -2.403711
646 -302853.268748 0.000000 -5.545694 -2.514683
539 -302854.040434 0.000000 -6.317380 -3.286369
533 -302853.672887 0.000000 -5.949833 -2.918822
2325 -302853.711009 0.000000 -5.987954 -2.956943
2996 -302852.723368 0.000000 -5.000314 -1.969303
2876 -302853.149647 0.000000 -5.426593 -2.395582
3161 -302853.524334 0.000000 -5.801280 -2.770269
3086 -302853.268088 0.000000 -5.545034 -2.514023
2877 -302853.666213 0.000000 -5.943159 -2.912148
2678 -302854.054508 0.000000 -6.331454 -3.300443
2247 -302853.705481 0.000000 -5.982427 -2.951416
3064 -302852.754183 0.000000 -5.031129 -2.000117
2969 -302853.160198 0.000000 -5.437144 -2.406133
2743 -302853.149361 0.000000 -5.426307 -2.395296
3148 -302853.677133 0.000000 -5.954079 -2.923068
2949 -302853.666290 0.000000 -5.943236 -2.912225
2677 -302853.678581 0.000000 -5.955527 -2.924515
2668 -302854.102127 0.000000 -6.379073 -3.348062
2691 -302852.891165 0.000000 -5.168111 -2.137100
3047 -302853.172479 0.000000 -5.449425 -2.418414
2835 -302853.157170 0.000000 -5.434116 -2.403105
2727 -302853.272517 0.000000 -5.549463 -2.518451
3048 -302853.820394 0.000000 -6.097340 -3.066329
2676 -302853.677323 0.000000 -5.954269 -2.923258
2594 -302853.714234 0.000000 -5.991179 -2.960168
2725 -302852.725329 0.000000 -5.002275 -1.971264
2681 -302853.279629 0.000000 -5.556575 -2.525564
2934 -302853.169573 0.000000 -5.446518 -2.415507
2826 -302853.268940 0.000000 -5.545886 -2.514875
2680 -302853.675231 0.000000 -5.952177 -2.921166
2675 -302853.819439 0.000000 -6.096385 -3.065374
4441 -302853.710788 0.000000 -5.987734 -2.956723
5171 -302852.727476 0.000000 -5.004422 -1.973411
5051 -302853.157111 0.000000 -5.434057 -2.403046
4878 -302853.303704 0.000000 -5.580650 -2.549639
5254 -302853.286143 0.000000 -5.563089 -2.532078
5052 -302853.664631 0.000000 -5.941577 -2.910566
4823 -302853.690973 0.000000 -5.967919 -2.936908
4370 -302853.859159 0.000000 -6.136105 -3.105093
5236 -302853.183441 0.000000 -5.460387 -2.429376
5145 -302853.157725 0.000000 -5.434671 -2.403659
4917 -302853.157247 0.000000 -5.434193 -2.403181
4853 -302853.729768 0.000000 -6.006714 -2.975703
5129 -302853.662438 0.000000 -5.939384 -2.908373
4822 -302853.677520 0.000000 -5.954466 -2.923455
4794 -302853.749224 0.000000 -6.026170 -2.995159
4839 -302852.719421 0.000000 -4.996367 -1.965356
5228 -302853.527069 0.000000 -5.804015 -2.773004
5017 -302853.157839 0.000000 -5.434785 -2.403774
4905 -302853.269112 0.000000 -5.546058 -2.515047
4827 -302854.041220 0.000000 -6.318166 -3.287155
4821 -302853.672376 0.000000 -5.949322 -2.918311
4700 -302853.711600 0.000000 -5.988546 -2.957535
4904 -302852.723933 0.000000 -5.000879 -1.969868
4833 -302853.149678 0.000000 -5.426624 -2.395613
5119 -302853.524142 0.000000 -5.801088 -2.770077
5012 -302853.268097 0.000000 -5.545043 -2.514032
7140 -302853.666124 0.000000 -5.943069 -2.912058
6973 -302854.054908 0.000000 -6.331854 -3.300843
6564 -302853.705409 0.000000 -5.982355 -2.951344
7349 -302852.754019 0.000000 -5.030965 -1.999954
7230 -302853.160175 0.000000 -5.437121 -2.406110
7035 -302853.149341 0.000000 -5.426287 -2.395276
7421 -302853.677133 0.000000 -5.954079 -2.923068
7231 -302853.666204 0.000000 -5.943150 -2.912139
6972 -302853.678606 0.000000 -5.955552 -2.924541
6956 -302854.102217 0.000000 -6.379163 -3.348152
6984 -302852.891255 0.000000 -5.168201 -2.137189
7326 -302853.172290 0.000000 -5.449236 -2.418225
7101 -302853.157043 0.000000 -5.433989 -2.402978
7013 -302853.272632 0.000000 -5.549577 -2.518566
7314 -302853.820327 0.000000 -6.097273 -3.066262
6971 -302853.677229 0.000000 -5.954175 -2.923164
6912 -302853.714339 0.000000 -5.991285 -2.960274
7003 -302852.725291 0.000000 -5.002237 -1.971226
6975 -302853.279549 0.000000 -5.556495 -2.525484
7204 -302853.168789 0.000000 -5.445735 -2.414724
7093 -302853.268661 0.000000 -5.545607 -2.514596
6976 -302853.675829 0.000000 -5.952775 -2.921764
6970 -302853.818678 0.000000 -6.095624 -3.064613
8742 -302853.710513 0.000000 -5.987459 -2.956448
9432 -302852.725685 0.000000 -5.002631 -1.971620
9337 -302853.156407 0.000000 -5.433353 -2.402342
9159 -302853.334358 0.000000 -5.611304 -2.580293
9544 -302853.284734 0.000000 -5.561680 -2.530669
9312 -302853.664642 0.000000 -5.941588 -2.910577
9116 -302853.722312 0.000000 -5.999258 -2.968247
8686 -302853.829947 0.000000 -6.106893 -3.075881
9519 -302852.796366 0.000000 -5.073312 -2.042301
9405 -302853.158313 0.000000 -5.435259 -2.404248
9197 -302853.152272 0.000000 -5.429218 -2.398207
43472 -302853.695160 0.000000 -5.972106 -2.941095
9406 -302853.667848 0.000000 -5.944793 -2.913782
9115 -302853.679022 0.000000 -5.955968 -2.924957
9095 -302854.100522 0.000000 -6.377468 -3.346457
9126 -302852.889864 0.000000 -5.166810 -2.135799
9500 -302853.172187 0.000000 -5.449133 -2.418122
9280 -302853.157600 0.000000 -5.434546 -2.403535
9179 -302853.272328 0.000000 -5.549274 -2.518263
9493 -302853.820245 0.000000 -6.097191 -3.066180
9114 -302853.677475 0.000000 -5.954421 -2.923410
9023 -302853.714106 0.000000 -5.991052 -2.960040
9173 -302852.725236 0.000000 -5.002182 -1.971171
9120 -302853.279354 0.000000 -5.556300 -2.525289
9386 -302853.169533 0.000000 -5.446479 -2.415468
9276 -302853.269037 0.000000 -5.545983 -2.514972
9121 -302853.675115 0.000000 -5.952061 -2.921050
9113 -302853.819341 0.000000 -6.096287 -3.065276
10857 -302853.710788 0.000000 -5.987734 -2.956723
11609 -302852.727599 0.000000 -5.004545 -1.973534
11516 -302853.157165 0.000000 -5.434111 -2.403100
11308 -302853.303626 0.000000 -5.580572 -2.549561
11712 -302853.286080 0.000000 -5.563026 -2.532015
11493 -302853.664619 0.000000 -5.941565 -2.910554
11263 -302853.690936 0.000000 -5.967882 -2.936871
10801 -302853.859098 0.000000 -6.136044 -3.105033
11689 -302853.183470 0.000000 -5.460416 -2.429405
11586 -302853.157738 0.000000 -5.434684 -2.403673
11374 -302853.157275 0.000000 -5.434221 -2.403210
11288 -302853.729758 0.000000 -6.006704 -2.975692
11587 -302853.662401 0.000000 -5.939347 -2.908336
11262 -302853.677502 0.000000 -5.954448 -2.923436
11219 -302853.749218 0.000000 -6.026164 -2.995152
11281 -302852.719498 0.000000 -4.996444 -1.965433
11681 -302853.527062 0.000000 -5.804008 -2.772996
11469 -302853.157850 0.000000 -5.434796 -2.403785
11360 -302853.269111 0.000000 -5.546057 -2.515046
11266 -302854.041216 0.000000 -6.318162 -3.287151
11261 -302853.672348 0.000000 -5.949293 -2.918282
11126 -302853.711585 0.000000 -5.988531 -2.957520
11358 -302852.724032 0.000000 -5.000978 -1.969966
11278 -302853.149712 0.000000 -5.426658 -2.395646
13893 -302853.524158 0.000000 -5.801104 -2.770093
13808 -302853.268093 0.000000 -5.545039 -2.514028
13598 -302853.666102 0.000000 -5.943048 -2.912036
13410 -302854.054903 0.000000 -6.331849 -3.300838
12984 -302853.705405 0.000000 -5.982351 -2.951340
13785 -302852.754153 0.000000 -5.031099 -2.000088
13691 -302853.160223 0.000000 -5.437169 -2.406158
13467 -302853.149381 0.000000 -5.426327 -2.395316
13873 -302853.677156 0.000000 -5.954102 -2.923091
13670 -302853.666199 0.000000 -5.943145 -2.912134
13409 -302853.678572 0.000000 -5.955518 -2.924506
13401 -302854.102210 0.000000 -6.379156 -3.348145
13425 -302852.891217 0.000000 -5.168163 -2.137151
13766 -302853.172466 0.000000 -5.449412 -2.418401
13553 -302853.157158 0.000000 -5.434104 -2.403092
13451 -302853.272536 0.000000 -5.549482 -2.518470
13767 -302853.820399 0.000000 -6.097345 -3.066333
13408 -302853.677296 0.000000 -5.954242 -2.923231
13338 -302853.714238 0.000000 -5.991184 -2.960173
13448 -302852.725313 0.000000 -5.002259 -1.971248
13414 -302853.279658 0.000000 -5.556604 -2.525593
13654 -302853.169564 0.000000 -5.446510 -2.415498
13543 -302853.268940 0.000000 -5.545886 -2.514875
13412 -302853.675245 0.000000 -5.952191 -2.921180
13407 -302853.819443 0.000000 -6.096389 -3.065378
15181 -302853.710788 0.000000 -5.987734 -2.956723
15890 -302852.727451 0.000000 -5.004397 -1.973386
15769 -302853.157104 0.000000 -5.434050 -2.403039
15607 -302853.303715 0.000000 -5.580661 -2.549650
15975 -302853.286136 0.000000 -5.563082 -2.532071
15770 -302853.664658 0.000000 -5.941604 -2.910593
15552 -302853.690979 0.000000 -5.967924 -2.936913
15111 -302853.859139 0.000000 -6.136085 -3.105074
15955 -302853.183471 0.000000 -5.460417 -2.429406
15864 -302853.157707 0.000000 -5.434653 -2.403642
15634 -302853.157259 0.000000 -5.434205 -2.403194
15582 -302853.729767 0.000000 -6.006713 -2.975702
15847 -302853.662433 0.000000 -5.939379 -2.908368
15551 -302853.677535 0.000000 -5.954481 -2.923469
15531 -302853.749265 0.000000 -6.026211 -2.995200
15567 -302852.719300 0.000000 -4.996246 -1.965235
15943 -302853.526931 0.000000 -5.803877 -2.772866
15731 -302853.157643 0.000000 -5.434589 -2.403577
15622 -302853.269291 0.000000 -5.546237 -2.515226
15555 -302854.040802 0.000000 -6.317748 -3.286737
15550 -302853.672099 0.000000 -5.949045 -2.918034
15445 -302853.711767 0.000000 -5.988713 -2.957701
15621 -302852.724849 0.000000 -5.001794 -1.970783
15559 -302853.147325 0.000000 -5.424271 -2.393260
15835 -302853.521195 0.000000 -5.798141 -2.767130
15725 -302853.269566 0.000000 -5.546511 -2.515500
15558 -302853.665093 0.000000 -5.942039 -2.911028
17704 -302854.094341 0.000000 -6.371287 -3.340275
609 -302853.295369 0.000000 -5.572315 -2.541304
657 -302853.717325 0.000000 -5.994271 -2.963260
757 -302853.711569 0.000000 -5.988514 -2.957503
860 -302853.709303 0.000000 -5.986249 -2.955238
2764 -302853.557341 0.000000 -5.834287 -2.803276
2834 -302853.712462 0.000000 -5.989408 -2.958397
2936 -302853.711675 0.000000 -5.988621 -2.957610
5326 -302853.273030 0.000000 -5.549976 -2.518965
4934 -302853.705720 0.000000 -5.982666 -2.951655
5016 -302853.711394 0.000000 -5.988339 -2.957328
5120 -302853.708509 0.000000 -5.985455 -2.954444
7034 -302853.557381 0.000000 -5.834327 -2.803315
7114 -302853.712462 0.000000 -5.989408 -2.958397
7203 -302853.711763 0.000000 -5.988709 -2.957698
9611 -302853.277283 0.000000 -5.554229 -2.523218
9196 -302853.576264 0.000000 -5.853210 -2.822199
9290 -302853.712112 0.000000 -5.989058 -2.958047
9385 -302853.711848 0.000000 -5.988794 -2.957783
11333 -302852.815572 0.000000 -5.092518 -2.061507
11373 -302853.705719 0.000000 -5.982665 -2.951654
11475 -302853.711437 0.000000 -5.988383 -2.957372
11574 -302853.708522 0.000000 -5.985468 -2.954456
13489 -302853.557349 0.000000 -5.834295 -2.803284
13552 -302853.712499 0.000000 -5.989445 -2.958434
13656 -302853.711640 0.000000 -5.988586 -2.957575
16044 -302853.273059 0.000000 -5.550005 -2.518994
15652 -302853.705734 0.000000 -5.982680 -2.951669
15730 -302853.711513 0.000000 -5.988459 -2.957448
15836 -302853.708707 0.000000 -5.985653 -2.954642
680 -302853.679409 0.000000 -5.956355 -2.925344
773 -302853.677934 0.000000 -5.954879 -2.923868
864 -302853.658963 0.000000 -5.935909 -2.904898
538 -302853.535280 0.000000 -5.812226 -2.781215
2853 -302853.677989 0.000000 -5.954935 -2.923923
2948 -302853.677749 0.000000 -5.954695 -2.923684
3044 -302853.241419 0.000000 -5.518365 -2.487354
4960 -302853.682231 0.000000 -5.959177 -2.928165
5031 -302853.677403 0.000000 -5.954349 -2.923338
5128 -302853.675616 0.000000 -5.952562 -2.921551
4825 -302853.535745 0.000000 -5.812691 -2.781680
7139 -302853.678112 0.000000 -5.955058 -2.924047
7214 -302853.677696 0.000000 -5.954642 -2.923631
7313 -302853.241259 0.000000 -5.518205 -2.487194
6974 -302853.683488 0.000000 -5.960434 -2.929423
9311 -302853.678053 0.000000 -5.954999 -2.923987
9393 -302853.678198 0.000000 -5.955143 -2.924132
9118 -302852.826691 0.000000 -5.103637 -2.072626
11398 -302853.682245 0.000000 -5.959191 -2.928179
11492 -302853.677475 0.000000 -5.954421 -2.923409
11578 -302853.675635 0.000000 -5.952581 -2.921569
11265 -302853.535734 0.000000 -5.812680 -2.781669
13573 -302853.678150 0.000000 -5.955096 -2.924085
13669 -302853.677696 0.000000 -5.954642 -2.923631
13762 -302853.241442 0.000000 -5.518388 -2.487377
15678 -302853.682237 0.000000 -5.959183 -2.928172
15747 -302853.677410 0.000000 -5.954356 -2.923345
15846 -302853.675593 0.000000 -5.952539 -2.921528
15553 -302853.537702 0.000000 -5.814648 -2.783637
917 -302853.665511 0.000000 -5.942457 -2.911446
970 -302853.242567 0.000000 -5.519513 -2.488502
566 -302853.543523 0.000000 -5.820469 -2.789458
644 -302853.665829 0.000000 -5.942775 -2.911764
3087 -302853.666589 0.000000 -5.943535 -2.912524
37026 -302852.890489 0.000000 -5.167435 -2.136423
2728 -302853.669689 0.000000 -5.946635 -2.915624
5170 -302853.666053 0.000000 -5.942999 -2.911988
5255 -302853.662087 0.000000 -5.939033 -2.908022
4838 -302853.521301 0.000000 -5.798247 -2.767235
4906 -302853.665975 0.000000 -5.942921 -2.911910
7348 -302853.666456 0.000000 -5.943402 -2.912391
7422 -302852.890642 0.000000 -5.167588 -2.136577
7002 -302853.669410 0.000000 -5.946356 -2.915345
7094 -302853.665892 0.000000 -5.942838 -2.911826
9518 -302853.666320 0.000000 -5.943266 -2.912255
9137 -302852.810264 0.000000 -5.087209 -2.056198
9172 -302853.669721 0.000000 -5.946667 -2.915656
11634 -302853.666142 0.000000 -5.943087 -2.912076
11688 -302853.662094 0.000000 -5.939040 -2.908029
11289 -302853.521299 0.000000 -5.798245 -2.767234
11357 -302853.666015 0.000000 -5.942961 -2.911950
13809 -302853.666471 0.000000 -5.943417 -2.912406
13867 -302852.890536 0.000000 -5.167482 -2.136471
13452 -302853.669698 0.000000 -5.946644 -2.915633
15889 -302853.666029 0.000000 -5.942975 -2.911963
15976 -302853.662106 0.000000 -5.939052 -2.908041
15566 -302853.521470 0.000000 -5.798416 -2.767405
15623 -302853.665997 0.000000 -5.942943 -2.911931
990 -302852.890869 0.000000 -5.167815 -2.136804
584 -302853.263985 0.000000 -5.540931 -2.509920
649 -302853.269825 0.000000 -5.546771 -2.515760
752 -302853.272431 0.000000 -5.549377 -2.518366
2710 -302853.932823 0.000000 -6.209769 -3.178757
2742 -302853.270954 0.000000 -5.547900 -2.516889
2829 -302853.269505 0.000000 -5.546451 -2.515440
5281 -302853.235514 0.000000 -5.512460 -2.481449
4856 -302853.166364 0.000000 -5.443310 -2.412299
4916 -302853.269567 0.000000 -5.546513 -2.515502
5014 -302853.271931 0.000000 -5.548877 -2.517866
7442 -302852.743490 0.000000 -5.020436 -1.989425
7016 -302853.270975 0.000000 -5.547921 -2.516910
7100 -302853.269617 0.000000 -5.546562 -2.515551
7202 -302853.236560 0.000000 -5.513506 -2.482495
9158 -302852.846498 0.000000 -5.123444 -2.092432
9182 -302853.270827 0.000000 -5.547773 -2.516762
9279 -302853.269513 0.000000 -5.546459 -2.515448
11715 -302853.235605 0.000000 -5.512551 -2.481539
11307 -302853.166324 0.000000 -5.443270 -2.412259
11363 -302853.269594 0.000000 -5.546540 -2.515529
11468 -302853.271955 0.000000 -5.548901 -2.517889
13875 -302852.743479 0.000000 -5.020425 -1.989413
13466 -302853.271004 0.000000 -5.547950 -2.516939
13546 -302853.269477 0.000000 -5.546423 -2.515412
13653 -302853.235529 0.000000 -5.512475 -2.481464
15585 -302853.166461 0.000000 -5.443407 -2.412395
15633 -302853.269660 0.000000 -5.546606 -2.515595
15728 -302853.272673 0.000000 -5.549619 -2.518608
705 -302853.166517 0.000000 -5.443463 -2.412452
772 -302853.156902 0.000000 -5.433848 -2.402837
873 -302853.155306 0.000000 -5.432252 -2.401241
537 -302853.932670 0.000000 -6.209616 -3.178605
2878 -302853.164905 0.000000 -5.441851 -2.410840
2947 -302853.156856 0.000000 -5.433802 -2.402790
3049 -302853.127679 0.000000 -5.404625 -2.373614
4959 -302853.163477 0.000000 -5.440423 -2.409412
5053 -302853.158297 0.000000 -5.435243 -2.404232
5127 -302853.158938 0.000000 -5.435884 -2.404873
5229 -302852.662036 0.000000 -4.938982 -1.907971
7138 -302853.164957 0.000000 -5.441903 -2.410892
7232 -302853.156902 0.000000 -5.433848 -2.402837
7312 -302853.127767 0.000000 -5.404713 -2.373702
6977 -302853.164800 0.000000 -5.441746 -2.410735
9310 -302853.164590 0.000000 -5.441536 -2.410525
9407 -302853.156280 0.000000 -5.433226 -2.402215
9492 -302853.127939 0.000000 -5.404885 -2.373874
11423 -302853.163455 0.000000 -5.440401 -2.409390
11491 -302853.158262 0.000000 -5.435208 -2.404197
11588 -302853.158948 0.000000 -5.435894 -2.404882
45600 -302852.662030 0.000000 -4.938976 -1.907965
13599 -302853.164922 0.000000 -5.441868 -2.410857
13668 -302853.156873 0.000000 -5.433819 -2.402808
13768 -302853.127664 0.000000 -5.404610 -2.373599
13411 -302853.163525 0.000000 -5.440471 -2.409460
15771 -302853.158297 0.000000 -5.435243 -2.404232
15845 -302853.158885 0.000000 -5.435831 -2.404820
15944 -302852.661504 0.000000 -4.938449 -1.907438
800 -302853.158718 0.000000 -5.435664 -2.404653
891 -302853.131048 0.000000 -5.407994 -2.376983
543 -302852.828122 0.000000 -5.105068 -2.074057
558 -302853.166160 0.000000 -5.443106 -2.412095
2972 -302853.159892 0.000000 -5.436838 -2.405827
3063 -302853.109592 0.000000 -5.386538 -2.355526
2684 -302853.162762 0.000000 -5.439708 -2.408697
2724 -302853.159062 0.000000 -5.436008 -2.404997
5148 -302853.160089 0.000000 -5.437035 -2.406024
5235 -302852.602894 0.000000 -4.879840 -1.848829
4836 -302853.165917 0.000000 -5.442863 -2.411852
7258 -302853.159995 0.000000 -5.436941 -2.405930
7329 -302853.109554 0.000000 -5.386500 -2.355489
6983 -302853.162894 0.000000 -5.439839 -2.408828
7001 -302853.158809 0.000000 -5.435755 -2.404744
9431 -302853.158663 0.000000 -5.435609 -2.404597
9503 -302853.112443 0.000000 -5.389389 -2.358377
9125 -302853.162741 0.000000 -5.439687 -2.408676
11519 -302853.158942 0.000000 -5.435888 -2.404877
11608 -302853.160117 0.000000 -5.437063 -2.406052
11271 -302853.905745 0.000000 -6.182691 -3.151679
11280 -302853.165881 0.000000 -5.442827 -2.411816
13694 -302853.159986 0.000000 -5.436932 -2.405921
13784 -302853.109531 0.000000 -5.386477 -2.355466
13417 -302853.162796 0.000000 -5.439742 -2.408731
13447 -302853.159080 0.000000 -5.436026 -2.405015
15867 -302853.160084 0.000000 -5.437030 -2.406019
15954 -302852.602980 0.000000 -4.879926 -1.848915
15562 -302853.165778 0.000000 -5.442724 -2.411712
1014 -302852.699354 0.000000 -4.976300 -1.945289
583 -302854.168447 0.000000 -6.445393 -3.414381
659 -302852.734379 0.000000 -5.011325 -1.980313
751 -302852.724465 0.000000 -5.001411 -1.970399
3162 -302852.697751 0.000000 -4.974697 -1.943686
2741 -302852.715504 0.000000 -4.992450 -1.961439
2836 -302852.723100 0.000000 -5.000046 -1.969035
2933 -302852.722328 0.000000 -4.999274 -1.968263
4879 -302853.621943 0.000000 -5.898889 -2.867878
4915 -302852.732309 0.000000 -5.009255 -1.978244
5018 -302852.725051 0.000000 -5.001996 -1.970985
7441 -302852.697605 0.000000 -4.974551 -1.943539
7036 -302852.715749 0.000000 -4.992695 -1.961684
7099 -302852.723184 0.000000 -5.000130 -1.969119
7205 -302852.723012 0.000000 -4.999958 -1.968947
9598 -302852.406743 0.000000 -4.683689 -1.652678
9198 -302852.714805 0.000000 -4.991751 -1.960740
9278 -302852.722608 0.000000 -4.999554 -1.968543
11804 -302852.722346 0.000000 -4.999292 -1.968281
11306 -302853.621954 0.000000 -5.898900 -2.867889
11375 -302852.732147 0.000000 -5.009093 -1.978081
11467 -302852.725012 0.000000 -5.001957 -1.970946
13894 -302852.697599 0.000000 -4.974545 -1.943534
13465 -302852.715490 0.000000 -4.992436 -1.961425
13554 -302852.723189 0.000000 -5.000135 -1.969124
13652 -302852.722265 0.000000 -4.999211 -1.968200
16045 -302852.284294 0.000000 -4.561240 -1.530228
15632 -302852.732400 0.000000 -5.009346 -1.978335
15732 -302852.725135 0.000000 -5.002081 -1.971070
612 -302852.342644 0.000000 -4.619590 -1.588579
679 -302853.797887 0.000000 -6.074833 -3.043822
760 -302853.795785 0.000000 -6.072731 -3.041720
863 -302852.365758 0.000000 -4.642704 -1.611693
2767 -302852.366542 0.000000 -4.643488 -1.612477
2852 -302853.796423 0.000000 -6.073369 -3.042357
2939 -302853.797018 0.000000 -6.073964 -3.042953
2679 -302852.209595 0.000000 -4.486541 -1.455530
4937 -302852.407190 0.000000 -4.684136 -1.653124
5030 -302853.796135 0.000000 -6.073081 -3.042070
5123 -302852.363221 0.000000 -4.640167 -1.609156
7061 -302852.366648 0.000000 -4.643594 -1.612583
7117 -302853.796416 0.000000 -6.073362 -3.042351
7213 -302853.797076 0.000000 -6.074021 -3.043010
7310 -302852.179982 0.000000 -4.456928 -1.425917
9223 -302852.384677 0.000000 -4.661623 -1.630611
9293 -302853.796353 0.000000 -6.073299 -3.042288
9392 -302853.798155 0.000000 -6.075101 -3.044090
9117 -302852.208995 0.000000 -4.485941 -1.454929
11397 -302852.406979 0.000000 -4.683925 -1.652914
11478 -302853.796205 0.000000 -6.073151 -3.042140
11577 -302852.363259 0.000000 -4.640205 -1.609194
13492 -302852.366576 0.000000 -4.643522 -1.612511
13572 -302853.796444 0.000000 -6.073390 -3.042379
13659 -302853.796996 0.000000 -6.073942 -3.042931
13761 -302852.173808 0.000000 -4.450754 -1.419743
15655 -302852.407448 0.000000 -4.684394 -1.653382
15746 -302853.796220 0.000000 -6.073166 -3.042155
15839 -302852.363352 0.000000 -4.640298 -1.609287
890 -302852.412567 0.000000 -4.689513 -1.658502
971 -302853.577770 0.000000 -5.854716 -2.823705
557 -302852.375222 0.000000 -4.652168 -1.621157
2997 -302852.415684 0.000000 -4.692630 -1.661619
3062 -302852.415588 0.000000 -4.692534 -1.661523
2692 -302852.215748 0.000000 -4.492694 -1.461683
2723 -302852.413749 0.000000 -4.690695 -1.659684
5172 -302852.417578 0.000000 -4.694524 -1.663513
5234 -302852.380539 0.000000 -4.657485 -1.626474
4840 -302852.373850 0.000000 -4.650796 -1.619785
7257 -302852.415880 0.000000 -4.692826 -1.661814
7350 -302852.415417 0.000000 -4.692363 -1.661352
7417 -302852.078953 0.000000 -4.355899 -1.324888
7004 -302852.413465 0.000000 -4.690411 -1.659400
9430 -302852.415810 0.000000 -4.692756 -1.661745
9520 -302852.416304 0.000000 -4.693250 -1.662239
9124 -302852.214697 0.000000 -4.491643 -1.460632
9174 -302852.413338 0.000000 -4.690284 -1.659272
11607 -302852.417589 0.000000 -4.694535 -1.663524
11690 -302852.380619 0.000000 -4.657565 -1.626554
11279 -302852.373778 0.000000 -4.650724 -1.619713
13718 -302852.415802 0.000000 -4.692748 -1.661737
13783 -302852.415393 0.000000 -4.692338 -1.661327
13426 -302852.215754 0.000000 -4.492700 -1.461689
13446 -302852.413923 0.000000 -4.690869 -1.659858
15891 -302852.417579 0.000000 -4.694525 -1.663514
15953 -302852.380607 0.000000 -4.657553 -1.626541
15568 -302852.376082 0.000000 -4.653028 -1.622016
15620 -302852.413504 0.000000 -4.690450 -1.659439
