#ID      EIGB 	      EIPGB 	   GBbin        GBseg
5507 -122937.368637 0.000000 -3.789188 -0.756560
5613 -122937.372113 0.000000 -3.792664 -0.760036
2024 -122937.397570 0.000000 -3.818121 -0.785493
2004 -122937.397680 0.000000 -3.818231 -0.785604
2117 -122937.397732 0.000000 -3.818283 -0.785656
2087 -122937.397736 0.000000 -3.818288 -0.785660
3736 -122937.397488 0.000000 -3.818039 -0.785411
3857 -122937.397321 0.000000 -3.817872 -0.785245
3830 -122937.396700 0.000000 -3.817251 -0.784624
377 -122937.397227 0.000000 -3.817778 -0.785151
262 -122937.399623 0.000000 -3.820175 -0.787547
5482 -122937.390980 0.000000 -3.811531 -0.778904
281 -122937.395239 0.000000 -3.815790 -0.783163
5464 -122937.339403 0.000000 -3.759954 -0.727327
5577 -122937.336365 0.000000 -3.756916 -0.724288
376 -122937.148204 0.000000 -3.568755 -0.536128
2033 -122937.148414 0.000000 -3.568965 -0.536337
2003 -122937.148538 0.000000 -3.569089 -0.536462
2127 -122937.148578 0.000000 -3.569130 -0.536502
2048 -122937.148540 0.000000 -3.569091 -0.536464
3746 -122937.148448 0.000000 -3.568999 -0.536372
3856 -122937.148194 0.000000 -3.568745 -0.536118
3835 -122937.145903 0.000000 -3.566454 -0.533826
14277 -122937.149060 0.000000 -3.569611 -0.536984
280 -122937.148842 0.000000 -3.569393 -0.536766
5481 -122937.134512 0.000000 -3.555063 -0.522436
5576 -122937.089440 0.000000 -3.509991 -0.477364
5602 -122937.083082 0.000000 -3.503633 -0.471006
327 -122937.062548 0.000000 -3.483100 -0.450472
1983 -122937.062539 0.000000 -3.483090 -0.450463
2103 -122937.062495 0.000000 -3.483046 -0.450418
2072 -122937.062440 0.000000 -3.482991 -0.450363
2167 -122937.062387 0.000000 -3.482938 -0.450311
3712 -122937.062266 0.000000 -3.482817 -0.450190
3816 -122937.061643 0.000000 -3.482194 -0.449566
355 -122937.063147 0.000000 -3.483698 -0.451071
3900 -122937.062465 0.000000 -3.483016 -0.450389
248 -122937.066954 0.000000 -3.487505 -0.454877
5522 -122937.067200 0.000000 -3.487751 -0.455124
5455 -122937.087220 0.000000 -3.507771 -0.475143
5555 -122937.061323 0.000000 -3.481874 -0.449246
5565 -122937.156965 0.000000 -3.577516 -0.544889
5638 -122937.192410 0.000000 -3.612961 -0.580334
365 -122937.125991 0.000000 -3.546542 -0.513915
14311 -122937.124555 0.000000 -3.545106 -0.512479
1992 -122937.124425 0.000000 -3.544976 -0.512349
2102 -122937.124307 0.000000 -3.544858 -0.512230
2082 -122937.124217 0.000000 -3.544769 -0.512141
3723 -122937.124136 0.000000 -3.544687 -0.512060
3846 -122937.124148 0.000000 -3.544699 -0.512072
3815 -122937.123835 0.000000 -3.544386 -0.511759
3903 -122937.124142 0.000000 -3.544693 -0.512066
5454 -122937.099826 0.000000 -3.520377 -0.487750
247 -122937.136194 0.000000 -3.556745 -0.524117
5510 -122937.636965 0.000000 -4.057516 -1.024889
5541 -122937.327036 0.000000 -3.747587 -0.714960
5625 -122937.666203 0.000000 -4.086754 -1.054127
309 -122937.355688 0.000000 -3.776239 -0.743611
420 -122937.352442 0.000000 -3.772993 -0.740366
1970 -122937.352011 0.000000 -3.772562 -0.739935
2058 -122937.351948 0.000000 -3.772499 -0.739871
2153 -122937.351821 0.000000 -3.772372 -0.739745
3702 -122937.351718 0.000000 -3.772269 -0.739642
3795 -122937.351518 0.000000 -3.772070 -0.739442
3766 -122937.350317 0.000000 -3.770868 -0.738240
3883 -122937.348427 0.000000 -3.768978 -0.736351
232 -122937.358891 0.000000 -3.779442 -0.746815
341 -122937.857849 0.000000 -4.278400 -1.245773
318 -122937.846764 0.000000 -4.267315 -1.234687
419 -122937.845257 0.000000 -4.265808 -1.233181
15973 -122937.844745 0.000000 -4.265296 -1.232669
2057 -122937.844557 0.000000 -4.265108 -1.232480
2162 -122937.844488 0.000000 -4.265039 -1.232412
3701 -122937.844526 0.000000 -4.265077 -1.232449
3804 -122937.844759 0.000000 -4.265310 -1.232683
3889 -122937.845332 0.000000 -4.265883 -1.233255
3884 -122937.846602 0.000000 -4.267153 -1.234526
5540 -122937.853605 0.000000 -4.274156 -1.241528
5624 -122938.294645 0.000000 -4.715196 -1.682568
5517 -122938.297737 0.000000 -4.718288 -1.685661
2036 -122937.378265 0.000000 -3.798816 -0.766189
2014 -122937.378695 0.000000 -3.799246 -0.766619
2130 -122937.378784 0.000000 -3.799335 -0.766708
3780 -122937.378545 0.000000 -3.799096 -0.766469
3749 -122937.377892 0.000000 -3.798443 -0.765816
3870 -122937.376035 0.000000 -3.796587 -0.763959
388 -122937.377193 0.000000 -3.797744 -0.765117
269 -122937.375007 0.000000 -3.795558 -0.762931
294 -122937.367812 0.000000 -3.788363 -0.755736
5429 -122937.368206 0.000000 -3.788758 -0.756130
5495 -122937.334271 0.000000 -3.754822 -0.722195
5585 -122937.302907 0.000000 -3.723458 -0.690830
5605 -122937.277253 0.000000 -3.697804 -0.665177
5584 -122937.189154 0.000000 -3.609705 -0.577077
293 -122937.204044 0.000000 -3.624595 -0.591968
5616 -122937.194935 0.000000 -3.615486 -0.582858
409 -122937.211453 0.000000 -3.632004 -0.599376
387 -122937.213814 0.000000 -3.634365 -0.601738
2047 -122937.214743 0.000000 -3.635295 -0.602667
16024 -122937.215120 0.000000 -3.635672 -0.603044
2138 -122937.215191 0.000000 -3.635742 -0.603115
3779 -122937.214943 0.000000 -3.635494 -0.602867
3760 -122937.214236 0.000000 -3.634787 -0.602159
3869 -122937.212283 0.000000 -3.632834 -0.600207
5531 -122937.205379 0.000000 -3.625930 -0.593302
7223 -122936.819100 0.000000 -3.239651 -0.207024
379 -122936.833905 0.000000 -3.254456 -0.221829
391 -122936.835126 0.000000 -3.255677 -0.223050
427 -122936.767474 0.000000 -3.188025 -0.155398
2006 -122936.835619 0.000000 -3.256170 -0.223542
1976 -122936.767677 0.000000 -3.188228 -0.155601
2115 -122936.835784 0.000000 -3.256335 -0.223708
2071 -122936.767743 0.000000 -3.188295 -0.155667
15897 -122936.835759 0.000000 -3.256310 -0.223683
2165 -122936.767722 0.000000 -3.188273 -0.155646
3734 -122936.835498 0.000000 -3.256049 -0.223421
3711 -122936.767539 0.000000 -3.188090 -0.155462
3859 -122936.834922 0.000000 -3.255473 -0.222846
3807 -122936.766978 0.000000 -3.187529 -0.154902
3828 -122936.833049 0.000000 -3.253600 -0.220973
3899 -122936.766390 0.000000 -3.186941 -0.154314
5484 -122936.823720 0.000000 -3.244271 -0.211643
5579 -122936.831548 0.000000 -3.252099 -0.219471
5498 -122936.929943 0.000000 -3.350495 -0.317867
260 -122936.831235 0.000000 -3.251786 -0.219159
354 -122936.765686 0.000000 -3.186237 -0.153610
321 -122936.766883 0.000000 -3.187434 -0.154807
5446 -122936.759269 0.000000 -3.179821 -0.147193
5494 -122937.202250 0.000000 -3.622802 -0.590174
5554 -122936.753869 0.000000 -3.174420 -0.141793
5568 -122936.945020 0.000000 -3.365571 -0.332944
5592 -122936.834743 0.000000 -3.255294 -0.222667
3848 -122936.949030 0.000000 -3.369581 -0.336954
3829 -122936.946962 0.000000 -3.367513 -0.334886
5473 -122936.936595 0.000000 -3.357146 -0.324519
5618 -122937.966325 0.000000 -4.386876 -1.354248
368 -122936.946308 0.000000 -3.366860 -0.334232
332 -122936.948832 0.000000 -3.369383 -0.336755
1995 -122936.949727 0.000000 -3.370278 -0.337651
2116 -122936.950104 0.000000 -3.370655 -0.338027
2085 -122936.950172 0.000000 -3.370723 -0.338096
3735 -122936.949883 0.000000 -3.370434 -0.337806
5463 -122936.951408 0.000000 -3.371959 -0.339332
5509 -122937.951020 0.000000 -4.371571 -1.338944
7179 -122936.769825 0.000000 -3.190376 -0.157749
261 -122936.939104 0.000000 -3.359655 -0.327028
5519 -122936.765824 0.000000 -3.186375 -0.153748
343 -122938.062210 0.000000 -4.482761 -1.450133
307 -122938.050587 0.000000 -4.471138 -1.438510
422 -122938.048712 0.000000 -4.469263 -1.436636
1968 -122938.048110 0.000000 -4.468661 -1.436034
2060 -122938.047910 0.000000 -4.468461 -1.435834
2152 -122938.047857 0.000000 -4.468408 -1.435780
2141 -122938.047912 0.000000 -4.468463 -1.435835
3793 -122938.048144 0.000000 -4.468695 -1.436067
3890 -122938.048895 0.000000 -4.469446 -1.436819
3881 -122938.049941 0.000000 -4.470492 -1.437865
5543 -122938.047804 0.000000 -4.468355 -1.435727
229 -122937.359602 0.000000 -3.780153 -0.747525
5532 -122937.348475 0.000000 -3.769026 -0.736399
308 -122937.352642 0.000000 -3.773193 -0.740566
411 -122937.352425 0.000000 -3.772977 -0.740349
1969 -122937.352416 0.000000 -3.772967 -0.740340
2049 -122937.352309 0.000000 -3.772860 -0.740233
2020 -122937.352295 0.000000 -3.772846 -0.740218
2140 -122937.352347 0.000000 -3.772898 -0.740271
3794 -122937.352462 0.000000 -3.773013 -0.740385
3762 -122937.352696 0.000000 -3.773247 -0.740620
3882 -122937.353452 0.000000 -3.774003 -0.741376
5553 -122937.242173 0.000000 -3.662724 -0.630097
353 -122937.238848 0.000000 -3.659399 -0.626772
3839 -122937.241255 0.000000 -3.661806 -0.629179
3818 -122937.241310 0.000000 -3.661861 -0.629234
3898 -122937.241410 0.000000 -3.661961 -0.629334
5457 -122937.236110 0.000000 -3.656661 -0.624034
5640 -122937.241041 0.000000 -3.661592 -0.628965
329 -122937.241619 0.000000 -3.662170 -0.629543
426 -122937.241295 0.000000 -3.661846 -0.629219
2105 -122937.241186 0.000000 -3.661737 -0.629110
2070 -122937.241198 0.000000 -3.661749 -0.629122
2168 -122937.241213 0.000000 -3.661765 -0.629137
250 -122937.235567 0.000000 -3.656118 -0.623490
356 -122937.873553 0.000000 -4.294104 -1.261476
5556 -122937.863539 0.000000 -4.284090 -1.251462
5444 -122937.866547 0.000000 -4.287098 -1.254470
319 -122937.866302 0.000000 -4.286853 -1.254226
428 -122937.867065 0.000000 -4.287616 -1.254989
3713 -122937.867238 0.000000 -4.287789 -1.255162
3805 -122937.867204 0.000000 -4.287755 -1.255128
3901 -122937.867151 0.000000 -4.287702 -1.255075
2094 -122937.867214 0.000000 -4.287766 -1.255138
2073 -122937.867251 0.000000 -4.287802 -1.255175
2163 -122937.867275 0.000000 -4.287826 -1.255198
5629 -122938.346518 0.000000 -4.767069 -1.734442
19512 -122938.357844 0.000000 -4.778395 -1.745768
5518 -122937.577577 0.000000 -3.998128 -0.965501
5628 -122937.607007 0.000000 -4.027558 -0.994930
5445 -122937.304368 0.000000 -3.724919 -0.692292
14224 -122937.311916 0.000000 -3.732467 -0.699840
320 -122937.303858 0.000000 -3.724409 -0.691782
423 -122937.303288 0.000000 -3.723839 -0.691212
1975 -122937.302628 0.000000 -3.723179 -0.690552
2061 -122937.302385 0.000000 -3.722936 -0.690309
2164 -122937.302321 0.000000 -3.722872 -0.690245
3704 -122937.302337 0.000000 -3.722888 -0.690260
3806 -122937.302402 0.000000 -3.722953 -0.690326
3768 -122937.302347 0.000000 -3.722898 -0.690271
5544 -122937.292694 0.000000 -3.713245 -0.680618
5566 -122937.239013 0.000000 -3.659564 -0.626937
5433 -122937.261686 0.000000 -3.682237 -0.649610
366 -122937.129883 0.000000 -3.550434 -0.517807
3904 -122937.129483 0.000000 -3.550034 -0.517407
19473 -122937.103823 0.000000 -3.524374 -0.491746
263 -122937.132405 0.000000 -3.552956 -0.520329
297 -122937.129514 0.000000 -3.550065 -0.517437
1993 -122937.129266 0.000000 -3.549817 -0.517189
2118 -122937.129192 0.000000 -3.549743 -0.517116
2083 -122937.129146 0.000000 -3.549697 -0.517070
3737 -122937.129102 0.000000 -3.549653 -0.517026
3847 -122937.129153 0.000000 -3.549705 -0.517077
3831 -122937.129019 0.000000 -3.549571 -0.516943
5567 -122937.092054 0.000000 -3.512605 -0.479977
19497 -122937.092675 0.000000 -3.513226 -0.480598
5458 -122937.095387 0.000000 -3.515938 -0.483311
5603 -122937.103249 0.000000 -3.523800 -0.491173
251 -122937.097946 0.000000 -3.518497 -0.485869
5497 -122937.193352 0.000000 -3.613903 -0.581276
5586 -122937.114466 0.000000 -3.535017 -0.502390
390 -122937.217139 0.000000 -3.637690 -0.605062
2034 -122937.218149 0.000000 -3.638701 -0.606073
2016 -122937.218550 0.000000 -3.639101 -0.606474
2128 -122937.218651 0.000000 -3.639202 -0.606574
3782 -122937.218494 0.000000 -3.639045 -0.606418
3747 -122937.217831 0.000000 -3.638382 -0.605755
3872 -122937.216703 0.000000 -3.637254 -0.604627
17641 -122937.213304 0.000000 -3.633855 -0.601228
3873 -122937.099114 0.000000 -3.519665 -0.487038
296 -122937.208258 0.000000 -3.628809 -0.596182
398 -122937.214036 0.000000 -3.634587 -0.601960
367 -122937.099387 0.000000 -3.519938 -0.487311
330 -122937.099664 0.000000 -3.520216 -0.487588
1994 -122937.099682 0.000000 -3.520233 -0.487606
2106 -122937.099704 0.000000 -3.520255 -0.487628
2084 -122937.099680 0.000000 -3.520231 -0.487604
3725 -122937.099641 0.000000 -3.520192 -0.487564
3716 -122937.099542 0.000000 -3.520094 -0.487466
3819 -122937.098946 0.000000 -3.519497 -0.486870
19484 -122937.337743 0.000000 -3.758294 -0.725667
5580 -122937.325310 0.000000 -3.745861 -0.713233
284 -122937.363809 0.000000 -3.784361 -0.751733
5485 -122937.385034 0.000000 -3.805585 -0.772957
268 -122937.389516 0.000000 -3.810067 -0.777440
3836 -122937.391812 0.000000 -3.812363 -0.779735
380 -122937.392065 0.000000 -3.812616 -0.779988
2035 -122937.392563 0.000000 -3.813114 -0.780487
3748 -122937.392801 0.000000 -3.813353 -0.780725
3860 -122937.392516 0.000000 -3.813067 -0.780439
2007 -122937.392945 0.000000 -3.813496 -0.780869
2129 -122937.393090 0.000000 -3.813641 -0.781013
2088 -122937.393100 0.000000 -3.813651 -0.781024
5627 -122937.388169 0.000000 -3.808720 -0.776093
5508 -122937.381879 0.000000 -3.802430 -0.769802
5755 -122937.302822 0.000000 -3.723373 -0.690746
5660 -122937.302202 0.000000 -3.722753 -0.690126
12614 -122937.248374 0.000000 -3.668925 -0.636298
542 -122937.249077 0.000000 -3.669628 -0.637001
5845 -122937.246557 0.000000 -3.667108 -0.634481
456 -122937.245656 0.000000 -3.666207 -0.633580
3920 -122937.246691 0.000000 -3.667242 -0.634614
460 -122937.246688 0.000000 -3.667239 -0.634612
2275 -122937.246835 0.000000 -3.667386 -0.634758
2300 -122937.246869 0.000000 -3.667420 -0.634793
2190 -122937.246918 0.000000 -3.667469 -0.634842
3998 -122937.246976 0.000000 -3.667527 -0.634900
4033 -122937.246797 0.000000 -3.667348 -0.634720
5765 -122937.166123 0.000000 -3.586674 -0.554046
5659 -122937.343408 0.000000 -3.763959 -0.731332
5844 -122937.178113 0.000000 -3.598664 -0.566037
5675 -122937.341028 0.000000 -3.761579 -0.728952
552 -122937.186636 0.000000 -3.607188 -0.574560
575 -122937.184373 0.000000 -3.604924 -0.572296
4032 -122937.183640 0.000000 -3.604192 -0.571564
3929 -122937.184063 0.000000 -3.604614 -0.571987
462 -122937.184073 0.000000 -3.604624 -0.571997
2274 -122937.184102 0.000000 -3.604653 -0.572026
2310 -122937.184052 0.000000 -3.604603 -0.571976
2189 -122937.184024 0.000000 -3.604575 -0.571948
4113 -122937.183873 0.000000 -3.604424 -0.571797
5695 -122937.277232 0.000000 -3.697783 -0.665155
5729 -122937.265825 0.000000 -3.686376 -0.653749
5818 -122937.280335 0.000000 -3.700886 -0.668259
609 -122937.274154 0.000000 -3.694705 -0.662078
3908 -122937.272056 0.000000 -3.692607 -0.659980
486 -122937.274734 0.000000 -3.695285 -0.662658
3972 -122937.276391 0.000000 -3.696942 -0.664315
516 -122937.276421 0.000000 -3.696972 -0.664345
2335 -122937.276776 0.000000 -3.697327 -0.664699
2353 -122937.276915 0.000000 -3.697466 -0.664839
2238 -122937.276970 0.000000 -3.697521 -0.664894
4068 -122937.276871 0.000000 -3.697422 -0.664795
4078 -122937.276757 0.000000 -3.697308 -0.664681
5671 -122937.466539 0.000000 -3.887090 -0.854463
5678 -122937.449099 0.000000 -3.869650 -0.837023
555 -122937.263001 0.000000 -3.683552 -0.650924
5768 -122937.268335 0.000000 -3.688886 -0.656258
3951 -122937.252051 0.000000 -3.672602 -0.639974
585 -122937.249714 0.000000 -3.670265 -0.637638
465 -122937.251284 0.000000 -3.671835 -0.639207
3932 -122937.251020 0.000000 -3.671571 -0.638944
2286 -122937.251482 0.000000 -3.672033 -0.639406
2313 -122937.251522 0.000000 -3.672073 -0.639445
2201 -122937.251553 0.000000 -3.672104 -0.639477
2228 -122937.251545 0.000000 -3.672096 -0.639469
4045 -122937.251360 0.000000 -3.671911 -0.639284
