#ID      EIGB 	      EIPGB 	   GBbin        GBseg
1051 -1165368.723632 0.000000 -3.743529 -0.710950
510 -1165368.723632 0.000000 -3.743529 -0.710950
1509 -1165368.723632 0.000000 -3.743529 -0.710950
947 -1165368.723631 0.000000 -3.743528 -0.710950
1851 -1165368.723631 0.000000 -3.743529 -0.710950
9308 -1165368.723631 0.000000 -3.743529 -0.710950
8786 -1165368.723631 0.000000 -3.743528 -0.710950
9748 -1165368.723631 0.000000 -3.743528 -0.710950
9241 -1165368.723631 0.000000 -3.743528 -0.710950
10087 -1165368.723631 0.000000 -3.743528 -0.710950
16490 -1165368.723631 0.000000 -3.743528 -0.710950
17025 -1165368.723631 0.000000 -3.743528 -0.710950
18019 -1165368.723632 0.000000 -3.743529 -0.710950
17495 -1165368.723632 0.000000 -3.743529 -0.710950
18333 -1165368.723631 0.000000 -3.743528 -0.710950
17915 -1165368.723631 0.000000 -3.743529 -0.710950
25311 -1165368.723631 0.000000 -3.743529 -0.710950
26247 -1165368.723631 0.000000 -3.743529 -0.710950
25794 -1165368.723631 0.000000 -3.743529 -0.710950
26552 -1165368.723632 0.000000 -3.743529 -0.710950
26193 -1165368.723631 0.000000 -3.743529 -0.710950
33565 -1165368.723631 0.000000 -3.743528 -0.710950
33155 -1165368.723632 0.000000 -3.743529 -0.710950
34051 -1165368.723632 0.000000 -3.743529 -0.710950
34788 -1165368.723631 0.000000 -3.743529 -0.710950
34464 -1165368.723631 0.000000 -3.743528 -0.710950
41861 -1165368.723631 0.000000 -3.743528 -0.710950
41414 -1165368.723632 0.000000 -3.743529 -0.710950
42350 -1165368.723632 0.000000 -3.743529 -0.710950
42994 -1165368.723632 0.000000 -3.743529 -0.710950
42734 -1165368.723631 0.000000 -3.743529 -0.710950
50122 -1165368.723632 0.000000 -3.743529 -0.710950
49676 -1165368.723632 0.000000 -3.743529 -0.710950
50602 -1165368.723632 0.000000 -3.743529 -0.710950
51220 -1165368.723631 0.000000 -3.743529 -0.710950
50989 -1165368.723632 0.000000 -3.743529 -0.710950
58414 -1165368.723632 0.000000 -3.743529 -0.710950
57901 -1165368.723631 0.000000 -3.743529 -0.710950
58887 -1165368.723632 0.000000 -3.743529 -0.710950
58307 -1165368.723632 0.000000 -3.743529 -0.710950
59246 -1165368.723631 0.000000 -3.743528 -0.710950
1050 -1165368.575297 0.000000 -3.595194 -0.562616
550 -1165368.575297 0.000000 -3.595194 -0.562616
1508 -1165368.575297 0.000000 -3.595194 -0.562616
971 -1165368.575297 0.000000 -3.595194 -0.562616
1850 -1165368.575297 0.000000 -3.595194 -0.562616
9347 -1165368.575297 0.000000 -3.595194 -0.562616
8785 -1165368.575297 0.000000 -3.595194 -0.562616
9788 -1165368.575297 0.000000 -3.595194 -0.562616
9240 -1165368.575297 0.000000 -3.595194 -0.562616
10103 -1165368.575297 0.000000 -3.595194 -0.562616
17598 -1165368.575297 0.000000 -3.595194 -0.562616
17065 -1165368.575297 0.000000 -3.595194 -0.562616
18018 -1165368.575297 0.000000 -3.595194 -0.562615
17532 -1165368.575297 0.000000 -3.595194 -0.562616
18332 -1165368.575297 0.000000 -3.595194 -0.562616
16874 -1165368.575297 0.000000 -3.595194 -0.562616
25310 -1165368.575297 0.000000 -3.595194 -0.562616
26287 -1165368.575297 0.000000 -3.595194 -0.562616
25793 -1165368.575297 0.000000 -3.595194 -0.562616
26572 -1165368.575297 0.000000 -3.595194 -0.562616
26192 -1165368.575297 0.000000 -3.595194 -0.562615
33605 -1165368.575297 0.000000 -3.595194 -0.562616
34510 -1165368.575297 0.000000 -3.595194 -0.562616
34091 -1165368.575297 0.000000 -3.595194 -0.562616
34787 -1165368.575297 0.000000 -3.595194 -0.562616
34468 -1165368.575297 0.000000 -3.595194 -0.562616
41860 -1165368.575296 0.000000 -3.595193 -0.562615
42769 -1165368.575296 0.000000 -3.595194 -0.562615
42349 -1165368.575297 0.000000 -3.595194 -0.562616
43020 -1165368.575297 0.000000 -3.595194 -0.562616
42733 -1165368.575297 0.000000 -3.595194 -0.562616
50161 -1165368.575297 0.000000 -3.595194 -0.562616
49675 -1165368.575297 0.000000 -3.595194 -0.562616
50642 -1165368.575297 0.000000 -3.595194 -0.562616
51219 -1165368.575297 0.000000 -3.595194 -0.562616
50997 -1165368.575297 0.000000 -3.595194 -0.562616
58413 -1165368.575297 0.000000 -3.595194 -0.562616
57941 -1165368.575297 0.000000 -3.595194 -0.562616
58886 -1165368.575297 0.000000 -3.595194 -0.562616
59444 -1165368.575297 0.000000 -3.595194 -0.562616
59245 -1165368.575297 0.000000 -3.595194 -0.562616
734 -1165368.474369 0.000000 -3.494266 -0.461687
325 -1165368.474369 0.000000 -3.494266 -0.461688
1220 -1165368.474369 0.000000 -3.494266 -0.461688
1928 -1165368.474369 0.000000 -3.494266 -0.461688
1637 -1165368.474369 0.000000 -3.494266 -0.461688
8992 -1165368.474369 0.000000 -3.494266 -0.461688
8582 -1165368.474369 0.000000 -3.494266 -0.461687
9477 -1165368.474369 0.000000 -3.494266 -0.461688
10163 -1165368.474369 0.000000 -3.494266 -0.461688
9895 -1165368.474369 0.000000 -3.494266 -0.461688
17283 -1165368.474369 0.000000 -3.494266 -0.461688
16800 -1165368.474369 0.000000 -3.494266 -0.461688
17767 -1165368.474369 0.000000 -3.494266 -0.461688
17184 -1165368.474369 0.000000 -3.494266 -0.461688
18161 -1165368.474369 0.000000 -3.494266 -0.461688
17110 -1165368.474369 0.000000 -3.494266 -0.461688
25064 -1165368.474369 0.000000 -3.494266 -0.461688
26017 -1165368.474369 0.000000 -3.494266 -0.461688
25480 -1165368.474369 0.000000 -3.494266 -0.461688
26403 -1165368.474369 0.000000 -3.494266 -0.461688
25399 -1165368.474369 0.000000 -3.494266 -0.461688
33297 -1165368.474369 0.000000 -3.494266 -0.461688
34300 -1165368.474369 0.000000 -3.494266 -0.461688
33735 -1165368.474369 0.000000 -3.494266 -0.461688
34661 -1165368.474369 0.000000 -3.494266 -0.461688
34164 -1165368.474369 0.000000 -3.494266 -0.461688
41576 -1165368.474369 0.000000 -3.494266 -0.461688
42541 -1165368.474369 0.000000 -3.494266 -0.461688
42031 -1165368.474369 0.000000 -3.494266 -0.461688
42890 -1165368.474369 0.000000 -3.494266 -0.461688
42453 -1165368.474369 0.000000 -3.494266 -0.461688
49820 -1165368.474369 0.000000 -3.494266 -0.461688
50810 -1165368.474369 0.000000 -3.494266 -0.461688
50291 -1165368.474369 0.000000 -3.494266 -0.461688
51137 -1165368.474369 0.000000 -3.494266 -0.461688
50730 -1165368.474369 0.000000 -3.494266 -0.461688
58106 -1165368.474369 0.000000 -3.494266 -0.461688
57718 -1165368.474369 0.000000 -3.494266 -0.461688
58584 -1165368.474369 0.000000 -3.494266 -0.461688
59350 -1165368.474369 0.000000 -3.494266 -0.461688
59007 -1165368.474369 0.000000 -3.494266 -0.461688
733 -1165368.469014 0.000000 -3.488911 -0.456333
1677 -1165368.469014 0.000000 -3.488911 -0.456333
1219 -1165368.469014 0.000000 -3.488911 -0.456333
1959 -1165368.469014 0.000000 -3.488911 -0.456333
1636 -1165368.469014 0.000000 -3.488911 -0.456333
9031 -1165368.469014 0.000000 -3.488911 -0.456333
8581 -1165368.469014 0.000000 -3.488911 -0.456333
9517 -1165368.469014 0.000000 -3.488911 -0.456333
10162 -1165368.469014 0.000000 -3.488911 -0.456333
9909 -1165368.469014 0.000000 -3.488911 -0.456333
17282 -1165368.469014 0.000000 -3.488911 -0.456333
16840 -1165368.469014 0.000000 -3.488911 -0.456333
17766 -1165368.469014 0.000000 -3.488911 -0.456333
18393 -1165368.469014 0.000000 -3.488911 -0.456333
18160 -1165368.469014 0.000000 -3.488911 -0.456333
25583 -1165368.469014 0.000000 -3.488911 -0.456333
25063 -1165368.469014 0.000000 -3.488911 -0.456333
26057 -1165368.469014 0.000000 -3.488911 -0.456333
25479 -1165368.469014 0.000000 -3.488911 -0.456333
26421 -1165368.469014 0.000000 -3.488911 -0.456333
25627 -1165368.469014 0.000000 -3.488911 -0.456333
33337 -1165368.469014 0.000000 -3.488911 -0.456333
34299 -1165368.469014 0.000000 -3.488911 -0.456333
33774 -1165368.469014 0.000000 -3.488911 -0.456333
34660 -1165368.469014 0.000000 -3.488911 -0.456333
33649 -1165368.469014 0.000000 -3.488911 -0.456333
41575 -1165368.469014 0.000000 -3.488911 -0.456333
42581 -1165368.469014 0.000000 -3.488911 -0.456333
42030 -1165368.469014 0.000000 -3.488911 -0.456333
42913 -1165368.469014 0.000000 -3.488911 -0.456333
41906 -1165368.469014 0.000000 -3.488911 -0.456333
49859 -1165368.469014 0.000000 -3.488911 -0.456333
50809 -1165368.469014 0.000000 -3.488911 -0.456333
50331 -1165368.469014 0.000000 -3.488911 -0.456333
51136 -1165368.469014 0.000000 -3.488911 -0.456333
50736 -1165368.469014 0.000000 -3.488911 -0.456333
58105 -1165368.469014 0.000000 -3.488911 -0.456333
59077 -1165368.469014 0.000000 -3.488911 -0.456332
58583 -1165368.469014 0.000000 -3.488911 -0.456333
59378 -1165368.469014 0.000000 -3.488911 -0.456333
59006 -1165368.469014 0.000000 -3.488911 -0.456333
466 -1165368.469314 0.000000 -3.489211 -0.456633
1427 -1165368.469314 0.000000 -3.489211 -0.456633
903 -1165368.469314 0.000000 -3.489211 -0.456632
1802 -1165368.469314 0.000000 -3.489211 -0.456633
1338 -1165368.469314 0.000000 -3.489211 -0.456633
8705 -1165368.469314 0.000000 -3.489211 -0.456633
9704 -1165368.469314 0.000000 -3.489211 -0.456633
9160 -1165368.469314 0.000000 -3.489211 -0.456633
10058 -1165368.469314 0.000000 -3.489211 -0.456633
9618 -1165368.469314 0.000000 -3.489211 -0.456633
16982 -1165368.469314 0.000000 -3.489211 -0.456633
16639 -1165368.469314 0.000000 -3.489211 -0.456633
17451 -1165368.469314 0.000000 -3.489211 -0.456633
18275 -1165368.469314 0.000000 -3.489211 -0.456633
17902 -1165368.469314 0.000000 -3.489211 -0.456633
25230 -1165368.469314 0.000000 -3.489211 -0.456633
24890 -1165368.469314 0.000000 -3.489211 -0.456633
25712 -1165368.469314 0.000000 -3.489211 -0.456633
26517 -1165368.469314 0.000000 -3.489211 -0.456632
26169 -1165368.469314 0.000000 -3.489211 -0.456633
26659 -1165368.469314 0.000000 -3.489211 -0.456632
33113 -1165368.469314 0.000000 -3.489211 -0.456633
34007 -1165368.469314 0.000000 -3.489211 -0.456633
34720 -1165368.469314 0.000000 -3.489211 -0.456633
34447 -1165368.469314 0.000000 -3.489211 -0.456632
34598 -1165368.469314 0.000000 -3.489211 -0.456633
41370 -1165368.469314 0.000000 -3.489211 -0.456633
42268 -1165368.469314 0.000000 -3.489211 -0.456633
41725 -1165368.469314 0.000000 -3.489211 -0.456633
42700 -1165368.469314 0.000000 -3.489211 -0.456633
42426 -1165368.469314 0.000000 -3.489211 -0.456633
49594 -1165368.469314 0.000000 -3.489211 -0.456633
50558 -1165368.469314 0.000000 -3.489211 -0.456633
49988 -1165368.469314 0.000000 -3.489211 -0.456633
50966 -1165368.469314 0.000000 -3.489211 -0.456633
50682 -1165368.469314 0.000000 -3.489211 -0.456633
57857 -1165368.469314 0.000000 -3.489211 -0.456633
58805 -1165368.469314 0.000000 -3.489211 -0.456633
58275 -1165368.469314 0.000000 -3.489211 -0.456633
59202 -1165368.469314 0.000000 -3.489211 -0.456633
58691 -1165368.469314 0.000000 -3.489211 -0.456633
465 -1165368.503090 0.000000 -3.522987 -0.490409
1467 -1165368.503090 0.000000 -3.522988 -0.490409
902 -1165368.503090 0.000000 -3.522987 -0.490409
1831 -1165368.503090 0.000000 -3.522988 -0.490409
132420 -1165368.503090 0.000000 -3.522987 -0.490409
8744 -1165368.503090 0.000000 -3.522988 -0.490409
9703 -1165368.503090 0.000000 -3.522987 -0.490409
9200 -1165368.503090 0.000000 -3.522987 -0.490409
10057 -1165368.503090 0.000000 -3.522987 -0.490409
9630 -1165368.503090 0.000000 -3.522987 -0.490409
16981 -1165368.503090 0.000000 -3.522987 -0.490409
17977 -1165368.503090 0.000000 -3.522988 -0.490409
17450 -1165368.503090 0.000000 -3.522987 -0.490409
18309 -1165368.503090 0.000000 -3.522987 -0.490409
17901 -1165368.503090 0.000000 -3.522987 -0.490409
25269 -1165368.503090 0.000000 -3.522988 -0.490409
26206 -1165368.503090 0.000000 -3.522988 -0.490409
25752 -1165368.503090 0.000000 -3.522987 -0.490409
26516 -1165368.503090 0.000000 -3.522988 -0.490409
26185 -1165368.503090 0.000000 -3.522987 -0.490409
26658 -1165368.503090 0.000000 -3.522987 -0.490409
33143 -1165368.503090 0.000000 -3.522987 -0.490409
34006 -1165368.503090 0.000000 -3.522987 -0.490409
34758 -1165368.503090 0.000000 -3.522987 -0.490409
34446 -1165368.503090 0.000000 -3.522987 -0.490409
34345 -1165368.503090 0.000000 -3.522987 -0.490409
41369 -1165368.503090 0.000000 -3.522987 -0.490409
42308 -1165368.503090 0.000000 -3.522987 -0.490409
42956 -1165368.503090 0.000000 -3.522987 -0.490408
42722 -1165368.503090 0.000000 -3.522988 -0.490409
42467 -1165368.503090 0.000000 -3.522987 -0.490409
49634 -1165368.503090 0.000000 -3.522987 -0.490409
50557 -1165368.503090 0.000000 -3.522988 -0.490409
50018 -1165368.503090 0.000000 -3.522987 -0.490409
50965 -1165368.503090 0.000000 -3.522987 -0.490409
49903 -1165368.503090 0.000000 -3.522987 -0.490409
57856 -1165368.503090 0.000000 -3.522987 -0.490409
58845 -1165368.503090 0.000000 -3.522988 -0.490409
58274 -1165368.503090 0.000000 -3.522987 -0.490409
59228 -1165368.503090 0.000000 -3.522987 -0.490409
58932 -1165368.503090 0.000000 -3.522987 -0.490409
144 -1165368.580839 0.000000 -3.600736 -0.568158
821 -1165368.580839 0.000000 -3.600736 -0.568158
1760 -1165368.580839 0.000000 -3.600736 -0.568158
1301 -1165368.580839 0.000000 -3.600736 -0.568158
1994 -1165368.580839 0.000000 -3.600736 -0.568158
8380 -1165368.580839 0.000000 -3.600736 -0.568158
9115 -1165368.580839 0.000000 -3.600736 -0.568158
9980 -1165368.580839 0.000000 -3.600736 -0.568158
9592 -1165368.580839 0.000000 -3.600736 -0.568158
10217 -1165368.580839 0.000000 -3.600736 -0.568158
16615 -1165368.580839 0.000000 -3.600736 -0.568158
17369 -1165368.580839 0.000000 -3.600736 -0.568158
18230 -1165368.580839 0.000000 -3.600736 -0.568158
17852 -1165368.580839 0.000000 -3.600736 -0.568158
18436 -1165368.580839 0.000000 -3.600736 -0.568158
24818 -1165368.580839 0.000000 -3.600736 -0.568158
25667 -1165368.580839 0.000000 -3.600736 -0.568158
25140 -1165368.580839 0.000000 -3.600736 -0.568158
26138 -1165368.580839 0.000000 -3.600736 -0.568158
26641 -1165368.580839 0.000000 -3.600736 -0.568158
33069 -1165368.580839 0.000000 -3.600736 -0.568158
33925 -1165368.580839 0.000000 -3.600736 -0.568158
33421 -1165368.580839 0.000000 -3.600736 -0.568158
34387 -1165368.580839 0.000000 -3.600736 -0.568158
34857 -1165368.580839 0.000000 -3.600736 -0.568158
41288 -1165368.580839 0.000000 -3.600736 -0.568158
42223 -1165368.580839 0.000000 -3.600736 -0.568158
41663 -1165368.580839 0.000000 -3.600736 -0.568158
42664 -1165368.580839 0.000000 -3.600736 -0.568158
42096 -1165368.580839 0.000000 -3.600736 -0.568158
42935 -1165368.580839 0.000000 -3.600736 -0.568158
50476 -1165368.580839 0.000000 -3.600736 -0.568158
49943 -1165368.580839 0.000000 -3.600736 -0.568158
50897 -1165368.580839 0.000000 -3.600736 -0.568158
50389 -1165368.580839 0.000000 -3.600736 -0.568158
51175 -1165368.580839 0.000000 -3.600736 -0.568158
58760 -1165368.580839 0.000000 -3.600736 -0.568158
58193 -1165368.580839 0.000000 -3.600736 -0.568158
59161 -1165368.580839 0.000000 -3.600736 -0.568158
58663 -1165368.580839 0.000000 -3.600736 -0.568158
59408 -1165368.580839 0.000000 -3.600736 -0.568158
280 -1165368.513741 0.000000 -3.533638 -0.501060
1137 -1165368.513741 0.000000 -3.533638 -0.501060
615 -1165368.513741 0.000000 -3.533638 -0.501060
1592 -1165368.513741 0.000000 -3.533638 -0.501060
2045 -1165368.513741 0.000000 -3.533638 -0.501060
8500 -1165368.513741 0.000000 -3.533638 -0.501060
9432 -1165368.513741 0.000000 -3.533638 -0.501060
8873 -1165368.513741 0.000000 -3.533638 -0.501060
9867 -1165368.513741 0.000000 -3.533638 -0.501060
10251 -1165368.513741 0.000000 -3.533638 -0.501060
16756 -1165368.513741 0.000000 -3.533638 -0.501060
17684 -1165368.513741 0.000000 -3.533638 -0.501060
17150 -1165368.513741 0.000000 -3.533638 -0.501060
18106 -1165368.513741 0.000000 -3.533638 -0.501060
17570 -1165368.513741 0.000000 -3.533638 -0.501060
24982 -1165368.513741 0.000000 -3.533638 -0.501060
25972 -1165368.513741 0.000000 -3.533638 -0.501060
25398 -1165368.513741 0.000000 -3.533638 -0.501060
26370 -1165368.513741 0.000000 -3.533638 -0.501060
25861 -1165368.513741 0.000000 -3.533638 -0.501060
33253 -1165368.513741 0.000000 -3.533638 -0.501060
34217 -1165368.513741 0.000000 -3.533638 -0.501060
33690 -1165368.513741 0.000000 -3.533638 -0.501060
34597 -1165368.513741 0.000000 -3.533638 -0.501060
34151 -1165368.513741 0.000000 -3.533638 -0.501060
34820 -1165368.513741 0.000000 -3.533638 -0.501060
41210 -1165368.513741 0.000000 -3.533638 -0.501060
41948 -1165368.513741 0.000000 -3.533638 -0.501060
42853 -1165368.513741 0.000000 -3.533638 -0.501060
42425 -1165368.513741 0.000000 -3.533638 -0.501060
43046 -1165368.513741 0.000000 -3.533638 -0.501060
49451 -1165368.513741 0.000000 -3.533638 -0.501060
50246 -1165368.513740 0.000000 -3.533637 -0.501059
51065 -1165368.513741 0.000000 -3.533638 -0.501060
50709 -1165368.513741 0.000000 -3.533638 -0.501060
51262 -1165368.513741 0.000000 -3.533638 -0.501060
57694 -1165368.513740 0.000000 -3.533637 -0.501059
58501 -1165368.513741 0.000000 -3.533638 -0.501060
59308 -1165368.513741 0.000000 -3.533638 -0.501060
58968 -1165368.513741 0.000000 -3.533638 -0.501060
59478 -1165368.513741 0.000000 -3.533638 -0.501060
279 -1165368.495959 0.000000 -3.515856 -0.483277
1178 -1165368.495959 0.000000 -3.515856 -0.483277
1886 -1165368.495959 0.000000 -3.515856 -0.483277
1619 -1165368.495959 0.000000 -3.515856 -0.483277
2044 -1165368.495959 0.000000 -3.515856 -0.483277
8540 -1165368.495959 0.000000 -3.515856 -0.483277
9431 -1165368.495959 0.000000 -3.515856 -0.483277
8904 -1165368.495959 0.000000 -3.515856 -0.483277
9866 -1165368.495959 0.000000 -3.515856 -0.483277
9392 -1165368.495959 0.000000 -3.515856 -0.483277
16755 -1165368.495959 0.000000 -3.515856 -0.483277
17725 -1165368.495959 0.000000 -3.515856 -0.483277
17149 -1165368.495959 0.000000 -3.515856 -0.483277
18138 -1165368.495959 0.000000 -3.515856 -0.483277
18356 -1165368.495959 0.000000 -3.515856 -0.483277
25022 -1165368.495959 0.000000 -3.515856 -0.483277
25971 -1165368.495958 0.000000 -3.515856 -0.483277
25439 -1165368.495959 0.000000 -3.515856 -0.483277
26369 -1165368.495959 0.000000 -3.515856 -0.483277
157214 -1165368.495959 0.000000 -3.515856 -0.483277
33252 -1165368.495959 0.000000 -3.515856 -0.483277
34258 -1165368.495959 0.000000 -3.515856 -0.483277
33689 -1165368.495959 0.000000 -3.515856 -0.483277
34633 -1165368.495959 0.000000 -3.515856 -0.483277
34150 -1165368.495959 0.000000 -3.515856 -0.483277
34822 -1165368.495959 0.000000 -3.515856 -0.483277
42496 -1165368.495959 0.000000 -3.515856 -0.483277
41989 -1165368.495959 0.000000 -3.515856 -0.483277
42852 -1165368.495959 0.000000 -3.515856 -0.483277
42445 -1165368.495959 0.000000 -3.515856 -0.483277
43045 -1165368.495959 0.000000 -3.515856 -0.483277
50769 -1165368.495959 0.000000 -3.515856 -0.483277
50245 -1165368.495959 0.000000 -3.515856 -0.483277
51105 -1165368.495958 0.000000 -3.515856 -0.483277
50708 -1165368.495958 0.000000 -3.515856 -0.483277
51266 -1165368.495959 0.000000 -3.515856 -0.483277
57693 -1165368.495959 0.000000 -3.515856 -0.483277
58542 -1165368.495959 0.000000 -3.515856 -0.483277
59307 -1165368.495959 0.000000 -3.515856 -0.483277
58992 -1165368.495959 0.000000 -3.515856 -0.483277
59477 -1165368.495959 0.000000 -3.515856 -0.483277
1382 -1165369.230450 0.000000 -4.250348 -1.217769
861 -1165369.230451 0.000000 -4.250348 -1.217769
1759 -1165369.230451 0.000000 -4.250348 -1.217769
1326 -1165369.230450 0.000000 -4.250347 -1.217769
1993 -1165369.230450 0.000000 -4.250347 -1.217769
9663 -1165369.230451 0.000000 -4.250348 -1.217769
9114 -1165369.230451 0.000000 -4.250348 -1.217769
10020 -1165369.230450 0.000000 -4.250348 -1.217769
9591 -1165369.230451 0.000000 -4.250348 -1.217769
10224 -1165369.230451 0.000000 -4.250348 -1.217769
16614 -1165369.230450 0.000000 -4.250347 -1.217769
17409 -1165369.230450 0.000000 -4.250347 -1.217769
18229 -1165369.230450 0.000000 -4.250347 -1.217769
17881 -1165369.230451 0.000000 -4.250348 -1.217769
18435 -1165369.230451 0.000000 -4.250348 -1.217769
24858 -1165369.230451 0.000000 -4.250348 -1.217769
25666 -1165369.230451 0.000000 -4.250348 -1.217769
26477 -1165369.230451 0.000000 -4.250348 -1.217769
26137 -1165369.230450 0.000000 -4.250347 -1.217769
26653 -1165369.230450 0.000000 -4.250348 -1.217769
33068 -1165369.230451 0.000000 -4.250348 -1.217769
33965 -1165369.230450 0.000000 -4.250348 -1.217769
33420 -1165369.230451 0.000000 -4.250348 -1.217769
34421 -1165369.230450 0.000000 -4.250347 -1.217769
34856 -1165369.230451 0.000000 -4.250348 -1.217769
41328 -1165369.230450 0.000000 -4.250347 -1.217769
42222 -1165369.230451 0.000000 -4.250348 -1.217769
41703 -1165369.230451 0.000000 -4.250348 -1.217769
42663 -1165369.230450 0.000000 -4.250347 -1.217769
43073 -1165369.230450 0.000000 -4.250347 -1.217769
42934 -1165369.230450 0.000000 -4.250347 -1.217769
50516 -1165369.230451 0.000000 -4.250348 -1.217769
49942 -1165369.230451 0.000000 -4.250348 -1.217769
50935 -1165369.230451 0.000000 -4.250348 -1.217769
182556 -1165369.230450 0.000000 -4.250347 -1.217769
51176 -1165369.230451 0.000000 -4.250348 -1.217769
58759 -1165369.230450 0.000000 -4.250347 -1.217769
58233 -1165369.230450 0.000000 -4.250347 -1.217769
59160 -1165369.230450 0.000000 -4.250348 -1.217769
58685 -1165369.230450 0.000000 -4.250347 -1.217769
59407 -1165369.230450 0.000000 -4.250347 -1.217769
1092 -1165368.828557 0.000000 -3.848455 -0.815876
553 -1165368.828557 0.000000 -3.848455 -0.815876
1551 -1165368.828557 0.000000 -3.848455 -0.815876
973 -1165368.828557 0.000000 -3.848455 -0.815876
1861 -1165368.828557 0.000000 -3.848455 -0.815876
9350 -1165368.828558 0.000000 -3.848455 -0.815876
8828 -1165368.828557 0.000000 -3.848454 -0.815876
9791 -1165368.828557 0.000000 -3.848454 -0.815876
9265 -1165368.828557 0.000000 -3.848455 -0.815876
10106 -1165368.828558 0.000000 -3.848455 -0.815876
17639 -1165368.828558 0.000000 -3.848455 -0.815876
17068 -1165368.828557 0.000000 -3.848455 -0.815876
18061 -1165368.828558 0.000000 -3.848455 -0.815876
17535 -1165368.828557 0.000000 -3.848454 -0.815876
18348 -1165368.828557 0.000000 -3.848455 -0.815876
24723 -1165368.828557 0.000000 -3.848455 -0.815876
25353 -1165368.828557 0.000000 -3.848454 -0.815876
26290 -1165368.828558 0.000000 -3.848455 -0.815876
25832 -1165368.828558 0.000000 -3.848455 -0.815876
26575 -1165368.828558 0.000000 -3.848455 -0.815876
32961 -1165368.828558 0.000000 -3.848455 -0.815876
33608 -1165368.828558 0.000000 -3.848455 -0.815876
34552 -1165368.828558 0.000000 -3.848455 -0.815876
34094 -1165368.828558 0.000000 -3.848455 -0.815876
34808 -1165368.828558 0.000000 -3.848455 -0.815876
41168 -1165368.828558 0.000000 -3.848455 -0.815876
41903 -1165368.828557 0.000000 -3.848455 -0.815876
42771 -1165368.828557 0.000000 -3.848455 -0.815876
42391 -1165368.828557 0.000000 -3.848455 -0.815876
43023 -1165368.828558 0.000000 -3.848455 -0.815876
42739 -1165368.828558 0.000000 -3.848455 -0.815876
50164 -1165368.828557 0.000000 -3.848454 -0.815876
49698 -1165368.828557 0.000000 -3.848455 -0.815876
50645 -1165368.828557 0.000000 -3.848455 -0.815876
51245 -1165368.828558 0.000000 -3.848455 -0.815876
51000 -1165368.828558 0.000000 -3.848455 -0.815876
58456 -1165368.828557 0.000000 -3.848454 -0.815876
57944 -1165368.828557 0.000000 -3.848454 -0.815876
58929 -1165368.828557 0.000000 -3.848455 -0.815876
59446 -1165368.828558 0.000000 -3.848455 -0.815876
59255 -1165368.828558 0.000000 -3.848455 -0.815876
508 -1165368.268095 0.000000 -3.287992 -0.255414
1511 -1165368.268095 0.000000 -3.287992 -0.255414
945 -1165368.268095 0.000000 -3.287992 -0.255414
1853 -1165368.268095 0.000000 -3.287992 -0.255414
595 -1165368.268095 0.000000 -3.287992 -0.255414
8788 -1165368.268095 0.000000 -3.287992 -0.255414
9746 -1165368.268095 0.000000 -3.287992 -0.255414
9243 -1165368.268095 0.000000 -3.287992 -0.255414
10085 -1165368.268095 0.000000 -3.287992 -0.255414
8606 -1165368.268095 0.000000 -3.287992 -0.255414
17023 -1165368.268095 0.000000 -3.287992 -0.255414
18021 -1165368.268095 0.000000 -3.287992 -0.255414
17493 -1165368.268095 0.000000 -3.287992 -0.255414
18335 -1165368.268095 0.000000 -3.287992 -0.255414
17913 -1165368.268095 0.000000 -3.287992 -0.255414
25313 -1165368.268095 0.000000 -3.287992 -0.255414
26245 -1165368.268095 0.000000 -3.287992 -0.255414
25796 -1165368.268095 0.000000 -3.287992 -0.255414
26550 -1165368.268095 0.000000 -3.287992 -0.255414
26194 -1165368.268095 0.000000 -3.287992 -0.255414
33563 -1165368.268095 0.000000 -3.287992 -0.255414
34512 -1165368.268095 0.000000 -3.287992 -0.255414
34049 -1165368.268095 0.000000 -3.287992 -0.255414
34790 -1165368.268095 0.000000 -3.287992 -0.255414
34462 -1165368.268095 0.000000 -3.287992 -0.255414
41863 -1165368.268095 0.000000 -3.287992 -0.255414
41412 -1165368.268095 0.000000 -3.287992 -0.255414
42352 -1165368.268095 0.000000 -3.287992 -0.255414
42992 -1165368.268095 0.000000 -3.287992 -0.255414
42736 -1165368.268095 0.000000 -3.287992 -0.255414
50120 -1165368.268095 0.000000 -3.287992 -0.255414
49678 -1165368.268095 0.000000 -3.287992 -0.255414
50600 -1165368.268095 0.000000 -3.287992 -0.255413
51222 -1165368.268095 0.000000 -3.287992 -0.255414
50987 -1165368.268095 0.000000 -3.287992 -0.255414
58416 -1165368.268095 0.000000 -3.287992 -0.255414
57899 -1165368.268095 0.000000 -3.287992 -0.255414
58889 -1165368.268095 0.000000 -3.287992 -0.255414
190704 -1165368.268095 0.000000 -3.287992 -0.255414
59248 -1165368.268095 0.000000 -3.287992 -0.255414
57975 -1165368.268095 0.000000 -3.287992 -0.255414
324 -1165368.200846 0.000000 -3.220743 -0.188164
1181 -1165368.200845 0.000000 -3.220742 -0.188164
1927 -1165368.200845 0.000000 -3.220742 -0.188164
1622 -1165368.200846 0.000000 -3.220743 -0.188164
1720 -1165368.200845 0.000000 -3.220742 -0.188164
8543 -1165368.200845 0.000000 -3.220742 -0.188164
9476 -1165368.200846 0.000000 -3.220743 -0.188164
8906 -1165368.200845 0.000000 -3.220742 -0.188164
9894 -1165368.200846 0.000000 -3.220743 -0.188164
9075 -1165368.200845 0.000000 -3.220742 -0.188164
16799 -1165368.200846 0.000000 -3.220743 -0.188164
17728 -1165368.200845 0.000000 -3.220742 -0.188164
17183 -1165368.200846 0.000000 -3.220743 -0.188164
18141 -1165368.200845 0.000000 -3.220743 -0.188164
17327 -1165368.200845 0.000000 -3.220742 -0.188164
25025 -1165368.200846 0.000000 -3.220743 -0.188164
26016 -1165368.200845 0.000000 -3.220743 -0.188164
25442 -1165368.200846 0.000000 -3.220743 -0.188164
26402 -1165368.200845 0.000000 -3.220743 -0.188164
25870 -1165368.200845 0.000000 -3.220742 -0.188164
33296 -1165368.200846 0.000000 -3.220743 -0.188164
34261 -1165368.200845 0.000000 -3.220742 -0.188164
33734 -1165368.200845 0.000000 -3.220742 -0.188164
34636 -1165368.200846 0.000000 -3.220743 -0.188164
34163 -1165368.200845 0.000000 -3.220743 -0.188164
41537 -1165368.200846 0.000000 -3.220743 -0.188164
42540 -1165368.200845 0.000000 -3.220742 -0.188164
41992 -1165368.200845 0.000000 -3.220743 -0.188164
42889 -1165368.200845 0.000000 -3.220742 -0.188164
42448 -1165368.200845 0.000000 -3.220742 -0.188164
49819 -1165368.200846 0.000000 -3.220743 -0.188164
50771 -1165368.200846 0.000000 -3.220743 -0.188164
50290 -1165368.200846 0.000000 -3.220743 -0.188164
51108 -1165368.200845 0.000000 -3.220742 -0.188164
50729 -1165368.200846 0.000000 -3.220743 -0.188164
58067 -1165368.200845 0.000000 -3.220742 -0.188164
57717 -1165368.200846 0.000000 -3.220743 -0.188164
58545 -1165368.200846 0.000000 -3.220743 -0.188164
59349 -1165368.200845 0.000000 -3.220742 -0.188164
58995 -1165368.200846 0.000000 -3.220743 -0.188164
66336 -1165368.200846 0.000000 -3.220743 -0.188164
323 -1165368.125514 0.000000 -3.145411 -0.112833
1222 -1165368.125514 0.000000 -3.145411 -0.112833
1926 -1165368.125514 0.000000 -3.145412 -0.112833
1639 -1165368.125514 0.000000 -3.145411 -0.112833
1864 -1165368.125514 0.000000 -3.145411 -0.112833
8584 -1165368.125514 0.000000 -3.145411 -0.112833
9475 -1165368.125514 0.000000 -3.145411 -0.112833
10165 -1165368.125514 0.000000 -3.145411 -0.112833
9893 -1165368.125514 0.000000 -3.145412 -0.112833
8874 -1165368.125514 0.000000 -3.145411 -0.112833
16798 -1165368.125514 0.000000 -3.145411 -0.112833
17769 -1165368.125514 0.000000 -3.145411 -0.112833
18367 -1165368.125514 0.000000 -3.145411 -0.112833
18163 -1165368.125514 0.000000 -3.145411 -0.112833
17563 -1165368.125514 0.000000 -3.145411 -0.112833
25066 -1165368.125514 0.000000 -3.145411 -0.112833
26015 -1165368.125514 0.000000 -3.145411 -0.112833
25482 -1165368.125514 0.000000 -3.145411 -0.112833
26401 -1165368.125514 0.000000 -3.145411 -0.112833
25356 -1165368.125514 0.000000 -3.145411 -0.112833
33295 -1165368.125514 0.000000 -3.145411 -0.112833
34302 -1165368.125514 0.000000 -3.145411 -0.112833
33733 -1165368.125514 0.000000 -3.145411 -0.112833
34663 -1165368.125514 0.000000 -3.145411 -0.112833
33792 -1165368.125514 0.000000 -3.145411 -0.112833
41578 -1165368.125514 0.000000 -3.145411 -0.112833
42539 -1165368.125514 0.000000 -3.145411 -0.112833
42033 -1165368.125514 0.000000 -3.145411 -0.112833
42888 -1165368.125514 0.000000 -3.145411 -0.112833
42455 -1165368.125514 0.000000 -3.145411 -0.112833
49818 -1165368.125514 0.000000 -3.145411 -0.112833
50812 -1165368.125514 0.000000 -3.145411 -0.112833
50289 -1165368.125514 0.000000 -3.145411 -0.112833
51139 -1165368.125514 0.000000 -3.145411 -0.112833
50728 -1165368.125514 0.000000 -3.145411 -0.112833
58108 -1165368.125514 0.000000 -3.145411 -0.112833
59037 -1165368.125514 0.000000 -3.145411 -0.112833
58586 -1165368.125514 0.000000 -3.145411 -0.112833
59348 -1165368.125514 0.000000 -3.145411 -0.112833
59009 -1165368.125514 0.000000 -3.145411 -0.112833
66377 -1165368.125514 0.000000 -3.145411 -0.112833
1426 -1165368.123319 0.000000 -3.143217 -0.110638
864 -1165368.123319 0.000000 -3.143216 -0.110638
1801 -1165368.123319 0.000000 -3.143216 -0.110638
1329 -1165368.123319 0.000000 -3.143217 -0.110638
1999 -1165368.123319 0.000000 -3.143217 -0.110638
9665 -1165368.123319 0.000000 -3.143216 -0.110638
9159 -1165368.123319 0.000000 -3.143216 -0.110638
10023 -1165368.123319 0.000000 -3.143217 -0.110638
9617 -1165368.123319 0.000000 -3.143216 -0.110638
10227 -1165368.123319 0.000000 -3.143216 -0.110638
16638 -1165368.123319 0.000000 -3.143217 -0.110638
17412 -1165368.123319 0.000000 -3.143217 -0.110638
18274 -1165368.123319 0.000000 -3.143217 -0.110638
17884 -1165368.123319 0.000000 -3.143216 -0.110638
18445 -1165368.123319 0.000000 -3.143217 -0.110638
24861 -1165368.123319 0.000000 -3.143217 -0.110638
25711 -1165368.123319 0.000000 -3.143217 -0.110638
26479 -1165368.123319 0.000000 -3.143216 -0.110638
26168 -1165368.123319 0.000000 -3.143217 -0.110638
26656 -1165368.123319 0.000000 -3.143216 -0.110638
33112 -1165368.123319 0.000000 -3.143216 -0.110638
33968 -1165368.123320 0.000000 -3.143217 -0.110638
33435 -1165368.123319 0.000000 -3.143216 -0.110638
34424 -1165368.123319 0.000000 -3.143216 -0.110638
34682 -1165368.123320 0.000000 -3.143217 -0.110638
41331 -1165368.123319 0.000000 -3.143216 -0.110638
42267 -1165368.123319 0.000000 -3.143216 -0.110638
41706 -1165368.123319 0.000000 -3.143216 -0.110638
42699 -1165368.123319 0.000000 -3.143216 -0.110638
43039 -1165368.123319 0.000000 -3.143216 -0.110638
49593 -1165368.123319 0.000000 -3.143217 -0.110638
50519 -1165368.123319 0.000000 -3.143217 -0.110638
49987 -1165368.123319 0.000000 -3.143217 -0.110638
50938 -1165368.123319 0.000000 -3.143217 -0.110638
50396 -1165368.123319 0.000000 -3.143217 -0.110638
57818 -1165368.123319 0.000000 -3.143217 -0.110638
58804 -1165368.123319 0.000000 -3.143216 -0.110638
58236 -1165368.123319 0.000000 -3.143216 -0.110638
59201 -1165368.123319 0.000000 -3.143217 -0.110638
58688 -1165368.123319 0.000000 -3.143217 -0.110638
66068 -1165368.123319 0.000000 -3.143217 -0.110638
775 -1165368.456080 0.000000 -3.475977 -0.443399
509 -1165368.357458 0.000000 -3.377355 -0.344777
1719 -1165368.456080 0.000000 -3.475977 -0.443399
1470 -1165368.357458 0.000000 -3.377355 -0.344777
1261 -1165368.456080 0.000000 -3.475977 -0.443399
946 -1165368.357458 0.000000 -3.377355 -0.344777
1983 -1165368.456080 0.000000 -3.475977 -0.443399
1834 -1165368.357458 0.000000 -3.377355 -0.344777
1645 -1165368.456080 0.000000 -3.475977 -0.443399
1343 -1165368.357458 0.000000 -3.377355 -0.344777
9074 -1165368.456080 0.000000 -3.475977 -0.443399
8747 -1165368.357458 0.000000 -3.377355 -0.344777
9937 -1165368.456080 0.000000 -3.475977 -0.443399
9747 -1165368.357458 0.000000 -3.377355 -0.344777
9559 -1165368.456080 0.000000 -3.475977 -0.443399
9203 -1165368.357458 0.000000 -3.377355 -0.344777
10193 -1165368.456080 0.000000 -3.475977 -0.443399
10086 -1165368.357458 0.000000 -3.377355 -0.344777
9916 -1165368.456080 0.000000 -3.475977 -0.443398
9633 -1165368.357458 0.000000 -3.377355 -0.344777
17323 -1165368.456080 0.000000 -3.475977 -0.443399
17024 -1165368.357458 0.000000 -3.377355 -0.344777
16873 -1165368.456080 0.000000 -3.475977 -0.443399
17980 -1165368.357458 0.000000 -3.377355 -0.344777
17808 -1165368.456080 0.000000 -3.475977 -0.443399
17494 -1165368.357458 0.000000 -3.377355 -0.344777
18420 -1165368.456080 0.000000 -3.475977 -0.443399
18312 -1165368.357458 0.000000 -3.377355 -0.344777
18174 -1165368.456080 0.000000 -3.475977 -0.443399
17914 -1165368.357458 0.000000 -3.377355 -0.344777
25626 -1165368.456080 0.000000 -3.475977 -0.443399
25272 -1165368.357458 0.000000 -3.377355 -0.344777
25105 -1165368.456080 0.000000 -3.475977 -0.443399
26246 -1165368.357458 0.000000 -3.377355 -0.344777
26100 -1165368.456080 0.000000 -3.475977 -0.443399
25755 -1165368.357458 0.000000 -3.377355 -0.344777
26614 -1165368.456080 0.000000 -3.475977 -0.443399
26551 -1165368.357458 0.000000 -3.377355 -0.344777
26433 -1165368.456080 0.000000 -3.475977 -0.443399
26188 -1165368.357458 0.000000 -3.377355 -0.344777
33879 -1165368.456080 0.000000 -3.475977 -0.443399
33564 -1165368.357458 0.000000 -3.377355 -0.344777
33380 -1165368.456080 0.000000 -3.475977 -0.443399
33145 -1165368.357458 0.000000 -3.377355 -0.344777
34341 -1165368.456080 0.000000 -3.475977 -0.443399
34050 -1165368.357458 0.000000 -3.377355 -0.344777
166120 -1165368.456080 0.000000 -3.475977 -0.443399
34761 -1165368.357458 0.000000 -3.377355 -0.344777
34678 -1165368.456080 0.000000 -3.475977 -0.443399
34463 -1165368.357458 0.000000 -3.377355 -0.344777
42182 -1165368.456080 0.000000 -3.475977 -0.443399
41822 -1165368.357458 0.000000 -3.377355 -0.344777
41617 -1165368.456080 0.000000 -3.475977 -0.443399
41413 -1165368.357458 0.000000 -3.377355 -0.344777
42624 -1165368.456080 0.000000 -3.475977 -0.443399
42311 -1165368.357458 0.000000 -3.377355 -0.344777
42070 -1165368.456080 0.000000 -3.475977 -0.443399
42993 -1165368.357458 0.000000 -3.377355 -0.344777
42929 -1165368.456080 0.000000 -3.475977 -0.443399
42725 -1165368.357458 0.000000 -3.377355 -0.344777
50432 -1165368.456080 0.000000 -3.475977 -0.443399
50121 -1165368.357458 0.000000 -3.377355 -0.344777
49902 -1165368.456080 0.000000 -3.475977 -0.443399
49637 -1165368.357458 0.000000 -3.377355 -0.344777
50851 -1165368.456080 0.000000 -3.475977 -0.443399
50601 -1165368.357458 0.000000 -3.377355 -0.344777
50369 -1165368.456080 0.000000 -3.475977 -0.443399
50020 -1165368.357458 0.000000 -3.377355 -0.344777
51159 -1165368.456080 0.000000 -3.475977 -0.443399
50988 -1165368.357458 0.000000 -3.377355 -0.344777
49409 -1165368.456080 0.000000 -3.475977 -0.443399
58375 -1165368.357458 0.000000 -3.377355 -0.344777
58147 -1165368.456080 0.000000 -3.475977 -0.443399
57900 -1165368.357458 0.000000 -3.377355 -0.344777
59120 -1165368.456080 0.000000 -3.475977 -0.443399
58848 -1165368.357458 0.000000 -3.377355 -0.344777
58625 -1165368.456080 0.000000 -3.475977 -0.443399
58306 -1165368.357458 0.000000 -3.377355 -0.344777
59399 -1165368.456080 0.000000 -3.475977 -0.443399
59231 -1165368.357458 0.000000 -3.377355 -0.344777
59013 -1165368.456080 0.000000 -3.475977 -0.443399
57654 -1165368.357458 0.000000 -3.377355 -0.344777
134 -1165368.748052 0.000000 -3.767949 -0.735370
820 -1165368.748051 0.000000 -3.767949 -0.735370
1721 -1165368.748052 0.000000 -3.767949 -0.735370
1300 -1165368.748051 0.000000 -3.767949 -0.735370
1985 -1165368.748051 0.000000 -3.767948 -0.735370
8379 -1165368.748051 0.000000 -3.767948 -0.735370
9076 -1165368.748052 0.000000 -3.767949 -0.735370
9979 -1165368.748051 0.000000 -3.767949 -0.735370
9561 -1165368.748051 0.000000 -3.767948 -0.735370
10216 -1165368.748052 0.000000 -3.767949 -0.735370
16576 -1165368.748052 0.000000 -3.767949 -0.735370
17368 -1165368.748052 0.000000 -3.767949 -0.735370
16875 -1165368.748052 0.000000 -3.767949 -0.735370
17851 -1165368.748052 0.000000 -3.767949 -0.735370
18422 -1165368.748052 0.000000 -3.767949 -0.735370
18181 -1165368.748052 0.000000 -3.767949 -0.735370
25628 -1165368.748051 0.000000 -3.767948 -0.735370
25139 -1165368.748052 0.000000 -3.767949 -0.735370
26102 -1165368.748052 0.000000 -3.767949 -0.735370
26640 -1165368.748052 0.000000 -3.767949 -0.735370
26435 -1165368.748052 0.000000 -3.767949 -0.735370
33924 -1165368.748052 0.000000 -3.767949 -0.735370
33382 -1165368.748051 0.000000 -3.767948 -0.735370
34386 -1165368.748051 0.000000 -3.767948 -0.735370
33793 -1165368.748051 0.000000 -3.767949 -0.735370
34689 -1165368.748052 0.000000 -3.767949 -0.735370
42184 -1165368.748052 0.000000 -3.767949 -0.735370
41662 -1165368.748052 0.000000 -3.767949 -0.735370
42626 -1165368.748052 0.000000 -3.767949 -0.735370
42095 -1165368.748052 0.000000 -3.767949 -0.735370
42931 -1165368.748052 0.000000 -3.767949 -0.735370
50475 -1165368.748052 0.000000 -3.767949 -0.735370
49904 -1165368.748052 0.000000 -3.767949 -0.735370
50896 -1165368.748052 0.000000 -3.767949 -0.735370
50371 -1165368.748052 0.000000 -3.767949 -0.735370
51174 -1165368.748052 0.000000 -3.767949 -0.735370
58721 -1165368.748052 0.000000 -3.767949 -0.735370
58192 -1165368.748051 0.000000 -3.767949 -0.735370
59122 -1165368.748051 0.000000 -3.767949 -0.735370
58662 -1165368.748051 0.000000 -3.767949 -0.735370
59401 -1165368.748051 0.000000 -3.767949 -0.735370
282 -1165368.747134 0.000000 -3.767031 -0.734453
1135 -1165368.747134 0.000000 -3.767031 -0.734453
1887 -1165368.747134 0.000000 -3.767031 -0.734453
1590 -1165368.747134 0.000000 -3.767031 -0.734453
2033 -1165368.747134 0.000000 -3.767031 -0.734453
8498 -1165368.747134 0.000000 -3.767031 -0.734453
9434 -1165368.747134 0.000000 -3.767031 -0.734453
8871 -1165368.747134 0.000000 -3.767031 -0.734453
9869 -1165368.747134 0.000000 -3.767031 -0.734453
10250 -1165368.747134 0.000000 -3.767031 -0.734453
10115 -1165368.747134 0.000000 -3.767031 -0.734453
17682 -1165368.747134 0.000000 -3.767031 -0.734453
17152 -1165368.747134 0.000000 -3.767031 -0.734453
18104 -1165368.747134 0.000000 -3.767031 -0.734453
18178 -1165368.747134 0.000000 -3.767031 -0.734453
18354 -1165368.747134 0.000000 -3.767031 -0.734453
25974 -1165368.747134 0.000000 -3.767031 -0.734453
25396 -1165368.747134 0.000000 -3.767031 -0.734453
26372 -1165368.747134 0.000000 -3.767031 -0.734453
25859 -1165368.747134 0.000000 -3.767031 -0.734453
26590 -1165368.747134 0.000000 -3.767031 -0.734453
34215 -1165368.747134 0.000000 -3.767031 -0.734453
33692 -1165368.747134 0.000000 -3.767031 -0.734453
34595 -1165368.747134 0.000000 -3.767031 -0.734453
34153 -1165368.747134 0.000000 -3.767031 -0.734453
34818 -1165368.747134 0.000000 -3.767031 -0.734453
42498 -1165368.747134 0.000000 -3.767031 -0.734453
41946 -1165368.747134 0.000000 -3.767031 -0.734453
42855 -1165368.747134 0.000000 -3.767031 -0.734453
42423 -1165368.747134 0.000000 -3.767031 -0.734453
43047 -1165368.747134 0.000000 -3.767031 -0.734453
49449 -1165368.747134 0.000000 -3.767031 -0.734453
50248 -1165368.747134 0.000000 -3.767031 -0.734453
51063 -1165368.747134 0.000000 -3.767031 -0.734453
50711 -1165368.747134 0.000000 -3.767031 -0.734453
51260 -1165368.747134 0.000000 -3.767031 -0.734453
57696 -1165368.747134 0.000000 -3.767031 -0.734453
58499 -1165368.747134 0.000000 -3.767031 -0.734453
59310 -1165368.747134 0.000000 -3.767031 -0.734453
58966 -1165368.747134 0.000000 -3.767031 -0.734453
59480 -1165368.747134 0.000000 -3.767031 -0.734453
241 -1165368.747744 0.000000 -3.767641 -0.735063
1384 -1165369.429482 0.000000 -4.449379 -1.416801
1136 -1165368.747744 0.000000 -3.767641 -0.735062
819 -1165369.429482 0.000000 -4.449380 -1.416801
596 -1165368.747744 0.000000 -3.767641 -0.735062
1762 -1165369.429483 0.000000 -4.449380 -1.416801
1591 -1165368.747744 0.000000 -3.767641 -0.735062
1299 -1165369.429482 0.000000 -4.449379 -1.416801
2034 -1165368.747744 0.000000 -3.767641 -0.735063
1996 -1165369.429482 0.000000 -4.449379 -1.416801
8499 -1165368.747744 0.000000 -3.767641 -0.735063
8378 -1165369.429483 0.000000 -4.449380 -1.416801
9393 -1165368.747744 0.000000 -3.767641 -0.735063
9117 -1165369.429483 0.000000 -4.449380 -1.416801
8872 -1165368.747744 0.000000 -3.767641 -0.735062
9978 -1165369.429482 0.000000 -4.449380 -1.416801
9834 -1165368.747744 0.000000 -3.767641 -0.735063
9594 -1165369.429483 0.000000 -4.449380 -1.416801
9274 -1165368.747744 0.000000 -3.767641 -0.735063
10215 -1165369.429483 0.000000 -4.449380 -1.416801
10114 -1165368.747744 0.000000 -3.767641 -0.735062
16617 -1165369.429482 0.000000 -4.449379 -1.416801
17683 -1165368.747744 0.000000 -3.767641 -0.735063
17367 -1165369.429483 0.000000 -4.449380 -1.416801
17111 -1165368.747744 0.000000 -3.767641 -0.735063
18232 -1165369.429482 0.000000 -4.449380 -1.416801
18105 -1165368.747744 0.000000 -3.767641 -0.735063
17850 -1165369.429482 0.000000 -4.449380 -1.416801
17565 -1165368.747744 0.000000 -3.767641 -0.735063
18438 -1165369.429482 0.000000 -4.449379 -1.416801
18355 -1165368.747744 0.000000 -3.767641 -0.735063
18180 -1165369.429483 0.000000 -4.449380 -1.416801
25933 -1165368.747744 0.000000 -3.767641 -0.735063
25669 -1165369.429483 0.000000 -4.449380 -1.416801
25397 -1165368.747744 0.000000 -3.767641 -0.735063
157729 -1165369.429483 0.000000 -4.449380 -1.416801
26333 -1165368.747744 0.000000 -3.767641 -0.735063
26140 -1165369.429482 0.000000 -4.449379 -1.416801
25860 -1165368.747744 0.000000 -3.767641 -0.735063
26639 -1165369.429482 0.000000 -4.449379 -1.416801
26588 -1165368.747744 0.000000 -3.767641 -0.735063
26436 -1165369.429483 0.000000 -4.449380 -1.416801
34216 -1165368.747743 0.000000 -3.767641 -0.735062
33923 -1165369.429482 0.000000 -4.449380 -1.416801
33651 -1165368.747744 0.000000 -3.767641 -0.735062
33423 -1165369.429482 0.000000 -4.449380 -1.416801
34596 -1165368.747744 0.000000 -3.767641 -0.735063
34385 -1165369.429483 0.000000 -4.449380 -1.416801
34130 -1165368.747744 0.000000 -3.767641 -0.735063
34859 -1165369.429482 0.000000 -4.449379 -1.416801
34819 -1165368.747744 0.000000 -3.767641 -0.735062
34688 -1165369.429483 0.000000 -4.449380 -1.416801
41200 -1165368.747744 0.000000 -3.767641 -0.735062
42225 -1165369.429482 0.000000 -4.449379 -1.416801
41947 -1165368.747744 0.000000 -3.767641 -0.735063
41661 -1165369.429483 0.000000 -4.449380 -1.416801
42814 -1165368.747744 0.000000 -3.767641 -0.735063
42666 -1165369.429483 0.000000 -4.449380 -1.416801
42424 -1165368.747744 0.000000 -3.767641 -0.735063
43056 -1165369.429482 0.000000 -4.449379 -1.416801
43041 -1165368.747744 0.000000 -3.767641 -0.735062
42936 -1165369.429482 0.000000 -4.449379 -1.416801
49450 -1165368.747744 0.000000 -3.767641 -0.735063
50474 -1165369.429483 0.000000 -4.449380 -1.416801
50207 -1165368.747744 0.000000 -3.767641 -0.735063
49945 -1165369.429482 0.000000 -4.449380 -1.416801
51064 -1165368.747744 0.000000 -3.767641 -0.735062
50895 -1165369.429483 0.000000 -4.449380 -1.416801
50684 -1165368.747744 0.000000 -3.767641 -0.735063
50391 -1165369.429483 0.000000 -4.449380 -1.416801
51261 -1165368.747744 0.000000 -3.767641 -0.735062
51173 -1165369.429483 0.000000 -4.449380 -1.416801
57655 -1165368.747744 0.000000 -3.767641 -0.735063
58762 -1165369.429482 0.000000 -4.449379 -1.416801
58500 -1165368.747744 0.000000 -3.767641 -0.735063
58191 -1165369.429483 0.000000 -4.449380 -1.416801
57976 -1165368.747744 0.000000 -3.767641 -0.735063
59163 -1165369.429482 0.000000 -4.449379 -1.416801
58967 -1165368.747744 0.000000 -3.767641 -0.735062
58661 -1165369.429482 0.000000 -4.449380 -1.416801
59469 -1165368.747744 0.000000 -3.767641 -0.735062
59410 -1165369.429483 0.000000 -4.449380 -1.416801
776 -1165368.604301 0.000000 -3.624198 -0.591619
1679 -1165368.604300 0.000000 -3.624198 -0.591619
1262 -1165368.604300 0.000000 -3.624198 -0.591619
1962 -1165368.604301 0.000000 -3.624198 -0.591619
1646 -1165368.604300 0.000000 -3.624198 -0.591619
9034 -1165368.604301 0.000000 -3.624198 -0.591619
8604 -1165368.604300 0.000000 -3.624197 -0.591619
9520 -1165368.604301 0.000000 -3.624198 -0.591619
10194 -1165368.604300 0.000000 -3.624197 -0.591619
9912 -1165368.604301 0.000000 -3.624198 -0.591619
17324 -1165368.604301 0.000000 -3.624198 -0.591619
16843 -1165368.604300 0.000000 -3.624198 -0.591619
17809 -1165368.604301 0.000000 -3.624198 -0.591619
18395 -1165368.604301 0.000000 -3.624198 -0.591619
18175 -1165368.604301 0.000000 -3.624198 -0.591619
25586 -1165368.604301 0.000000 -3.624198 -0.591619
25106 -1165368.604300 0.000000 -3.624197 -0.591619
26060 -1165368.604300 0.000000 -3.624197 -0.591619
25492 -1165368.604301 0.000000 -3.624198 -0.591619
26424 -1165368.604301 0.000000 -3.624198 -0.591619
33880 -1165368.604301 0.000000 -3.624198 -0.591619
33340 -1165368.604301 0.000000 -3.624198 -0.591619
34342 -1165368.604300 0.000000 -3.624197 -0.591619
33777 -1165368.604301 0.000000 -3.624198 -0.591619
34679 -1165368.604300 0.000000 -3.624198 -0.591619
42142 -1165368.604301 0.000000 -3.624198 -0.591619
41618 -1165368.604301 0.000000 -3.624198 -0.591619
42584 -1165368.604300 0.000000 -3.624198 -0.591619
42071 -1165368.604300 0.000000 -3.624197 -0.591619
42916 -1165368.604301 0.000000 -3.624198 -0.591619
49312 -1165368.604300 0.000000 -3.624197 -0.591619
49862 -1165368.604301 0.000000 -3.624198 -0.591619
50852 -1165368.604300 0.000000 -3.624197 -0.591619
50334 -1165368.604301 0.000000 -3.624198 -0.591619
51160 -1165368.604301 0.000000 -3.624198 -0.591619
50739 -1165368.604300 0.000000 -3.624198 -0.591619
58148 -1165368.604300 0.000000 -3.624198 -0.591619
59080 -1165368.604300 0.000000 -3.624197 -0.591619
58626 -1165368.604301 0.000000 -3.624198 -0.591619
59381 -1165368.604300 0.000000 -3.624197 -0.591619
59014 -1165368.604300 0.000000 -3.624197 -0.591619
468 -1165368.641660 0.000000 -3.661557 -0.628979
1425 -1165368.641660 0.000000 -3.661558 -0.628979
905 -1165368.641660 0.000000 -3.661557 -0.628979
1800 -1165368.641660 0.000000 -3.661557 -0.628979
1340 -1165368.641660 0.000000 -3.661557 -0.628979
8704 -1165368.641660 0.000000 -3.661557 -0.628979
9706 -1165368.641660 0.000000 -3.661557 -0.628979
9158 -1165368.641660 0.000000 -3.661557 -0.628979
10060 -1165368.641660 0.000000 -3.661557 -0.628979
9616 -1165368.641660 0.000000 -3.661557 -0.628979
10228 -1165368.641660 0.000000 -3.661557 -0.628979
17937 -1165368.641660 0.000000 -3.661557 -0.628979
17453 -1165368.641660 0.000000 -3.661557 -0.628979
18273 -1165368.641660 0.000000 -3.661557 -0.628979
17904 -1165368.641660 0.000000 -3.661557 -0.628979
18444 -1165368.641660 0.000000 -3.661557 -0.628979
24892 -1165368.641660 0.000000 -3.661557 -0.628979
25710 -1165368.641660 0.000000 -3.661557 -0.628979
26519 -1165368.641660 0.000000 -3.661557 -0.628979
26167 -1165368.641660 0.000000 -3.661557 -0.628979
26660 -1165368.641660 0.000000 -3.661557 -0.628979
33111 -1165368.641660 0.000000 -3.661557 -0.628979
34009 -1165368.641660 0.000000 -3.661557 -0.628979
34719 -1165368.641660 0.000000 -3.661557 -0.628979
34449 -1165368.641660 0.000000 -3.661557 -0.628979
34811 -1165368.641660 0.000000 -3.661557 -0.628979
41372 -1165368.641660 0.000000 -3.661557 -0.628978
42266 -1165368.641660 0.000000 -3.661557 -0.628979
42957 -1165368.641660 0.000000 -3.661557 -0.628979
42698 -1165368.641660 0.000000 -3.661557 -0.628979
42394 -1165368.641660 0.000000 -3.661557 -0.628979
49592 -1165368.641660 0.000000 -3.661557 -0.628979
50560 -1165368.641660 0.000000 -3.661557 -0.628979
49986 -1165368.641660 0.000000 -3.661557 -0.628979
50968 -1165368.641660 0.000000 -3.661557 -0.628979
50683 -1165368.641660 0.000000 -3.661557 -0.628979
57859 -1165368.641660 0.000000 -3.661557 -0.628979
58803 -1165368.641660 0.000000 -3.661557 -0.628979
58277 -1165368.641660 0.000000 -3.661557 -0.628979
59200 -1165368.641660 0.000000 -3.661557 -0.628979
58502 -1165368.641660 0.000000 -3.661557 -0.628979
1091 -1165368.770825 0.000000 -3.790722 -0.758143
593 -1165368.770824 0.000000 -3.790721 -0.758143
1550 -1165368.770825 0.000000 -3.790722 -0.758143
2031 -1165368.770825 0.000000 -3.790722 -0.758143
1860 -1165368.770824 0.000000 -3.790722 -0.758143
9390 -1165368.770825 0.000000 -3.790722 -0.758143
8827 -1165368.770824 0.000000 -3.790722 -0.758143
9831 -1165368.770825 0.000000 -3.790722 -0.758143
141518 -1165368.770825 0.000000 -3.790722 -0.758143
10111 -1165368.770825 0.000000 -3.790722 -0.758143
17638 -1165368.770824 0.000000 -3.790721 -0.758143
17108 -1165368.770824 0.000000 -3.790721 -0.758143
18060 -1165368.770824 0.000000 -3.790722 -0.758143
17562 -1165368.770825 0.000000 -3.790722 -0.758143
18347 -1165368.770824 0.000000 -3.790721 -0.758143
25930 -1165368.770824 0.000000 -3.790722 -0.758143
25352 -1165368.770824 0.000000 -3.790722 -0.758143
26330 -1165368.770824 0.000000 -3.790722 -0.758143
25831 -1165368.770824 0.000000 -3.790722 -0.758143
26585 -1165368.770824 0.000000 -3.790722 -0.758143
34175 -1165368.770825 0.000000 -3.790722 -0.758143
33648 -1165368.770825 0.000000 -3.790722 -0.758143
34551 -1165368.770824 0.000000 -3.790721 -0.758143
34127 -1165368.770824 0.000000 -3.790721 -0.758143
34807 -1165368.770824 0.000000 -3.790721 -0.758143
41198 -1165368.770825 0.000000 -3.790722 -0.758143
41902 -1165368.770824 0.000000 -3.790721 -0.758143
42811 -1165368.770824 0.000000 -3.790721 -0.758143
42390 -1165368.770824 0.000000 -3.790722 -0.758143
43038 -1165368.770824 0.000000 -3.790722 -0.758143
49407 -1165368.770825 0.000000 -3.790722 -0.758143
50204 -1165368.770824 0.000000 -3.790721 -0.758143
51022 -1165368.770824 0.000000 -3.790721 -0.758143
50681 -1165368.770824 0.000000 -3.790722 -0.758143
51244 -1165368.770824 0.000000 -3.790722 -0.758143
51001 -1165368.770824 0.000000 -3.790722 -0.758143
58455 -1165368.770824 0.000000 -3.790722 -0.758143
57974 -1165368.770825 0.000000 -3.790722 -0.758143
58928 -1165368.770824 0.000000 -3.790722 -0.758143
59466 -1165368.770825 0.000000 -3.790722 -0.758143
59254 -1165368.770825 0.000000 -3.790722 -0.758143
1428 -1165369.266365 0.000000 -4.286262 -1.253684
862 -1165369.266365 0.000000 -4.286262 -1.253684
1803 -1165369.266365 0.000000 -4.286262 -1.253684
1327 -1165369.266365 0.000000 -4.286262 -1.253684
2000 -1165369.266365 0.000000 -4.286262 -1.253684
9664 -1165369.266365 0.000000 -4.286262 -1.253684
9161 -1165369.266365 0.000000 -4.286262 -1.253684
10021 -1165369.266365 0.000000 -4.286262 -1.253684
9619 -1165369.266365 0.000000 -4.286262 -1.253683
10225 -1165369.266365 0.000000 -4.286262 -1.253683
149220 -1165369.266365 0.000000 -4.286262 -1.253684
17410 -1165369.266365 0.000000 -4.286262 -1.253684
18276 -1165369.266365 0.000000 -4.286262 -1.253683
17882 -1165369.266365 0.000000 -4.286262 -1.253684
18446 -1165369.266365 0.000000 -4.286262 -1.253684
24859 -1165369.266365 0.000000 -4.286262 -1.253684
25713 -1165369.266365 0.000000 -4.286262 -1.253684
26478 -1165369.266365 0.000000 -4.286262 -1.253684
26170 -1165369.266365 0.000000 -4.286262 -1.253684
26654 -1165369.266365 0.000000 -4.286262 -1.253684
33114 -1165369.266365 0.000000 -4.286262 -1.253684
33966 -1165369.266365 0.000000 -4.286262 -1.253684
166003 -1165369.266365 0.000000 -4.286262 -1.253684
34422 -1165369.266365 0.000000 -4.286262 -1.253684
34555 -1165369.266365 0.000000 -4.286262 -1.253684
41329 -1165369.266365 0.000000 -4.286262 -1.253683
42269 -1165369.266365 0.000000 -4.286262 -1.253684
41704 -1165369.266365 0.000000 -4.286262 -1.253684
42701 -1165369.266365 0.000000 -4.286262 -1.253684
43074 -1165369.266365 0.000000 -4.286262 -1.253684
49595 -1165369.266364 0.000000 -4.286262 -1.253683
50517 -1165369.266365 0.000000 -4.286262 -1.253684
49989 -1165369.266365 0.000000 -4.286262 -1.253684
50936 -1165369.266365 0.000000 -4.286262 -1.253683
50434 -1165369.266365 0.000000 -4.286262 -1.253684
51177 -1165369.266365 0.000000 -4.286262 -1.253684
58806 -1165369.266365 0.000000 -4.286262 -1.253684
58234 -1165369.266365 0.000000 -4.286262 -1.253684
59203 -1165369.266365 0.000000 -4.286262 -1.253683
58686 -1165369.266365 0.000000 -4.286262 -1.253684
59412 -1165369.266365 0.000000 -4.286262 -1.253684
132667 -1165368.720066 0.000000 -3.739963 -0.707385
863 -1165368.720066 0.000000 -3.739963 -0.707385
1763 -1165368.720066 0.000000 -3.739963 -0.707385
1328 -1165368.720066 0.000000 -3.739963 -0.707385
1997 -1165368.720066 0.000000 -3.739963 -0.707385
8391 -1165368.720066 0.000000 -3.739963 -0.707385
9118 -1165368.720066 0.000000 -3.739963 -0.707385
10022 -1165368.720066 0.000000 -3.739963 -0.707385
9595 -1165368.720066 0.000000 -3.739963 -0.707385
10226 -1165368.720066 0.000000 -3.739963 -0.707385
16618 -1165368.720066 0.000000 -3.739963 -0.707385
17411 -1165368.720066 0.000000 -3.739963 -0.707385
18233 -1165368.720066 0.000000 -3.739963 -0.707385
17883 -1165368.720066 0.000000 -3.739963 -0.707385
18439 -1165368.720066 0.000000 -3.739963 -0.707385
24860 -1165368.720066 0.000000 -3.739963 -0.707385
25670 -1165368.720066 0.000000 -3.739963 -0.707385
25151 -1165368.720066 0.000000 -3.739963 -0.707385
26141 -1165368.720066 0.000000 -3.739963 -0.707385
26655 -1165368.720066 0.000000 -3.739963 -0.707385
33071 -1165368.720066 0.000000 -3.739963 -0.707385
33967 -1165368.720066 0.000000 -3.739963 -0.707385
33424 -1165368.720066 0.000000 -3.739963 -0.707385
34423 -1165368.720066 0.000000 -3.739963 -0.707385
34860 -1165368.720066 0.000000 -3.739963 -0.707385
41330 -1165368.720066 0.000000 -3.739963 -0.707385
42226 -1165368.720066 0.000000 -3.739963 -0.707385
41705 -1165368.720066 0.000000 -3.739963 -0.707385
42667 -1165368.720066 0.000000 -3.739963 -0.707385
174322 -1165368.720066 0.000000 -3.739963 -0.707385
49552 -1165368.720066 0.000000 -3.739963 -0.707385
50518 -1165368.720066 0.000000 -3.739963 -0.707385
49946 -1165368.720066 0.000000 -3.739963 -0.707385
50937 -1165368.720066 0.000000 -3.739963 -0.707385
50392 -1165368.720066 0.000000 -3.739963 -0.707385
51178 -1165368.720066 0.000000 -3.739963 -0.707385
58763 -1165368.720066 0.000000 -3.739963 -0.707385
58235 -1165368.720066 0.000000 -3.739963 -0.707385
59164 -1165368.720066 0.000000 -3.739963 -0.707385
58687 -1165368.720066 0.000000 -3.739963 -0.707385
59411 -1165368.720066 0.000000 -3.739963 -0.707385
326 -1165368.488004 0.000000 -3.507901 -0.475323
1179 -1165368.488004 0.000000 -3.507901 -0.475322
1929 -1165368.488004 0.000000 -3.507901 -0.475323
1620 -1165368.488004 0.000000 -3.507901 -0.475323
1648 -1165368.488004 0.000000 -3.507901 -0.475323
8541 -1165368.488004 0.000000 -3.507901 -0.475322
9478 -1165368.488004 0.000000 -3.507901 -0.475323
141408 -1165368.488004 0.000000 -3.507901 -0.475322
9896 -1165368.488004 0.000000 -3.507901 -0.475323
9391 -1165368.488004 0.000000 -3.507901 -0.475323
16801 -1165368.488004 0.000000 -3.507901 -0.475323
17726 -1165368.488004 0.000000 -3.507901 -0.475323
17185 -1165368.488004 0.000000 -3.507901 -0.475323
18139 -1165368.488004 0.000000 -3.507901 -0.475323
17109 -1165368.488004 0.000000 -3.507901 -0.475323
25023 -1165368.488004 0.000000 -3.507901 -0.475323
26018 -1165368.488004 0.000000 -3.507901 -0.475323
25440 -1165368.488004 0.000000 -3.507901 -0.475323
26404 -1165368.488004 0.000000 -3.507901 -0.475323
157213 -1165368.488004 0.000000 -3.507901 -0.475323
33298 -1165368.488004 0.000000 -3.507901 -0.475323
34259 -1165368.488004 0.000000 -3.507901 -0.475323
33736 -1165368.488003 0.000000 -3.507900 -0.475322
34634 -1165368.488004 0.000000 -3.507901 -0.475322
34165 -1165368.488004 0.000000 -3.507901 -0.475322
41535 -1165368.488004 0.000000 -3.507901 -0.475323
42542 -1165368.488004 0.000000 -3.507901 -0.475322
41990 -1165368.488004 0.000000 -3.507901 -0.475322
42891 -1165368.488003 0.000000 -3.507901 -0.475322
42446 -1165368.488004 0.000000 -3.507901 -0.475323
43049 -1165368.488004 0.000000 -3.507901 -0.475323
50770 -1165368.488004 0.000000 -3.507901 -0.475323
50292 -1165368.488004 0.000000 -3.507901 -0.475323
51106 -1165368.488004 0.000000 -3.507901 -0.475323
50731 -1165368.488004 0.000000 -3.507901 -0.475323
51267 -1165368.488004 0.000000 -3.507901 -0.475323
190320 -1165368.488004 0.000000 -3.507901 -0.475323
58543 -1165368.488004 0.000000 -3.507901 -0.475323
59351 -1165368.488004 0.000000 -3.507901 -0.475322
58993 -1165368.488004 0.000000 -3.507901 -0.475323
59467 -1165368.488004 0.000000 -3.507901 -0.475323
283 -1165368.500742 0.000000 -3.520639 -0.488061
1180 -1165368.500742 0.000000 -3.520639 -0.488061
617 -1165368.500742 0.000000 -3.520639 -0.488061
1621 -1165368.500742 0.000000 -3.520639 -0.488061
2032 -1165368.500742 0.000000 -3.520639 -0.488061
8542 -1165368.500742 0.000000 -3.520639 -0.488061
9435 -1165368.500742 0.000000 -3.520639 -0.488061
8905 -1165368.500742 0.000000 -3.520639 -0.488061
9870 -1165368.500742 0.000000 -3.520639 -0.488061
9268 -1165368.500742 0.000000 -3.520639 -0.488061
16758 -1165368.500742 0.000000 -3.520639 -0.488061
17727 -1165368.500742 0.000000 -3.520639 -0.488061
17153 -1165368.500742 0.000000 -3.520639 -0.488061
18140 -1165368.500742 0.000000 -3.520639 -0.488061
149389 -1165368.500742 0.000000 -3.520639 -0.488061
25024 -1165368.500742 0.000000 -3.520639 -0.488061
25975 -1165368.500742 0.000000 -3.520639 -0.488061
25441 -1165368.500742 0.000000 -3.520639 -0.488061
26373 -1165368.500742 0.000000 -3.520639 -0.488061
25869 -1165368.500742 0.000000 -3.520639 -0.488061
33255 -1165368.500742 0.000000 -3.520639 -0.488061
34260 -1165368.500742 0.000000 -3.520639 -0.488061
33693 -1165368.500742 0.000000 -3.520639 -0.488061
34635 -1165368.500742 0.000000 -3.520639 -0.488061
34154 -1165368.500742 0.000000 -3.520639 -0.488061
41536 -1165368.500742 0.000000 -3.520639 -0.488061
173781 -1165368.500742 0.000000 -3.520639 -0.488061
41991 -1165368.500742 0.000000 -3.520639 -0.488061
42856 -1165368.500742 0.000000 -3.520639 -0.488061
42447 -1165368.500742 0.000000 -3.520639 -0.488061
43048 -1165368.500742 0.000000 -3.520639 -0.488061
49463 -1165368.500742 0.000000 -3.520639 -0.488061
50249 -1165368.500742 0.000000 -3.520639 -0.488061
51107 -1165368.500742 0.000000 -3.520639 -0.488061
50712 -1165368.500742 0.000000 -3.520639 -0.488061
51268 -1165368.500742 0.000000 -3.520639 -0.488061
57697 -1165368.500742 0.000000 -3.520639 -0.488061
58544 -1165368.500742 0.000000 -3.520639 -0.488061
59311 -1165368.500742 0.000000 -3.520639 -0.488061
58994 -1165368.500742 0.000000 -3.520639 -0.488061
59481 -1165368.500742 0.000000 -3.520639 -0.488061
511 -1165368.507641 0.000000 -3.527538 -0.494960
1468 -1165368.507641 0.000000 -3.527538 -0.494960
948 -1165368.507641 0.000000 -3.527538 -0.494960
1832 -1165368.507641 0.000000 -3.527538 -0.494960
131876 -1165368.507641 0.000000 -3.527538 -0.494960
8745 -1165368.507641 0.000000 -3.527538 -0.494960
9749 -1165368.507641 0.000000 -3.527538 -0.494960
9201 -1165368.507641 0.000000 -3.527538 -0.494960
10088 -1165368.507641 0.000000 -3.527538 -0.494960
9631 -1165368.507641 0.000000 -3.527538 -0.494960
17026 -1165368.507641 0.000000 -3.527538 -0.494960
17978 -1165368.507641 0.000000 -3.527538 -0.494960
17496 -1165368.507641 0.000000 -3.527538 -0.494960
18310 -1165368.507641 0.000000 -3.527538 -0.494960
17916 -1165368.507641 0.000000 -3.527538 -0.494960
25270 -1165368.507640 0.000000 -3.527537 -0.494959
26248 -1165368.507640 0.000000 -3.527538 -0.494959
25753 -1165368.507641 0.000000 -3.527538 -0.494960
26553 -1165368.507641 0.000000 -3.527538 -0.494960
26186 -1165368.507641 0.000000 -3.527538 -0.494960
33566 -1165368.507641 0.000000 -3.527538 -0.494960
165763 -1165368.507641 0.000000 -3.527538 -0.494960
34052 -1165368.507640 0.000000 -3.527537 -0.494959
34759 -1165368.507641 0.000000 -3.527538 -0.494960
34465 -1165368.507641 0.000000 -3.527538 -0.494960
34218 -1165368.507641 0.000000 -3.527538 -0.494960
41415 -1165368.507641 0.000000 -3.527538 -0.494960
42309 -1165368.507640 0.000000 -3.527537 -0.494959
42995 -1165368.507641 0.000000 -3.527538 -0.494960
42723 -1165368.507640 0.000000 -3.527538 -0.494959
42074 -1165368.507641 0.000000 -3.527538 -0.494960
49635 -1165368.507641 0.000000 -3.527538 -0.494960
50603 -1165368.507641 0.000000 -3.527538 -0.494960
182471 -1165368.507641 0.000000 -3.527538 -0.494960
50990 -1165368.507641 0.000000 -3.527538 -0.494960
49700 -1165368.507641 0.000000 -3.527538 -0.494960
57902 -1165368.507641 0.000000 -3.527538 -0.494960
58846 -1165368.507641 0.000000 -3.527538 -0.494960
58308 -1165368.507641 0.000000 -3.527538 -0.494960
59229 -1165368.507641 0.000000 -3.527538 -0.494960
57548 -1165368.507641 0.000000 -3.527538 -0.494960
469 -1165368.473890 0.000000 -3.493787 -0.461209
1469 -1165368.473890 0.000000 -3.493787 -0.461209
906 -1165368.473891 0.000000 -3.493788 -0.461210
1833 -1165368.473891 0.000000 -3.493788 -0.461209
1341 -1165368.473891 0.000000 -3.493788 -0.461210
8746 -1165368.473891 0.000000 -3.493788 -0.461210
9707 -1165368.473891 0.000000 -3.493788 -0.461210
9202 -1165368.473891 0.000000 -3.493788 -0.461210
10061 -1165368.473890 0.000000 -3.493787 -0.461209
9632 -1165368.473890 0.000000 -3.493788 -0.461209
16984 -1165368.473891 0.000000 -3.493788 -0.461210
149261 -1165368.473890 0.000000 -3.493787 -0.461209
17454 -1165368.473891 0.000000 -3.493788 -0.461209
18311 -1165368.473890 0.000000 -3.493787 -0.461209
17905 -1165368.473891 0.000000 -3.493788 -0.461209
25271 -1165368.473890 0.000000 -3.493788 -0.461209
24893 -1165368.473890 0.000000 -3.493787 -0.461209
25754 -1165368.473891 0.000000 -3.493788 -0.461209
26520 -1165368.473891 0.000000 -3.493788 -0.461210
26187 -1165368.473891 0.000000 -3.493788 -0.461210
33524 -1165368.473891 0.000000 -3.493788 -0.461210
33144 -1165368.473890 0.000000 -3.493787 -0.461209
34010 -1165368.473890 0.000000 -3.493787 -0.461209
34760 -1165368.473891 0.000000 -3.493788 -0.461210
34450 -1165368.473890 0.000000 -3.493787 -0.461209
34129 -1165368.473890 0.000000 -3.493787 -0.461209
41373 -1165368.473890 0.000000 -3.493787 -0.461209
42310 -1165368.473890 0.000000 -3.493787 -0.461209
41727 -1165368.473890 0.000000 -3.493787 -0.461209
42724 -1165368.473891 0.000000 -3.493788 -0.461210
42183 -1165368.473890 0.000000 -3.493787 -0.461209
49636 -1165368.473890 0.000000 -3.493787 -0.461209
50561 -1165368.473891 0.000000 -3.493788 -0.461210
50019 -1165368.473890 0.000000 -3.493787 -0.461209
50969 -1165368.473890 0.000000 -3.493787 -0.461209
49452 -1165368.473890 0.000000 -3.493787 -0.461209
57860 -1165368.473890 0.000000 -3.493787 -0.461209
58847 -1165368.473890 0.000000 -3.493787 -0.461209
58278 -1165368.473890 0.000000 -3.493787 -0.461209
59230 -1165368.473890 0.000000 -3.493787 -0.461209
189741 -1165368.473890 0.000000 -3.493787 -0.461209
1094 -1165368.682137 0.000000 -3.702034 -0.669456
551 -1165368.682137 0.000000 -3.702034 -0.669456
1553 -1165368.682137 0.000000 -3.702034 -0.669456
133291 -1165368.682137 0.000000 -3.702034 -0.669456
1863 -1165368.682137 0.000000 -3.702034 -0.669456
9348 -1165368.682137 0.000000 -3.702034 -0.669456
8830 -1165368.682137 0.000000 -3.702034 -0.669456
9789 -1165368.682137 0.000000 -3.702034 -0.669456
9267 -1165368.682137 0.000000 -3.702034 -0.669456
10104 -1165368.682137 0.000000 -3.702034 -0.669456
17641 -1165368.682137 0.000000 -3.702034 -0.669456
17066 -1165368.682137 0.000000 -3.702034 -0.669456
18063 -1165368.682137 0.000000 -3.702034 -0.669456
17533 -1165368.682137 0.000000 -3.702034 -0.669456
18350 -1165368.682137 0.000000 -3.702034 -0.669456
25890 -1165368.682137 0.000000 -3.702034 -0.669456
25355 -1165368.682137 0.000000 -3.702034 -0.669456
26288 -1165368.682137 0.000000 -3.702034 -0.669456
25834 -1165368.682137 0.000000 -3.702034 -0.669456
26573 -1165368.682137 0.000000 -3.702034 -0.669456
26196 -1165368.682137 0.000000 -3.702034 -0.669456
33606 -1165368.682137 0.000000 -3.702034 -0.669456
34554 -1165368.682137 0.000000 -3.702034 -0.669456
34092 -1165368.682137 0.000000 -3.702034 -0.669456
34810 -1165368.682137 0.000000 -3.702034 -0.669456
34469 -1165368.682137 0.000000 -3.702034 -0.669456
41905 -1165368.682137 0.000000 -3.702034 -0.669456
42770 -1165368.682137 0.000000 -3.702034 -0.669456
42393 -1165368.682137 0.000000 -3.702034 -0.669456
43021 -1165368.682137 0.000000 -3.702034 -0.669456
42740 -1165368.682137 0.000000 -3.702034 -0.669456
50162 -1165368.682137 0.000000 -3.702034 -0.669456
182305 -1165368.682137 0.000000 -3.702034 -0.669456
50643 -1165368.682137 0.000000 -3.702034 -0.669456
51247 -1165368.682137 0.000000 -3.702034 -0.669456
50998 -1165368.682137 0.000000 -3.702034 -0.669456
58458 -1165368.682137 0.000000 -3.702034 -0.669456
57942 -1165368.682137 0.000000 -3.702034 -0.669456
58931 -1165368.682137 0.000000 -3.702034 -0.669456
59445 -1165368.682137 0.000000 -3.702034 -0.669456
59256 -1165368.682137 0.000000 -3.702034 -0.669456
778 -1165368.462530 0.000000 -3.482427 -0.449849
1678 -1165368.462529 0.000000 -3.482427 -0.449848
1264 -1165368.462530 0.000000 -3.482427 -0.449849
1960 -1165368.462530 0.000000 -3.482427 -0.449849
1647 -1165368.462530 0.000000 -3.482427 -0.449848
9032 -1165368.462530 0.000000 -3.482427 -0.449849
141220 -1165368.462530 0.000000 -3.482427 -0.449849
9518 -1165368.462530 0.000000 -3.482427 -0.449849
10196 -1165368.462530 0.000000 -3.482427 -0.449849
9910 -1165368.462530 0.000000 -3.482427 -0.449849
17326 -1165368.462530 0.000000 -3.482427 -0.449849
16841 -1165368.462530 0.000000 -3.482427 -0.449849
17811 -1165368.462530 0.000000 -3.482427 -0.449849
18394 -1165368.462530 0.000000 -3.482427 -0.449848
18177 -1165368.462530 0.000000 -3.482427 -0.449849
25584 -1165368.462530 0.000000 -3.482427 -0.449848
25108 -1165368.462530 0.000000 -3.482427 -0.449849
26058 -1165368.462530 0.000000 -3.482427 -0.449849
157898 -1165368.462530 0.000000 -3.482427 -0.449849
26422 -1165368.462530 0.000000 -3.482427 -0.449848
33882 -1165368.462530 0.000000 -3.482427 -0.449848
33338 -1165368.462530 0.000000 -3.482427 -0.449848
34344 -1165368.462530 0.000000 -3.482427 -0.449849
33775 -1165368.462530 0.000000 -3.482427 -0.449849
34681 -1165368.462530 0.000000 -3.482427 -0.449849
33381 -1165368.462530 0.000000 -3.482427 -0.449848
41620 -1165368.462530 0.000000 -3.482427 -0.449849
42582 -1165368.462530 0.000000 -3.482427 -0.449848
42073 -1165368.462529 0.000000 -3.482426 -0.449848
42914 -1165368.462530 0.000000 -3.482427 -0.449849
41199 -1165368.462530 0.000000 -3.482427 -0.449848
49860 -1165368.462530 0.000000 -3.482427 -0.449849
50854 -1165368.462530 0.000000 -3.482427 -0.449848
50332 -1165368.462530 0.000000 -3.482427 -0.449848
51162 -1165368.462530 0.000000 -3.482427 -0.449848
50737 -1165368.462530 0.000000 -3.482427 -0.449849
58150 -1165368.462530 0.000000 -3.482427 -0.449848
59078 -1165368.462530 0.000000 -3.482427 -0.449848
58628 -1165368.462530 0.000000 -3.482427 -0.449848
59379 -1165368.462529 0.000000 -3.482427 -0.449848
59015 -1165368.462530 0.000000 -3.482427 -0.449848
737 -1165368.530189 0.000000 -3.550086 -0.517508
337 -1165368.530189 0.000000 -3.550086 -0.517508
1223 -1165368.530189 0.000000 -3.550086 -0.517508
1961 -1165368.530189 0.000000 -3.550086 -0.517508
1640 -1165368.530189 0.000000 -3.550086 -0.517508
9033 -1165368.530189 0.000000 -3.550086 -0.517508
8585 -1165368.530189 0.000000 -3.550086 -0.517508
9519 -1165368.530189 0.000000 -3.550086 -0.517508
10166 -1165368.530189 0.000000 -3.550086 -0.517508
9911 -1165368.530189 0.000000 -3.550086 -0.517508
17285 -1165368.530189 0.000000 -3.550086 -0.517508
16842 -1165368.530189 0.000000 -3.550086 -0.517508
17770 -1165368.530189 0.000000 -3.550086 -0.517508
17195 -1165368.530189 0.000000 -3.550086 -0.517508
18164 -1165368.530189 0.000000 -3.550086 -0.517508
25585 -1165368.530189 0.000000 -3.550086 -0.517508
25067 -1165368.530189 0.000000 -3.550086 -0.517508
26059 -1165368.530189 0.000000 -3.550086 -0.517508
25483 -1165368.530189 0.000000 -3.550086 -0.517508
26423 -1165368.530189 0.000000 -3.550086 -0.517508
25109 -1165368.530189 0.000000 -3.550086 -0.517508
33339 -1165368.530189 0.000000 -3.550086 -0.517508
34303 -1165368.530189 0.000000 -3.550086 -0.517508
33776 -1165368.530189 0.000000 -3.550086 -0.517508
34664 -1165368.530189 0.000000 -3.550086 -0.517508
164245 -1165368.530189 0.000000 -3.550086 -0.517508
41579 -1165368.530189 0.000000 -3.550086 -0.517508
42583 -1165368.530189 0.000000 -3.550086 -0.517508
42034 -1165368.530189 0.000000 -3.550086 -0.517508
42915 -1165368.530189 0.000000 -3.550086 -0.517508
42456 -1165368.530189 0.000000 -3.550086 -0.517508
49861 -1165368.530189 0.000000 -3.550086 -0.517508
50813 -1165368.530189 0.000000 -3.550086 -0.517508
50333 -1165368.530189 0.000000 -3.550086 -0.517508
51140 -1165368.530189 0.000000 -3.550086 -0.517508
50738 -1165368.530189 0.000000 -3.550086 -0.517508
58109 -1165368.530189 0.000000 -3.550086 -0.517508
190361 -1165368.530189 0.000000 -3.550086 -0.517508
58587 -1165368.530189 0.000000 -3.550086 -0.517508
59380 -1165368.530189 0.000000 -3.550086 -0.517508
59010 -1165368.530189 0.000000 -3.550086 -0.517508
1053 -1165368.804906 0.000000 -3.824803 -0.792225
552 -1165368.804906 0.000000 -3.824803 -0.792225
1512 -1165368.804906 0.000000 -3.824803 -0.792225
972 -1165368.804906 0.000000 -3.824803 -0.792225
1854 -1165368.804906 0.000000 -3.824803 -0.792225
9349 -1165368.804906 0.000000 -3.824803 -0.792224
8789 -1165368.804906 0.000000 -3.824803 -0.792225
9790 -1165368.804906 0.000000 -3.824803 -0.792225
9244 -1165368.804906 0.000000 -3.824803 -0.792225
10105 -1165368.804906 0.000000 -3.824803 -0.792225
148882 -1165368.804906 0.000000 -3.824803 -0.792225
17067 -1165368.804906 0.000000 -3.824803 -0.792225
18022 -1165368.804906 0.000000 -3.824803 -0.792225
17534 -1165368.804906 0.000000 -3.824803 -0.792225
18336 -1165368.804906 0.000000 -3.824803 -0.792225
24722 -1165368.804906 0.000000 -3.824803 -0.792225
25314 -1165368.804906 0.000000 -3.824803 -0.792225
26289 -1165368.804906 0.000000 -3.824803 -0.792225
25797 -1165368.804906 0.000000 -3.824803 -0.792224
26574 -1165368.804906 0.000000 -3.824803 -0.792225
26195 -1165368.804906 0.000000 -3.824803 -0.792225
33607 -1165368.804906 0.000000 -3.824803 -0.792225
165795 -1165368.804906 0.000000 -3.824803 -0.792225
34093 -1165368.804906 0.000000 -3.824803 -0.792224
34791 -1165368.804906 0.000000 -3.824803 -0.792225
34470 -1165368.804906 0.000000 -3.824803 -0.792225
41864 -1165368.804906 0.000000 -3.824803 -0.792225
41426 -1165368.804906 0.000000 -3.824803 -0.792225
42353 -1165368.804906 0.000000 -3.824803 -0.792225
43022 -1165368.804906 0.000000 -3.824803 -0.792225
42737 -1165368.804906 0.000000 -3.824803 -0.792225
50163 -1165368.804906 0.000000 -3.824803 -0.792225
49679 -1165368.804906 0.000000 -3.824803 -0.792225
50644 -1165368.804906 0.000000 -3.824803 -0.792225
51223 -1165368.804906 0.000000 -3.824803 -0.792225
50999 -1165368.804906 0.000000 -3.824803 -0.792225
58417 -1165368.804906 0.000000 -3.824803 -0.792225
57943 -1165368.804906 0.000000 -3.824803 -0.792225
58890 -1165368.804906 0.000000 -3.824803 -0.792225
58316 -1165368.804906 0.000000 -3.824803 -0.792225
59249 -1165368.804906 0.000000 -3.824803 -0.792225
2819 -1165368.687769 0.000000 -3.707666 -0.675088
3395 -1165368.687769 0.000000 -3.707667 -0.675088
2404 -1165368.687769 0.000000 -3.707666 -0.675088
2067 -1165368.687769 0.000000 -3.707666 -0.675088
2161 -1165368.687769 0.000000 -3.707666 -0.675088
10985 -1165368.687769 0.000000 -3.707667 -0.675088
11514 -1165368.687769 0.000000 -3.707667 -0.675088
10580 -1165368.687769 0.000000 -3.707667 -0.675088
11064 -1165368.687769 0.000000 -3.707666 -0.675088
10341 -1165368.687769 0.000000 -3.707667 -0.675088
19104 -1165368.687769 0.000000 -3.707667 -0.675088
19676 -1165368.687769 0.000000 -3.707667 -0.675088
18729 -1165368.687769 0.000000 -3.707667 -0.675088
19201 -1165368.687769 0.000000 -3.707666 -0.675088
18512 -1165368.687769 0.000000 -3.707667 -0.675088
27280 -1165368.687769 0.000000 -3.707666 -0.675088
27787 -1165368.687769 0.000000 -3.707667 -0.675088
26917 -1165368.687769 0.000000 -3.707666 -0.675088
27316 -1165368.687769 0.000000 -3.707666 -0.675088
26706 -1165368.687769 0.000000 -3.707667 -0.675088
36706 -1165368.687769 0.000000 -3.707667 -0.675088
35943 -1165368.687769 0.000000 -3.707667 -0.675088
35081 -1165368.687769 0.000000 -3.707667 -0.675088
35467 -1165368.687769 0.000000 -3.707667 -0.675088
34893 -1165368.687769 0.000000 -3.707666 -0.675088
44911 -1165368.687769 0.000000 -3.707667 -0.675088
44058 -1165368.687769 0.000000 -3.707667 -0.675088
43285 -1165368.687769 0.000000 -3.707667 -0.675088
43590 -1165368.687769 0.000000 -3.707667 -0.675088
43101 -1165368.687769 0.000000 -3.707667 -0.675088
53062 -1165368.687769 0.000000 -3.707667 -0.675088
52208 -1165368.687769 0.000000 -3.707667 -0.675088
52725 -1165368.687769 0.000000 -3.707667 -0.675088
51755 -1165368.687769 0.000000 -3.707667 -0.675088
51293 -1165368.687769 0.000000 -3.707667 -0.675088
51470 -1165368.687769 0.000000 -3.707666 -0.675088
60325 -1165368.687769 0.000000 -3.707667 -0.675088
60882 -1165368.687769 0.000000 -3.707667 -0.675088
59883 -1165368.687769 0.000000 -3.707667 -0.675088
59501 -1165368.687769 0.000000 -3.707666 -0.675088
59636 -1165368.687769 0.000000 -3.707667 -0.675088
2860 -1165368.556118 0.000000 -3.576015 -0.543437
3394 -1165368.556118 0.000000 -3.576015 -0.543437
2442 -1165368.556118 0.000000 -3.576015 -0.543437
2951 -1165368.556118 0.000000 -3.576015 -0.543436
2163 -1165368.556118 0.000000 -3.576015 -0.543437
10984 -1165368.556118 0.000000 -3.576015 -0.543437
11555 -1165368.556118 0.000000 -3.576015 -0.543437
10579 -1165368.556118 0.000000 -3.576015 -0.543437
11085 -1165368.556118 0.000000 -3.576015 -0.543437
10340 -1165368.556118 0.000000 -3.576015 -0.543437
19145 -1165368.556118 0.000000 -3.576015 -0.543437
19675 -1165368.556118 0.000000 -3.576015 -0.543437
18770 -1165368.556118 0.000000 -3.576015 -0.543437
19200 -1165368.556118 0.000000 -3.576015 -0.543437
18516 -1165368.556118 0.000000 -3.576015 -0.543437
28538 -1165368.556118 0.000000 -3.576015 -0.543437
27828 -1165368.556118 0.000000 -3.576015 -0.543437
26916 -1165368.556118 0.000000 -3.576015 -0.543437
27342 -1165368.556118 0.000000 -3.576015 -0.543437
26705 -1165368.556118 0.000000 -3.576015 -0.543437
36737 -1165368.556118 0.000000 -3.576015 -0.543436
35942 -1165368.556118 0.000000 -3.576015 -0.543437
35122 -1165368.556118 0.000000 -3.576015 -0.543437
35466 -1165368.556118 0.000000 -3.576015 -0.543437
34902 -1165368.556118 0.000000 -3.576015 -0.543437
44910 -1165368.556118 0.000000 -3.576016 -0.543437
44099 -1165368.556118 0.000000 -3.576015 -0.543437
44604 -1165368.556118 0.000000 -3.576015 -0.543437
43621 -1165368.556118 0.000000 -3.576015 -0.543437
43100 -1165368.556118 0.000000 -3.576015 -0.543437
53103 -1165368.556118 0.000000 -3.576015 -0.543437
52207 -1165368.556118 0.000000 -3.576015 -0.543437
52756 -1165368.556118 0.000000 -3.576015 -0.543437
51754 -1165368.556118 0.000000 -3.576015 -0.543437
51306 -1165368.556118 0.000000 -3.576015 -0.543437
51469 -1165368.556118 0.000000 -3.576015 -0.543437
60366 -1165368.556118 0.000000 -3.576016 -0.543437
60881 -1165368.556118 0.000000 -3.576015 -0.543437
59919 -1165368.556118 0.000000 -3.576016 -0.543437
60475 -1165368.556118 0.000000 -3.576015 -0.543437
59637 -1165368.556118 0.000000 -3.576016 -0.543437
3218 -1165368.736714 0.000000 -3.756611 -0.724033
3658 -1165368.736714 0.000000 -3.756611 -0.724033
2733 -1165368.736714 0.000000 -3.756611 -0.724033
2116 -1165368.736714 0.000000 -3.756611 -0.724033
2353 -1165368.736714 0.000000 -3.756611 -0.724033
11330 -1165368.736714 0.000000 -3.756611 -0.724033
11849 -1165368.736714 0.000000 -3.756611 -0.724033
10858 -1165368.736714 0.000000 -3.756611 -0.724033
11440 -1165368.736714 0.000000 -3.756611 -0.724033
10498 -1165368.736714 0.000000 -3.756611 -0.724033
19483 -1165368.736714 0.000000 -3.756611 -0.724033
19982 -1165368.736714 0.000000 -3.756611 -0.724033
19018 -1165368.736714 0.000000 -3.756611 -0.724033
19553 -1165368.736714 0.000000 -3.756611 -0.724033
18668 -1165368.736713 0.000000 -3.756610 -0.724032
27592 -1165368.736714 0.000000 -3.756612 -0.724033
28163 -1165368.736714 0.000000 -3.756611 -0.724033
27154 -1165368.736714 0.000000 -3.756611 -0.724033
27701 -1165368.736714 0.000000 -3.756611 -0.724033
26823 -1165368.736714 0.000000 -3.756611 -0.724033
27291 -1165368.736714 0.000000 -3.756611 -0.724033
36286 -1165368.736714 0.000000 -3.756611 -0.724033
35328 -1165368.736714 0.000000 -3.756611 -0.724033
35816 -1165368.736714 0.000000 -3.756611 -0.724033
35012 -1165368.736714 0.000000 -3.756611 -0.724033
35423 -1165368.736714 0.000000 -3.756611 -0.724033
44457 -1165368.736714 0.000000 -3.756612 -0.724033
43479 -1165368.736714 0.000000 -3.756611 -0.724033
43972 -1165368.736714 0.000000 -3.756611 -0.724033
43180 -1165368.736714 0.000000 -3.756611 -0.724033
43555 -1165368.736714 0.000000 -3.756611 -0.724033
52569 -1165368.736714 0.000000 -3.756612 -0.724033
51663 -1165368.736714 0.000000 -3.756611 -0.724033
52081 -1165368.736714 0.000000 -3.756612 -0.724033
51382 -1165368.736714 0.000000 -3.756612 -0.724033
51696 -1165368.736714 0.000000 -3.756611 -0.724033
60725 -1165368.736714 0.000000 -3.756611 -0.724033
61144 -1165368.736714 0.000000 -3.756611 -0.724033
60239 -1165368.736714 0.000000 -3.756611 -0.724033
59554 -1165368.736714 0.000000 -3.756611 -0.724033
59837 -1165368.736714 0.000000 -3.756611 -0.724033
2863 -1165368.693973 0.000000 -3.713870 -0.681292
3438 -1165368.693973 0.000000 -3.713870 -0.681292
2445 -1165368.693973 0.000000 -3.713871 -0.681292
2971 -1165368.693974 0.000000 -3.713871 -0.681292
2166 -1165368.693973 0.000000 -3.713870 -0.681292
11027 -1165368.693973 0.000000 -3.713870 -0.681292
11558 -1165368.693973 0.000000 -3.713870 -0.681292
10623 -1165368.693973 0.000000 -3.713870 -0.681292
11088 -1165368.693973 0.000000 -3.713870 -0.681292
10350 -1165368.693973 0.000000 -3.713870 -0.681292
19147 -1165368.693973 0.000000 -3.713870 -0.681292
19719 -1165368.693973 0.000000 -3.713870 -0.681292
18773 -1165368.693973 0.000000 -3.713870 -0.681292
19233 -1165368.693973 0.000000 -3.713870 -0.681292
18519 -1165368.693973 0.000000 -3.713870 -0.681292
28570 -1165368.693973 0.000000 -3.713871 -0.681292
27831 -1165368.693973 0.000000 -3.713870 -0.681292
26960 -1165368.693973 0.000000 -3.713870 -0.681292
27345 -1165368.693973 0.000000 -3.713870 -0.681292
26720 -1165368.693973 0.000000 -3.713870 -0.681292
27011 -1165368.693974 0.000000 -3.713871 -0.681292
35986 -1165368.693973 0.000000 -3.713870 -0.681292
35124 -1165368.693973 0.000000 -3.713870 -0.681292
35503 -1165368.693974 0.000000 -3.713871 -0.681292
34905 -1165368.693973 0.000000 -3.713870 -0.681292
35155 -1165368.693973 0.000000 -3.713870 -0.681292
44102 -1165368.693973 0.000000 -3.713870 -0.681292
44616 -1165368.693973 0.000000 -3.713870 -0.681292
43624 -1165368.693973 0.000000 -3.713871 -0.681292
43120 -1165368.693973 0.000000 -3.713871 -0.681292
43319 -1165368.693973 0.000000 -3.713870 -0.681292
52251 -1165368.693973 0.000000 -3.713870 -0.681292
52759 -1165368.693973 0.000000 -3.713870 -0.681292
51795 -1165368.693973 0.000000 -3.713870 -0.681292
51309 -1165368.693973 0.000000 -3.713870 -0.681292
51473 -1165368.693974 0.000000 -3.713871 -0.681292
60369 -1165368.693973 0.000000 -3.713871 -0.681292
60925 -1165368.693973 0.000000 -3.713870 -0.681292
59922 -1165368.693973 0.000000 -3.713871 -0.681292
60482 -1165368.693973 0.000000 -3.713871 -0.681292
59640 -1165368.693973 0.000000 -3.713870 -0.681292
