#ID      EIFS 	      EIPFS 	   FSbin        FSseg
3246 -1386719.549301 0.000000 -3.892070 -0.860311
3873 -1386719.549301 0.000000 -3.892070 -0.860312
3988 -1386719.549301 0.000000 -3.892070 -0.860311
4542 -1386719.549301 0.000000 -3.892070 -0.860312
4605 -1386719.549301 0.000000 -3.892070 -0.860312
4874 -1386719.549301 0.000000 -3.892070 -0.860311
22635 -1386719.549301 0.000000 -3.892070 -0.860312
23243 -1386719.549301 0.000000 -3.892070 -0.860311
23359 -1386719.549301 0.000000 -3.892070 -0.860311
23957 -1386719.549301 0.000000 -3.892070 -0.860311
24036 -1386719.549301 0.000000 -3.892070 -0.860312
24380 -1386719.549301 0.000000 -3.892070 -0.860311
24401 -1386719.549301 0.000000 -3.892070 -0.860311
42548 -1386719.549301 0.000000 -3.892070 -0.860311
42664 -1386719.549301 0.000000 -3.892070 -0.860311
43289 -1386719.549301 0.000000 -3.892070 -0.860311
43383 -1386719.549301 0.000000 -3.892070 -0.860312
43807 -1386719.549301 0.000000 -3.892070 -0.860311
43842 -1386719.549301 0.000000 -3.892070 -0.860312
61922 -1386719.549301 0.000000 -3.892070 -0.860311
62037 -1386719.549301 0.000000 -3.892070 -0.860312
62669 -1386719.549301 0.000000 -3.892070 -0.860312
62776 -1386719.549301 0.000000 -3.892070 -0.860312
63269 -1386719.549301 0.000000 -3.892070 -0.860311
63317 -1386719.549301 0.000000 -3.892070 -0.860311
62608 -1386719.549301 0.000000 -3.892070 -0.860311
3249 -1386719.552099 0.000000 -3.894868 -0.863110
3814 -1386719.552099 0.000000 -3.894868 -0.863110
3991 -1386719.552099 0.000000 -3.894868 -0.863110
4499 -1386719.552099 0.000000 -3.894868 -0.863110
4608 -1386719.552099 0.000000 -3.894868 -0.863110
4861 -1386719.552099 0.000000 -3.894868 -0.863110
4783 -1386719.552099 0.000000 -3.894868 -0.863110
23184 -1386719.552099 0.000000 -3.894868 -0.863110
23362 -1386719.552099 0.000000 -3.894868 -0.863110
23908 -1386719.552099 0.000000 -3.894868 -0.863110
24039 -1386719.552099 0.000000 -3.894868 -0.863110
24361 -1386719.552099 0.000000 -3.894868 -0.863110
24404 -1386719.552099 0.000000 -3.894868 -0.863110
42490 -1386719.552099 0.000000 -3.894868 -0.863110
42667 -1386719.552099 0.000000 -3.894868 -0.863110
43233 -1386719.552099 0.000000 -3.894868 -0.863110
43386 -1386719.552099 0.000000 -3.894868 -0.863110
43780 -1386719.552099 0.000000 -3.894868 -0.863110
43845 -1386719.552099 0.000000 -3.894868 -0.863110
42324 -1386719.552099 0.000000 -3.894868 -0.863110
62040 -1386719.552099 0.000000 -3.894868 -0.863110
62610 -1386719.552099 0.000000 -3.894868 -0.863110
62779 -1386719.552099 0.000000 -3.894868 -0.863110
63234 -1386719.552099 0.000000 -3.894868 -0.863110
63320 -1386719.552099 0.000000 -3.894868 -0.863110
63101 -1386719.552099 0.000000 -3.894868 -0.863110
3189 -1386719.590857 0.000000 -3.933626 -0.901868
3813 -1386719.590857 0.000000 -3.933626 -0.901868
3931 -1386719.590857 0.000000 -3.933626 -0.901868
4498 -1386719.590857 0.000000 -3.933626 -0.901868
4577 -1386719.590857 0.000000 -3.933626 -0.901868
4860 -1386719.590857 0.000000 -3.933626 -0.901868
4796 -1386719.590857 0.000000 -3.933626 -0.901868
23183 -1386719.590857 0.000000 -3.933626 -0.901868
23301 -1386719.590857 0.000000 -3.933626 -0.901868
23907 -1386719.590857 0.000000 -3.933626 -0.901868
24000 -1386719.590857 0.000000 -3.933626 -0.901868
24360 -1386719.590857 0.000000 -3.933626 -0.901868
24393 -1386719.590857 0.000000 -3.933626 -0.901868
42489 -1386719.590857 0.000000 -3.933626 -0.901868
42606 -1386719.590857 0.000000 -3.933626 -0.901868
43232 -1386719.590857 0.000000 -3.933626 -0.901868
43339 -1386719.590857 0.000000 -3.933626 -0.901868
43779 -1386719.590857 0.000000 -3.933626 -0.901868
43827 -1386719.590857 0.000000 -3.933626 -0.901868
42353 -1386719.590857 0.000000 -3.933626 -0.901868
61979 -1386719.590857 0.000000 -3.933626 -0.901868
62609 -1386719.590857 0.000000 -3.933626 -0.901868
62725 -1386719.590857 0.000000 -3.933626 -0.901868
63233 -1386719.590857 0.000000 -3.933626 -0.901868
63296 -1386719.590857 0.000000 -3.933626 -0.901868
63102 -1386719.590857 0.000000 -3.933626 -0.901868
3754 -1386719.508155 0.000000 -3.850924 -0.819166
3934 -1386719.508155 0.000000 -3.850924 -0.819166
4449 -1386719.508155 0.000000 -3.850924 -0.819166
4580 -1386719.508155 0.000000 -3.850924 -0.819166
4841 -1386719.508155 0.000000 -3.850924 -0.819166
4792 -1386719.508155 0.000000 -3.850924 -0.819165
23125 -1386719.508155 0.000000 -3.850924 -0.819166
23304 -1386719.508155 0.000000 -3.850924 -0.819166
23852 -1386719.508155 0.000000 -3.850924 -0.819165
24003 -1386719.508155 0.000000 -3.850924 -0.819166
24333 -1386719.508155 0.000000 -3.850924 -0.819166
24396 -1386719.508155 0.000000 -3.850924 -0.819166
22950 -1386719.508155 0.000000 -3.850924 -0.819165
42609 -1386719.508155 0.000000 -3.850924 -0.819165
43173 -1386719.508155 0.000000 -3.850924 -0.819166
43342 -1386719.508155 0.000000 -3.850924 -0.819165
43744 -1386719.508155 0.000000 -3.850924 -0.819165
43830 -1386719.508155 0.000000 -3.850924 -0.819165
43006 -1386719.508155 0.000000 -3.850924 -0.819165
61982 -1386719.508155 0.000000 -3.850924 -0.819165
62550 -1386719.508155 0.000000 -3.850924 -0.819165
62728 -1386719.508155 0.000000 -3.850924 -0.819166
63191 -1386719.508155 0.000000 -3.850924 -0.819166
63299 -1386719.508155 0.000000 -3.850924 -0.819165
63449 -1386719.508155 0.000000 -3.850924 -0.819166
62548 -1386719.508155 0.000000 -3.850924 -0.819166
3753 -1386719.689057 0.000000 -4.031826 -1.000068
3872 -1386719.689057 0.000000 -4.031826 -1.000068
4448 -1386719.689057 0.000000 -4.031826 -1.000068
4541 -1386719.689057 0.000000 -4.031826 -1.000068
4840 -1386719.689057 0.000000 -4.031826 -1.000068
4873 -1386719.689057 0.000000 -4.031826 -1.000068
23124 -1386719.689058 0.000000 -4.031827 -1.000068
23242 -1386719.689057 0.000000 -4.031826 -1.000068
23851 -1386719.689058 0.000000 -4.031827 -1.000068
23956 -1386719.689057 0.000000 -4.031826 -1.000068
24332 -1386719.689057 0.000000 -4.031826 -1.000068
24379 -1386719.689057 0.000000 -4.031826 -1.000068
22951 -1386719.689057 0.000000 -4.031826 -1.000068
42547 -1386719.689057 0.000000 -4.031826 -1.000068
43172 -1386719.689057 0.000000 -4.031826 -1.000068
43288 -1386719.689057 0.000000 -4.031826 -1.000068
43743 -1386719.689057 0.000000 -4.031826 -1.000068
43806 -1386719.689057 0.000000 -4.031826 -1.000068
43007 -1386719.689057 0.000000 -4.031826 -1.000068
61921 -1386719.689057 0.000000 -4.031826 -1.000068
62549 -1386719.689057 0.000000 -4.031826 -1.000068
62668 -1386719.689057 0.000000 -4.031826 -1.000068
63190 -1386719.689057 0.000000 -4.031826 -1.000068
63268 -1386719.689058 0.000000 -4.031827 -1.000068
63451 -1386719.689058 0.000000 -4.031827 -1.000068
62611 -1386719.689057 0.000000 -4.031826 -1.000068
6658 -1386719.703724 0.000000 -4.046493 -1.014735
6100 -1386719.703725 0.000000 -4.046493 -1.014735
5935 -1386719.703724 0.000000 -4.046493 -1.014735
5384 -1386719.703724 0.000000 -4.046493 -1.014735
5282 -1386719.703724 0.000000 -4.046493 -1.014735
4961 -1386719.703724 0.000000 -4.046493 -1.014735
4937 -1386719.703724 0.000000 -4.046493 -1.014735
25836 -1386719.703724 0.000000 -4.046493 -1.014735
25669 -1386719.703724 0.000000 -4.046493 -1.014735
25093 -1386719.703724 0.000000 -4.046493 -1.014735
24972 -1386719.703724 0.000000 -4.046493 -1.014735
24581 -1386719.703724 0.000000 -4.046493 -1.014735
24541 -1386719.703724 0.000000 -4.046493 -1.014735
45526 -1386719.703724 0.000000 -4.046493 -1.014735
45359 -1386719.703724 0.000000 -4.046493 -1.014735
44776 -1386719.703724 0.000000 -4.046493 -1.014735
44635 -1386719.703724 0.000000 -4.046493 -1.014735
44177 -1386719.703725 0.000000 -4.046493 -1.014735
44116 -1386719.703724 0.000000 -4.046493 -1.014735
43943 -1386719.703724 0.000000 -4.046493 -1.014735
65086 -1386719.703724 0.000000 -4.046493 -1.014735
64511 -1386719.703724 0.000000 -4.046493 -1.014735
64355 -1386719.703724 0.000000 -4.046493 -1.014735
63844 -1386719.703724 0.000000 -4.046493 -1.014735
63763 -1386719.703724 0.000000 -4.046493 -1.014735
63520 -1386719.703724 0.000000 -4.046493 -1.014735
6703 -1386719.700202 0.000000 -4.042970 -1.011212
6097 -1386719.700202 0.000000 -4.042970 -1.011212
5978 -1386719.700201 0.000000 -4.042970 -1.011212
5381 -1386719.700201 0.000000 -4.042970 -1.011212
5303 -1386719.700202 0.000000 -4.042971 -1.011212
4958 -1386719.700201 0.000000 -4.042970 -1.011212
4939 -1386719.700201 0.000000 -4.042970 -1.011212
25833 -1386719.700201 0.000000 -4.042970 -1.011212
25714 -1386719.700201 0.000000 -4.042970 -1.011212
25090 -1386719.700201 0.000000 -4.042970 -1.011212
24999 -1386719.700201 0.000000 -4.042970 -1.011212
24578 -1386719.700201 0.000000 -4.042970 -1.011212
24546 -1386719.700201 0.000000 -4.042970 -1.011212
45523 -1386719.700201 0.000000 -4.042970 -1.011212
45404 -1386719.700201 0.000000 -4.042970 -1.011212
44773 -1386719.700202 0.000000 -4.042971 -1.011212
44668 -1386719.700201 0.000000 -4.042970 -1.011212
44174 -1386719.700201 0.000000 -4.042970 -1.011212
44127 -1386719.700201 0.000000 -4.042970 -1.011212
43940 -1386719.700202 0.000000 -4.042971 -1.011212
65131 -1386719.700202 0.000000 -4.042971 -1.011212
64508 -1386719.700201 0.000000 -4.042970 -1.011212
64393 -1386719.700202 0.000000 -4.042971 -1.011212
63841 -1386719.700201 0.000000 -4.042970 -1.011212
63778 -1386719.700201 0.000000 -4.042970 -1.011212
63517 -1386719.700201 0.000000 -4.042970 -1.011212
6158 -1386719.712724 0.000000 -4.055493 -1.023735
5979 -1386719.712724 0.000000 -4.055493 -1.023735
5431 -1386719.712724 0.000000 -4.055493 -1.023735
5304 -1386719.712724 0.000000 -4.055493 -1.023735
4979 -1386719.712724 0.000000 -4.055493 -1.023735
4940 -1386719.712724 0.000000 -4.055493 -1.023735
25894 -1386719.712724 0.000000 -4.055493 -1.023735
25715 -1386719.712724 0.000000 -4.055493 -1.023735
25147 -1386719.712724 0.000000 -4.055493 -1.023735
25000 -1386719.712724 0.000000 -4.055493 -1.023735
24607 -1386719.712724 0.000000 -4.055493 -1.023735
24547 -1386719.712724 0.000000 -4.055493 -1.023735
24433 -1386719.712724 0.000000 -4.055493 -1.023735
45405 -1386719.712724 0.000000 -4.055493 -1.023735
44834 -1386719.712724 0.000000 -4.055493 -1.023735
44669 -1386719.712724 0.000000 -4.055493 -1.023735
44211 -1386719.712724 0.000000 -4.055493 -1.023735
44128 -1386719.712724 0.000000 -4.055493 -1.023735
43947 -1386719.712724 0.000000 -4.055493 -1.023735
65132 -1386719.712724 0.000000 -4.055493 -1.023735
64569 -1386719.712724 0.000000 -4.055493 -1.023735
64394 -1386719.712724 0.000000 -4.055493 -1.023735
63884 -1386719.712724 0.000000 -4.055493 -1.023735
63779 -1386719.712724 0.000000 -4.055493 -1.023735
63530 -1386719.712724 0.000000 -4.055493 -1.023735
63510 -1386719.712724 0.000000 -4.055493 -1.023735
6157 -1386719.809544 0.000000 -4.152313 -1.120555
6038 -1386719.809544 0.000000 -4.152313 -1.120555
5430 -1386719.809544 0.000000 -4.152313 -1.120555
5339 -1386719.809544 0.000000 -4.152313 -1.120555
4978 -1386719.809544 0.000000 -4.152313 -1.120555
4946 -1386719.809544 0.000000 -4.152313 -1.120555
25893 -1386719.809544 0.000000 -4.152313 -1.120555
25774 -1386719.809544 0.000000 -4.152313 -1.120555
25146 -1386719.809544 0.000000 -4.152313 -1.120555
25042 -1386719.809544 0.000000 -4.152313 -1.120555
24606 -1386719.809544 0.000000 -4.152313 -1.120555
24559 -1386719.809544 0.000000 -4.152313 -1.120555
24432 -1386719.809544 0.000000 -4.152313 -1.120555
45464 -1386719.809544 0.000000 -4.152313 -1.120555
44833 -1386719.809544 0.000000 -4.152313 -1.120555
44718 -1386719.809544 0.000000 -4.152313 -1.120555
44210 -1386719.809544 0.000000 -4.152313 -1.120555
44147 -1386719.809544 0.000000 -4.152313 -1.120555
43946 -1386719.809544 0.000000 -4.152313 -1.120555
65191 -1386719.809544 0.000000 -4.152313 -1.120555
64568 -1386719.809544 0.000000 -4.152313 -1.120555
64449 -1386719.809544 0.000000 -4.152313 -1.120555
63883 -1386719.809544 0.000000 -4.152313 -1.120555
63806 -1386719.809544 0.000000 -4.152313 -1.120555
63529 -1386719.809544 0.000000 -4.152313 -1.120555
63512 -1386719.809544 0.000000 -4.152313 -1.120555
6441 -1386719.811771 0.000000 -4.154539 -1.122781
6330 -1386719.811771 0.000000 -4.154539 -1.122781
5690 -1386719.811771 0.000000 -4.154539 -1.122781
5595 -1386719.811771 0.000000 -4.154539 -1.122781
5107 -1386719.811771 0.000000 -4.154540 -1.122781
5069 -1386719.811771 0.000000 -4.154540 -1.122781
26168 -1386719.811770 0.000000 -4.154539 -1.122781
26057 -1386719.811771 0.000000 -4.154540 -1.122782
25424 -1386719.811771 0.000000 -4.154539 -1.122781
25317 -1386719.811771 0.000000 -4.154540 -1.122782
24768 -1386719.811771 0.000000 -4.154540 -1.122782
24717 -1386719.811771 0.000000 -4.154540 -1.122782
24459 -1386719.811770 0.000000 -4.154539 -1.122781
45731 -1386719.811771 0.000000 -4.154539 -1.122781
45117 -1386719.811771 0.000000 -4.154540 -1.122781
45006 -1386719.811771 0.000000 -4.154539 -1.122781
44408 -1386719.811770 0.000000 -4.154539 -1.122781
44343 -1386719.811771 0.000000 -4.154540 -1.122782
44002 -1386719.811771 0.000000 -4.154540 -1.122782
65430 -1386719.811771 0.000000 -4.154540 -1.122781
64853 -1386719.811770 0.000000 -4.154539 -1.122781
64742 -1386719.811771 0.000000 -4.154539 -1.122781
64114 -1386719.811771 0.000000 -4.154540 -1.122782
64035 -1386719.811771 0.000000 -4.154539 -1.122781
63620 -1386719.811771 0.000000 -4.154539 -1.122781
63597 -1386719.811771 0.000000 -4.154539 -1.122781
6499 -1386719.810590 0.000000 -4.153359 -1.121600
6331 -1386719.810590 0.000000 -4.153359 -1.121601
5749 -1386719.810590 0.000000 -4.153358 -1.121600
5596 -1386719.810590 0.000000 -4.153359 -1.121600
5139 -1386719.810590 0.000000 -4.153359 -1.121600
5070 -1386719.810590 0.000000 -4.153358 -1.121600
4889 -1386719.810590 0.000000 -4.153359 -1.121601
26058 -1386719.810590 0.000000 -4.153358 -1.121600
25483 -1386719.810590 0.000000 -4.153358 -1.121600
25318 -1386719.810590 0.000000 -4.153358 -1.121600
24807 -1386719.810590 0.000000 -4.153358 -1.121600
24718 -1386719.810590 0.000000 -4.153359 -1.121601
24470 -1386719.810590 0.000000 -4.153358 -1.121600
45732 -1386719.810590 0.000000 -4.153359 -1.121600
45176 -1386719.810590 0.000000 -4.153359 -1.121601
45007 -1386719.810590 0.000000 -4.153358 -1.121600
44455 -1386719.810590 0.000000 -4.153358 -1.121600
44344 -1386719.810590 0.000000 -4.153358 -1.121600
44021 -1386719.810589 0.000000 -4.153358 -1.121600
43993 -1386719.810590 0.000000 -4.153359 -1.121600
64912 -1386719.810590 0.000000 -4.153358 -1.121600
64743 -1386719.810590 0.000000 -4.153359 -1.121600
64169 -1386719.810590 0.000000 -4.153359 -1.121600
64036 -1386719.810590 0.000000 -4.153359 -1.121600
63645 -1386719.810590 0.000000 -4.153359 -1.121600
63598 -1386719.810590 0.000000 -4.153359 -1.121600
6497 -1386719.815335 0.000000 -4.158104 -1.126345
6386 -1386719.815335 0.000000 -4.158104 -1.126345
5746 -1386719.815335 0.000000 -4.158103 -1.126345
5639 -1386719.815335 0.000000 -4.158104 -1.126345
5136 -1386719.815335 0.000000 -4.158104 -1.126345
5085 -1386719.815335 0.000000 -4.158103 -1.126345
4886 -1386719.815335 0.000000 -4.158104 -1.126345
26113 -1386719.815335 0.000000 -4.158104 -1.126345
25480 -1386719.815335 0.000000 -4.158104 -1.126346
25369 -1386719.815335 0.000000 -4.158104 -1.126345
24804 -1386719.815335 0.000000 -4.158104 -1.126345
24740 -1386719.815335 0.000000 -4.158104 -1.126345
24467 -1386719.815335 0.000000 -4.158104 -1.126345
45787 -1386719.815335 0.000000 -4.158104 -1.126345
45173 -1386719.815335 0.000000 -4.158104 -1.126345
45062 -1386719.815335 0.000000 -4.158104 -1.126346
44452 -1386719.815335 0.000000 -4.158104 -1.126345
44373 -1386719.815335 0.000000 -4.158103 -1.126345
44018 -1386719.815335 0.000000 -4.158104 -1.126345
43995 -1386719.815335 0.000000 -4.158104 -1.126345
64909 -1386719.815335 0.000000 -4.158104 -1.126345
64798 -1386719.815335 0.000000 -4.158104 -1.126345
64166 -1386719.815335 0.000000 -4.158104 -1.126345
64071 -1386719.815335 0.000000 -4.158104 -1.126345
63642 -1386719.815335 0.000000 -4.158104 -1.126346
63605 -1386719.815335 0.000000 -4.158104 -1.126346
141590 -1386719.861508 0.000000 -4.204277 -1.172519
6387 -1386719.861508 0.000000 -4.204277 -1.172518
5806 -1386719.861508 0.000000 -4.204277 -1.172518
5640 -1386719.861508 0.000000 -4.204277 -1.172518
5175 -1386719.861508 0.000000 -4.204277 -1.172518
5086 -1386719.861508 0.000000 -4.204277 -1.172518
4897 -1386719.861508 0.000000 -4.204277 -1.172519
26114 -1386719.861508 0.000000 -4.204277 -1.172519
25540 -1386719.861508 0.000000 -4.204277 -1.172518
25370 -1386719.861508 0.000000 -4.204277 -1.172519
24851 -1386719.861508 0.000000 -4.204277 -1.172518
24741 -1386719.861508 0.000000 -4.204277 -1.172518
24485 -1386719.861508 0.000000 -4.204277 -1.172518
24458 -1386719.861508 0.000000 -4.204277 -1.172519
45233 -1386719.861508 0.000000 -4.204277 -1.172518
45063 -1386719.861508 0.000000 -4.204276 -1.172518
44507 -1386719.861508 0.000000 -4.204277 -1.172519
44374 -1386719.861508 0.000000 -4.204277 -1.172518
44043 -1386719.861508 0.000000 -4.204277 -1.172519
43996 -1386719.861508 0.000000 -4.204277 -1.172519
64968 -1386719.861508 0.000000 -4.204277 -1.172519
64799 -1386719.861508 0.000000 -4.204277 -1.172518
64226 -1386719.861508 0.000000 -4.204277 -1.172518
64072 -1386719.861508 0.000000 -4.204277 -1.172518
63673 -1386719.861508 0.000000 -4.204277 -1.172519
63606 -1386719.861508 0.000000 -4.204277 -1.172519
6442 -1386719.878173 0.000000 -4.220942 -1.189183
5803 -1386719.878173 0.000000 -4.220941 -1.189183
5691 -1386719.878173 0.000000 -4.220942 -1.189183
5172 -1386719.878172 0.000000 -4.220941 -1.189183
5108 -1386719.878172 0.000000 -4.220941 -1.189183
4894 -1386719.878172 0.000000 -4.220941 -1.189183
26169 -1386719.878173 0.000000 -4.220941 -1.189183
25537 -1386719.878172 0.000000 -4.220941 -1.189183
25425 -1386719.878172 0.000000 -4.220941 -1.189183
24848 -1386719.878172 0.000000 -4.220941 -1.189183
24769 -1386719.878172 0.000000 -4.220941 -1.189183
24482 -1386719.878172 0.000000 -4.220941 -1.189183
24460 -1386719.878172 0.000000 -4.220941 -1.189183
45230 -1386719.878172 0.000000 -4.220941 -1.189183
45118 -1386719.878172 0.000000 -4.220941 -1.189183
44504 -1386719.878173 0.000000 -4.220942 -1.189183
44409 -1386719.878172 0.000000 -4.220941 -1.189183
44040 -1386719.878173 0.000000 -4.220942 -1.189183
44003 -1386719.878172 0.000000 -4.220941 -1.189183
64966 -1386719.878173 0.000000 -4.220942 -1.189183
64854 -1386719.878172 0.000000 -4.220941 -1.189183
64223 -1386719.878173 0.000000 -4.220941 -1.189183
64115 -1386719.878173 0.000000 -4.220941 -1.189183
63670 -1386719.878173 0.000000 -4.220942 -1.189183
63621 -1386719.878173 0.000000 -4.220942 -1.189183
63483 -1386719.878172 0.000000 -4.220941 -1.189183
141586 -1386720.248114 0.000000 -4.590883 -1.559125
6659 -1386720.248114 0.000000 -4.590883 -1.559124
5748 -1386720.248114 0.000000 -4.590883 -1.559124
5936 -1386720.248114 0.000000 -4.590883 -1.559124
5138 -1386720.248114 0.000000 -4.590883 -1.559124
5283 -1386720.248114 0.000000 -4.590883 -1.559124
4888 -1386720.248114 0.000000 -4.590883 -1.559124
26361 -1386720.248114 0.000000 -4.590883 -1.559124
25482 -1386720.248114 0.000000 -4.590883 -1.559124
25670 -1386720.248114 0.000000 -4.590883 -1.559124
24806 -1386720.248114 0.000000 -4.590883 -1.559125
24973 -1386720.248114 0.000000 -4.590883 -1.559124
24469 -1386720.248114 0.000000 -4.590883 -1.559124
24542 -1386720.248114 0.000000 -4.590883 -1.559124
45175 -1386720.248114 0.000000 -4.590883 -1.559124
45360 -1386720.248114 0.000000 -4.590883 -1.559124
44454 -1386720.248114 0.000000 -4.590883 -1.559124
44636 -1386720.248114 0.000000 -4.590883 -1.559124
44020 -1386720.248114 0.000000 -4.590883 -1.559124
44117 -1386720.248114 0.000000 -4.590883 -1.559124
64911 -1386720.248114 0.000000 -4.590883 -1.559124
65087 -1386720.248114 0.000000 -4.590883 -1.559124
64168 -1386720.248114 0.000000 -4.590883 -1.559124
64356 -1386720.248114 0.000000 -4.590883 -1.559124
63644 -1386720.248114 0.000000 -4.590883 -1.559124
63764 -1386720.248114 0.000000 -4.590883 -1.559124
6498 -1386719.912714 0.000000 -4.255483 -1.223725
162069 -1386719.912714 0.000000 -4.255483 -1.223725
5747 -1386719.912714 0.000000 -4.255483 -1.223725
161424 -1386719.912714 0.000000 -4.255483 -1.223725
5137 -1386719.912714 0.000000 -4.255483 -1.223725
161117 -1386719.912714 0.000000 -4.255483 -1.223725
4887 -1386719.912714 0.000000 -4.255483 -1.223725
181803 -1386719.912714 0.000000 -4.255483 -1.223725
25481 -1386719.912714 0.000000 -4.255483 -1.223725
181107 -1386719.912714 0.000000 -4.255483 -1.223725
24805 -1386719.912714 0.000000 -4.255483 -1.223725
180711 -1386719.912714 0.000000 -4.255483 -1.223725
24468 -1386719.912714 0.000000 -4.255483 -1.223725
201496 -1386719.912714 0.000000 -4.255483 -1.223725
45174 -1386719.912714 0.000000 -4.255483 -1.223725
200769 -1386719.912714 0.000000 -4.255483 -1.223725
44453 -1386719.912714 0.000000 -4.255483 -1.223725
200276 -1386719.912714 0.000000 -4.255483 -1.223725
44019 -1386719.912714 0.000000 -4.255483 -1.223725
200136 -1386719.912714 0.000000 -4.255483 -1.223725
64910 -1386719.912714 0.000000 -4.255483 -1.223725
220489 -1386719.912714 0.000000 -4.255483 -1.223725
64167 -1386719.912714 0.000000 -4.255483 -1.223725
219914 -1386719.912714 0.000000 -4.255483 -1.223725
63643 -1386719.912714 0.000000 -4.255483 -1.223725
219699 -1386719.912714 0.000000 -4.255483 -1.223725
6657 -1386720.650353 0.000000 -4.993122 -1.961364
5804 -1386720.650353 0.000000 -4.993122 -1.961364
5934 -1386720.650353 0.000000 -4.993122 -1.961364
5173 -1386720.650354 0.000000 -4.993123 -1.961364
5281 -1386720.650354 0.000000 -4.993123 -1.961364
4895 -1386720.650354 0.000000 -4.993123 -1.961364
26360 -1386720.650353 0.000000 -4.993122 -1.961364
25538 -1386720.650354 0.000000 -4.993123 -1.961364
25668 -1386720.650353 0.000000 -4.993122 -1.961364
24849 -1386720.650354 0.000000 -4.993123 -1.961364
24971 -1386720.650353 0.000000 -4.993122 -1.961364
24483 -1386720.650353 0.000000 -4.993122 -1.961364
24540 -1386720.650353 0.000000 -4.993122 -1.961364
45231 -1386720.650353 0.000000 -4.993122 -1.961364
45358 -1386720.650353 0.000000 -4.993122 -1.961364
44505 -1386720.650353 0.000000 -4.993122 -1.961364
44634 -1386720.650354 0.000000 -4.993123 -1.961364
44041 -1386720.650353 0.000000 -4.993122 -1.961364
44115 -1386720.650354 0.000000 -4.993123 -1.961364
64967 -1386720.650353 0.000000 -4.993122 -1.961364
65085 -1386720.650354 0.000000 -4.993122 -1.961364
64224 -1386720.650353 0.000000 -4.993122 -1.961364
64354 -1386720.650354 0.000000 -4.993122 -1.961364
63671 -1386720.650354 0.000000 -4.993123 -1.961364
63762 -1386720.650353 0.000000 -4.993122 -1.961364
63484 -1386720.650353 0.000000 -4.993122 -1.961364
6704 -1386720.652419 0.000000 -4.995188 -1.963429
5805 -1386720.652419 0.000000 -4.995188 -1.963429
5980 -1386720.652419 0.000000 -4.995188 -1.963430
5174 -1386720.652419 0.000000 -4.995188 -1.963429
5305 -1386720.652419 0.000000 -4.995188 -1.963429
4896 -1386720.652419 0.000000 -4.995188 -1.963430
4941 -1386720.652419 0.000000 -4.995188 -1.963429
25539 -1386720.652419 0.000000 -4.995188 -1.963430
25716 -1386720.652419 0.000000 -4.995188 -1.963430
24850 -1386720.652419 0.000000 -4.995188 -1.963430
25001 -1386720.652419 0.000000 -4.995188 -1.963430
24484 -1386720.652419 0.000000 -4.995188 -1.963429
24548 -1386720.652419 0.000000 -4.995188 -1.963430
45232 -1386720.652419 0.000000 -4.995188 -1.963429
45406 -1386720.652419 0.000000 -4.995188 -1.963429
44506 -1386720.652419 0.000000 -4.995188 -1.963430
44670 -1386720.652419 0.000000 -4.995188 -1.963430
44042 -1386720.652419 0.000000 -4.995188 -1.963430
44129 -1386720.652419 0.000000 -4.995188 -1.963430
43927 -1386720.652419 0.000000 -4.995188 -1.963430
65133 -1386720.652419 0.000000 -4.995188 -1.963429
64225 -1386720.652419 0.000000 -4.995188 -1.963430
64395 -1386720.652419 0.000000 -4.995188 -1.963429
63672 -1386720.652419 0.000000 -4.995188 -1.963430
63780 -1386720.652419 0.000000 -4.995188 -1.963430
63485 -1386720.652419 0.000000 -4.995188 -1.963430
6702 -1386720.678321 0.000000 -5.021090 -1.989332
5862 -1386720.678321 0.000000 -5.021090 -1.989332
5977 -1386720.678322 0.000000 -5.021090 -1.989332
5217 -1386720.678322 0.000000 -5.021091 -1.989332
5302 -1386720.678322 0.000000 -5.021090 -1.989332
4910 -1386720.678321 0.000000 -5.021090 -1.989332
4938 -1386720.678322 0.000000 -5.021091 -1.989332
25596 -1386720.678321 0.000000 -5.021090 -1.989332
25713 -1386720.678322 0.000000 -5.021091 -1.989332
24900 -1386720.678321 0.000000 -5.021090 -1.989332
24998 -1386720.678321 0.000000 -5.021090 -1.989332
24504 -1386720.678321 0.000000 -5.021090 -1.989332
24545 -1386720.678322 0.000000 -5.021090 -1.989332
45289 -1386720.678321 0.000000 -5.021090 -1.989332
45403 -1386720.678322 0.000000 -5.021090 -1.989332
44562 -1386720.678321 0.000000 -5.021090 -1.989332
44667 -1386720.678322 0.000000 -5.021091 -1.989333
44069 -1386720.678321 0.000000 -5.021090 -1.989332
44126 -1386720.678321 0.000000 -5.021090 -1.989332
43929 -1386720.678321 0.000000 -5.021090 -1.989332
65130 -1386720.678321 0.000000 -5.021090 -1.989332
64282 -1386720.678322 0.000000 -5.021091 -1.989333
64392 -1386720.678321 0.000000 -5.021090 -1.989332
63707 -1386720.678321 0.000000 -5.021090 -1.989332
63777 -1386720.678321 0.000000 -5.021090 -1.989332
63492 -1386720.678321 0.000000 -5.021090 -1.989332
6443 -1386719.873899 0.000000 -4.216668 -1.184910
5864 -1386719.873899 0.000000 -4.216668 -1.184910
5692 -1386719.873899 0.000000 -4.216668 -1.184910
5219 -1386719.873899 0.000000 -4.216668 -1.184910
5109 -1386719.873899 0.000000 -4.216668 -1.184910
4912 -1386719.873899 0.000000 -4.216668 -1.184910
4885 -1386719.873899 0.000000 -4.216668 -1.184910
25598 -1386719.873899 0.000000 -4.216668 -1.184910
25426 -1386719.873900 0.000000 -4.216668 -1.184910
24902 -1386719.873899 0.000000 -4.216668 -1.184910
24770 -1386719.873900 0.000000 -4.216668 -1.184910
24506 -1386719.873900 0.000000 -4.216669 -1.184910
24461 -1386719.873899 0.000000 -4.216668 -1.184910
45290 -1386719.873899 0.000000 -4.216668 -1.184910
45119 -1386719.873899 0.000000 -4.216668 -1.184910
44564 -1386719.873899 0.000000 -4.216668 -1.184910
44410 -1386719.873900 0.000000 -4.216669 -1.184910
44071 -1386719.873900 0.000000 -4.216669 -1.184910
44004 -1386719.873899 0.000000 -4.216668 -1.184910
43931 -1386719.873899 0.000000 -4.216668 -1.184910
64855 -1386719.873900 0.000000 -4.216669 -1.184910
64284 -1386719.873899 0.000000 -4.216668 -1.184910
64116 -1386719.873900 0.000000 -4.216668 -1.184910
63709 -1386719.873900 0.000000 -4.216669 -1.184910
63622 -1386719.873899 0.000000 -4.216668 -1.184910
63494 -1386719.873899 0.000000 -4.216668 -1.184910
141618 -1386721.118945 0.000000 -5.461714 -2.429955
5863 -1386721.118945 0.000000 -5.461714 -2.429955
6040 -1386721.118944 0.000000 -5.461713 -2.429955
5218 -1386721.118944 0.000000 -5.461713 -2.429955
5341 -1386721.118944 0.000000 -5.461713 -2.429955
4911 -1386721.118945 0.000000 -5.461714 -2.429955
4948 -1386721.118944 0.000000 -5.461713 -2.429955
25597 -1386721.118944 0.000000 -5.461713 -2.429955
25776 -1386721.118944 0.000000 -5.461713 -2.429955
24901 -1386721.118944 0.000000 -5.461713 -2.429955
25044 -1386721.118944 0.000000 -5.461713 -2.429955
24505 -1386721.118945 0.000000 -5.461714 -2.429955
24561 -1386721.118944 0.000000 -5.461713 -2.429955
24429 -1386721.118945 0.000000 -5.461714 -2.429955
45466 -1386721.118944 0.000000 -5.461713 -2.429955
44563 -1386721.118945 0.000000 -5.461714 -2.429955
44720 -1386721.118944 0.000000 -5.461713 -2.429955
44070 -1386721.118945 0.000000 -5.461714 -2.429955
44149 -1386721.118944 0.000000 -5.461713 -2.429955
43930 -1386721.118944 0.000000 -5.461713 -2.429955
65192 -1386721.118944 0.000000 -5.461713 -2.429955
64283 -1386721.118944 0.000000 -5.461713 -2.429955
64451 -1386721.118944 0.000000 -5.461713 -2.429955
63708 -1386721.118944 0.000000 -5.461713 -2.429955
63808 -1386721.118944 0.000000 -5.461713 -2.429955
63493 -1386721.118944 0.000000 -5.461713 -2.429955
5919 -1386722.051312 0.000000 -6.394080 -3.362322
6037 -1386722.051722 0.000000 -6.394491 -3.362733
5267 -1386722.051311 0.000000 -6.394080 -3.362322
5338 -1386722.051722 0.000000 -6.394491 -3.362733
4930 -1386722.051311 0.000000 -6.394080 -3.362322
4945 -1386722.051723 0.000000 -6.394491 -3.362733
25653 -1386722.051312 0.000000 -6.394080 -3.362322
25773 -1386722.051722 0.000000 -6.394491 -3.362733
24956 -1386722.051312 0.000000 -6.394081 -3.362322
25041 -1386722.051723 0.000000 -6.394491 -3.362733
24531 -1386722.051312 0.000000 -6.394081 -3.362322
24558 -1386722.051722 0.000000 -6.394491 -3.362733
24430 -1386722.051312 0.000000 -6.394080 -3.362322
45463 -1386722.051723 0.000000 -6.394491 -3.362733
44619 -1386722.051312 0.000000 -6.394081 -3.362322
44717 -1386722.051722 0.000000 -6.394491 -3.362733
44104 -1386722.051312 0.000000 -6.394081 -3.362322
44146 -1386722.051722 0.000000 -6.394491 -3.362733
43936 -1386722.051311 0.000000 -6.394080 -3.362322
65190 -1386722.051722 0.000000 -6.394491 -3.362733
64339 -1386722.051312 0.000000 -6.394081 -3.362322
64448 -1386722.051722 0.000000 -6.394491 -3.362733
63750 -1386722.051311 0.000000 -6.394080 -3.362322
63805 -1386722.051722 0.000000 -6.394491 -3.362733
63505 -1386722.051312 0.000000 -6.394081 -3.362322
63511 -1386722.051722 0.000000 -6.394491 -3.362733
6444 -1386721.534270 0.000000 -5.877039 -2.845281
5544 -1386721.118551 0.000000 -5.461320 -2.429562
5693 -1386721.534271 0.000000 -5.877040 -2.845281
5039 -1386721.118551 0.000000 -5.461320 -2.429562
5110 -1386721.534271 0.000000 -5.877040 -2.845281
4880 -1386721.118551 0.000000 -5.461320 -2.429562
26170 -1386721.534270 0.000000 -5.877039 -2.845281
25264 -1386721.118551 0.000000 -5.461320 -2.429562
25427 -1386721.534270 0.000000 -5.877039 -2.845281
24680 -1386721.118551 0.000000 -5.461320 -2.429562
24771 -1386721.534270 0.000000 -5.877039 -2.845281
24447 -1386721.118551 0.000000 -5.461320 -2.429562
24462 -1386721.534270 0.000000 -5.877039 -2.845281
44951 -1386721.118551 0.000000 -5.461320 -2.429562
45120 -1386721.534270 0.000000 -5.877039 -2.845281
44298 -1386721.118551 0.000000 -5.461320 -2.429562
44411 -1386721.534270 0.000000 -5.877039 -2.845281
43976 -1386721.118551 0.000000 -5.461320 -2.429562
44005 -1386721.534270 0.000000 -5.877039 -2.845281
64686 -1386721.118551 0.000000 -5.461320 -2.429562
64856 -1386721.534270 0.000000 -5.877039 -2.845281
63985 -1386721.118551 0.000000 -5.461320 -2.429562
64117 -1386721.534270 0.000000 -5.877039 -2.845281
63575 -1386721.118551 0.000000 -5.461320 -2.429562
63623 -1386721.534270 0.000000 -5.877039 -2.845281
63481 -1386721.118551 0.000000 -5.461320 -2.429562
6274 -1386720.678234 0.000000 -5.021003 -1.989245
6385 -1386720.632797 0.000000 -4.975566 -1.943808
5543 -1386720.678233 0.000000 -5.021002 -1.989244
5638 -1386720.632797 0.000000 -4.975566 -1.943808
5038 -1386720.678233 0.000000 -5.021002 -1.989244
5084 -1386720.632797 0.000000 -4.975566 -1.943808
4879 -1386720.678233 0.000000 -5.021002 -1.989244
26112 -1386720.632798 0.000000 -4.975566 -1.943808
25263 -1386720.678233 0.000000 -5.021002 -1.989244
25368 -1386720.632797 0.000000 -4.975566 -1.943808
24679 -1386720.678233 0.000000 -5.021002 -1.989244
24739 -1386720.632797 0.000000 -4.975566 -1.943808
24446 -1386720.678233 0.000000 -5.021002 -1.989244
45786 -1386720.632797 0.000000 -4.975566 -1.943808
44950 -1386720.678233 0.000000 -5.021002 -1.989244
45061 -1386720.632797 0.000000 -4.975566 -1.943808
44297 -1386720.678234 0.000000 -5.021002 -1.989244
44372 -1386720.632798 0.000000 -4.975567 -1.943808
43975 -1386720.678234 0.000000 -5.021003 -1.989245
43994 -1386720.632797 0.000000 -4.975566 -1.943808
64685 -1386720.678234 0.000000 -5.021002 -1.989244
64797 -1386720.632798 0.000000 -4.975566 -1.943808
63984 -1386720.678233 0.000000 -5.021002 -1.989244
64070 -1386720.632798 0.000000 -4.975566 -1.943808
63574 -1386720.678233 0.000000 -5.021002 -1.989244
63604 -1386720.632797 0.000000 -4.975566 -1.943808
6217 -1386719.767086 0.000000 -4.109855 -1.078097
6102 -1386719.766621 0.000000 -4.109389 -1.077631
5486 -1386719.767086 0.000000 -4.109855 -1.078097
5386 -1386719.766620 0.000000 -4.109389 -1.077631
5006 -1386719.767086 0.000000 -4.109855 -1.078097
4963 -1386719.766620 0.000000 -4.109389 -1.077631
25951 -1386719.767087 0.000000 -4.109856 -1.078097
25838 -1386719.766620 0.000000 -4.109389 -1.077631
25206 -1386719.767086 0.000000 -4.109855 -1.078097
25095 -1386719.766620 0.000000 -4.109389 -1.077631
24641 -1386719.767086 0.000000 -4.109855 -1.078097
24583 -1386719.766620 0.000000 -4.109389 -1.077631
24437 -1386719.767086 0.000000 -4.109855 -1.078097
45528 -1386719.766620 0.000000 -4.109389 -1.077631
44893 -1386719.767087 0.000000 -4.109856 -1.078097
44778 -1386719.766620 0.000000 -4.109389 -1.077631
44252 -1386719.767086 0.000000 -4.109855 -1.078097
44179 -1386719.766620 0.000000 -4.109389 -1.077631
43958 -1386719.767086 0.000000 -4.109855 -1.078097
65249 -1386719.766620 0.000000 -4.109389 -1.077631
64628 -1386719.767086 0.000000 -4.109855 -1.078097
64513 -1386719.766620 0.000000 -4.109389 -1.077631
63931 -1386719.767086 0.000000 -4.109855 -1.078097
63846 -1386719.766620 0.000000 -4.109389 -1.077631
63549 -1386719.767087 0.000000 -4.109855 -1.078097
63522 -1386719.766620 0.000000 -4.109389 -1.077631
6219 -1386720.646295 0.000000 -4.989064 -1.957305
6388 -1386720.647018 0.000000 -4.989787 -1.958028
5488 -1386720.646295 0.000000 -4.989064 -1.957306
5641 -1386720.647017 0.000000 -4.989786 -1.958028
5008 -1386720.646295 0.000000 -4.989064 -1.957306
5087 -1386720.647018 0.000000 -4.989787 -1.958028
4877 -1386720.646295 0.000000 -4.989064 -1.957305
26115 -1386720.647017 0.000000 -4.989786 -1.958028
25208 -1386720.646295 0.000000 -4.989064 -1.957305
25371 -1386720.647017 0.000000 -4.989786 -1.958028
24643 -1386720.646295 0.000000 -4.989064 -1.957305
24742 -1386720.647017 0.000000 -4.989786 -1.958028
24439 -1386720.646295 0.000000 -4.989064 -1.957306
45788 -1386720.647017 0.000000 -4.989786 -1.958028
44895 -1386720.646295 0.000000 -4.989064 -1.957305
45064 -1386720.647017 0.000000 -4.989786 -1.958028
44254 -1386720.646295 0.000000 -4.989064 -1.957306
44375 -1386720.647017 0.000000 -4.989786 -1.958028
43960 -1386720.646295 0.000000 -4.989064 -1.957305
43997 -1386720.647017 0.000000 -4.989786 -1.958028
64630 -1386720.646295 0.000000 -4.989064 -1.957305
64800 -1386720.647017 0.000000 -4.989786 -1.958028
63933 -1386720.646295 0.000000 -4.989064 -1.957305
64073 -1386720.647017 0.000000 -4.989786 -1.958028
63551 -1386720.646295 0.000000 -4.989064 -1.957305
63607 -1386720.647017 0.000000 -4.989786 -1.958028
6218 -1386720.617580 0.000000 -4.960349 -1.928590
6329 -1386720.616934 0.000000 -4.959703 -1.927944
5487 -1386720.617579 0.000000 -4.960348 -1.928590
5594 -1386720.616933 0.000000 -4.959702 -1.927944
5007 -1386720.617579 0.000000 -4.960348 -1.928590
5068 -1386720.616933 0.000000 -4.959702 -1.927944
25952 -1386720.617579 0.000000 -4.960348 -1.928590
26056 -1386720.616933 0.000000 -4.959702 -1.927944
25207 -1386720.617579 0.000000 -4.960348 -1.928590
25316 -1386720.616933 0.000000 -4.959702 -1.927944
24642 -1386720.617579 0.000000 -4.960348 -1.928590
24716 -1386720.616933 0.000000 -4.959702 -1.927944
24438 -1386720.617579 0.000000 -4.960348 -1.928590
45730 -1386720.616934 0.000000 -4.959703 -1.927944
44894 -1386720.617579 0.000000 -4.960348 -1.928590
45005 -1386720.616933 0.000000 -4.959702 -1.927944
44253 -1386720.617579 0.000000 -4.960348 -1.928590
44342 -1386720.616933 0.000000 -4.959702 -1.927944
43959 -1386720.617579 0.000000 -4.960348 -1.928590
65429 -1386720.616933 0.000000 -4.959702 -1.927944
64629 -1386720.617579 0.000000 -4.960348 -1.928590
64741 -1386720.616933 0.000000 -4.959702 -1.927944
63932 -1386720.617579 0.000000 -4.960348 -1.928590
64034 -1386720.616933 0.000000 -4.959702 -1.927944
63550 -1386720.617579 0.000000 -4.960348 -1.928590
63596 -1386720.616933 0.000000 -4.959702 -1.927944
6161 -1386720.636245 0.000000 -4.979014 -1.947256
6332 -1386720.636470 0.000000 -4.979239 -1.947481
5434 -1386720.636245 0.000000 -4.979014 -1.947256
5597 -1386720.636471 0.000000 -4.979240 -1.947481
4982 -1386720.636246 0.000000 -4.979015 -1.947257
5071 -1386720.636470 0.000000 -4.979239 -1.947481
25897 -1386720.636246 0.000000 -4.979015 -1.947257
26059 -1386720.636470 0.000000 -4.979239 -1.947481
25150 -1386720.636246 0.000000 -4.979015 -1.947257
25319 -1386720.636471 0.000000 -4.979239 -1.947481
24610 -1386720.636246 0.000000 -4.979015 -1.947257
24719 -1386720.636471 0.000000 -4.979240 -1.947481
24434 -1386720.636246 0.000000 -4.979014 -1.947256
45733 -1386720.636470 0.000000 -4.979239 -1.947481
44837 -1386720.636246 0.000000 -4.979014 -1.947256
45008 -1386720.636470 0.000000 -4.979239 -1.947481
44214 -1386720.636246 0.000000 -4.979015 -1.947257
44345 -1386720.636470 0.000000 -4.979239 -1.947481
43950 -1386720.636246 0.000000 -4.979014 -1.947256
65431 -1386720.636470 0.000000 -4.979239 -1.947481
64572 -1386720.636246 0.000000 -4.979015 -1.947256
64744 -1386720.636470 0.000000 -4.979239 -1.947481
63887 -1386720.636246 0.000000 -4.979015 -1.947257
64037 -1386720.636470 0.000000 -4.979239 -1.947481
63533 -1386720.636246 0.000000 -4.979015 -1.947257
63599 -1386720.636471 0.000000 -4.979240 -1.947481
162483 -1386719.876024 0.000000 -4.218793 -1.187035
6103 -1386719.870158 0.000000 -4.212927 -1.181169
161753 -1386719.876024 0.000000 -4.218793 -1.187035
5387 -1386719.870158 0.000000 -4.212927 -1.181168
161248 -1386719.876024 0.000000 -4.218793 -1.187035
4964 -1386719.870158 0.000000 -4.212927 -1.181169
161089 -1386719.876024 0.000000 -4.218793 -1.187035
25839 -1386719.870158 0.000000 -4.212927 -1.181169
181473 -1386719.876025 0.000000 -4.218793 -1.187035
25096 -1386719.870158 0.000000 -4.212927 -1.181169
180889 -1386719.876024 0.000000 -4.218793 -1.187035
24584 -1386719.870158 0.000000 -4.212927 -1.181168
180656 -1386719.876024 0.000000 -4.218793 -1.187035
45529 -1386719.870158 0.000000 -4.212927 -1.181169
201160 -1386719.876024 0.000000 -4.218793 -1.187035
44779 -1386719.870158 0.000000 -4.212927 -1.181169
200507 -1386719.876024 0.000000 -4.218793 -1.187035
44180 -1386719.870158 0.000000 -4.212927 -1.181169
200185 -1386719.876024 0.000000 -4.218793 -1.187035
43945 -1386719.870158 0.000000 -4.212927 -1.181169
220895 -1386719.876024 0.000000 -4.218793 -1.187035
64514 -1386719.870158 0.000000 -4.212927 -1.181169
220194 -1386719.876024 0.000000 -4.218793 -1.187035
63847 -1386719.870158 0.000000 -4.212927 -1.181169
219784 -1386719.876024 0.000000 -4.218793 -1.187035
63523 -1386719.870158 0.000000 -4.212927 -1.181169
6955 -1386719.890911 0.000000 -4.233680 -1.201922
6160 -1386719.889497 0.000000 -4.232266 -1.200508
6315 -1386719.890912 0.000000 -4.233681 -1.201922
5433 -1386719.889497 0.000000 -4.232266 -1.200508
5585 -1386719.890911 0.000000 -4.233680 -1.201922
4981 -1386719.889497 0.000000 -4.232266 -1.200508
5066 -1386719.890912 0.000000 -4.233680 -1.201922
25896 -1386719.889497 0.000000 -4.232266 -1.200508
26042 -1386719.890911 0.000000 -4.233680 -1.201922
25149 -1386719.889497 0.000000 -4.232266 -1.200508
25305 -1386719.890912 0.000000 -4.233680 -1.201922
24609 -1386719.889497 0.000000 -4.232266 -1.200508
24712 -1386719.890911 0.000000 -4.233680 -1.201922
45584 -1386719.889497 0.000000 -4.232266 -1.200508
45716 -1386719.890912 0.000000 -4.233680 -1.201922
44836 -1386719.889498 0.000000 -4.232266 -1.200508
44992 -1386719.890911 0.000000 -4.233680 -1.201922
44213 -1386719.889497 0.000000 -4.232266 -1.200508
44336 -1386719.890912 0.000000 -4.233681 -1.201922
43949 -1386719.889497 0.000000 -4.232266 -1.200508
65415 -1386719.890912 0.000000 -4.233680 -1.201922
64571 -1386719.889497 0.000000 -4.232266 -1.200508
64727 -1386719.890912 0.000000 -4.233680 -1.201922
63886 -1386719.889497 0.000000 -4.232266 -1.200508
64026 -1386719.890912 0.000000 -4.233680 -1.201922
63532 -1386719.889497 0.000000 -4.232266 -1.200508
6220 -1386720.057011 0.000000 -4.399780 -1.368021
6043 -1386722.151753 0.000000 -6.494522 -3.462764
5489 -1386720.057011 0.000000 -4.399780 -1.368021
5344 -1386720.056362 0.000000 -4.399131 -1.367372
5009 -1386720.057011 0.000000 -4.399780 -1.368022
4951 -1386720.056361 0.000000 -4.399130 -1.367372
25953 -1386720.057011 0.000000 -4.399779 -1.368021
25779 -1386720.056362 0.000000 -4.399130 -1.367372
25209 -1386720.057011 0.000000 -4.399780 -1.368021
25047 -1386720.056362 0.000000 -4.399131 -1.367372
24644 -1386720.057011 0.000000 -4.399780 -1.368021
24564 -1386720.056362 0.000000 -4.399130 -1.367372
24440 -1386720.057011 0.000000 -4.399780 -1.368021
45469 -1386720.056362 0.000000 -4.399131 -1.367372
44896 -1386720.057011 0.000000 -4.399780 -1.368022
44723 -1386720.056362 0.000000 -4.399131 -1.367372
44255 -1386720.057010 0.000000 -4.399779 -1.368021
44152 -1386720.056362 0.000000 -4.399131 -1.367372
43961 -1386720.057011 0.000000 -4.399780 -1.368021
65195 -1386720.056361 0.000000 -4.399130 -1.367372
64631 -1386720.057011 0.000000 -4.399780 -1.368021
64454 -1386720.056361 0.000000 -4.399130 -1.367372
63934 -1386720.057011 0.000000 -4.399779 -1.368021
63811 -1386720.056362 0.000000 -4.399131 -1.367372
63552 -1386720.057011 0.000000 -4.399780 -1.368021
63516 -1386720.056362 0.000000 -4.399131 -1.367372
6761 -1386719.699154 0.000000 -4.041923 -1.010165
6159 -1386719.699208 0.000000 -4.041977 -1.010219
6042 -1386719.699154 0.000000 -4.041923 -1.010165
5432 -1386719.699208 0.000000 -4.041977 -1.010219
5343 -1386719.699154 0.000000 -4.041923 -1.010165
4980 -1386719.699208 0.000000 -4.041977 -1.010219
4950 -1386719.699154 0.000000 -4.041923 -1.010165
25895 -1386719.699208 0.000000 -4.041977 -1.010219
25778 -1386719.699154 0.000000 -4.041923 -1.010165
25148 -1386719.699208 0.000000 -4.041977 -1.010219
25046 -1386719.699154 0.000000 -4.041923 -1.010165
24608 -1386719.699208 0.000000 -4.041977 -1.010219
24563 -1386719.699154 0.000000 -4.041923 -1.010165
45583 -1386719.699208 0.000000 -4.041977 -1.010219
45468 -1386719.699154 0.000000 -4.041923 -1.010165
44835 -1386719.699208 0.000000 -4.041977 -1.010219
44722 -1386719.699154 0.000000 -4.041923 -1.010165
44212 -1386719.699208 0.000000 -4.041977 -1.010219
44151 -1386719.699154 0.000000 -4.041923 -1.010165
43948 -1386719.699208 0.000000 -4.041977 -1.010219
65194 -1386719.699155 0.000000 -4.041923 -1.010165
64570 -1386719.699208 0.000000 -4.041977 -1.010219
64453 -1386719.699154 0.000000 -4.041923 -1.010165
63885 -1386719.699208 0.000000 -4.041977 -1.010219
63810 -1386719.699154 0.000000 -4.041923 -1.010165
63531 -1386719.699208 0.000000 -4.041977 -1.010219
6707 -1386719.791967 0.000000 -4.134736 -1.102978
6162 -1386719.810647 0.000000 -4.153416 -1.121658
5983 -1386719.791968 0.000000 -4.134736 -1.102978
5435 -1386719.810647 0.000000 -4.153416 -1.121658
5308 -1386719.791968 0.000000 -4.134736 -1.102978
4983 -1386719.810647 0.000000 -4.153416 -1.121658
4944 -1386719.791968 0.000000 -4.134736 -1.102978
25898 -1386719.810647 0.000000 -4.153416 -1.121658
25719 -1386719.791968 0.000000 -4.134737 -1.102978
25151 -1386719.810647 0.000000 -4.153416 -1.121658
25004 -1386719.791967 0.000000 -4.134736 -1.102978
24611 -1386719.810647 0.000000 -4.153416 -1.121658
24551 -1386719.791968 0.000000 -4.134737 -1.102978
45585 -1386719.810647 0.000000 -4.153416 -1.121658
45409 -1386719.791968 0.000000 -4.134737 -1.102978
44838 -1386719.810647 0.000000 -4.153416 -1.121658
44673 -1386719.791968 0.000000 -4.134736 -1.102978
44215 -1386719.810647 0.000000 -4.153416 -1.121658
44132 -1386719.791968 0.000000 -4.134736 -1.102978
43951 -1386719.810647 0.000000 -4.153416 -1.121658
65136 -1386719.791968 0.000000 -4.134736 -1.102978
64573 -1386719.810647 0.000000 -4.153416 -1.121658
64398 -1386719.791967 0.000000 -4.134736 -1.102978
63888 -1386719.810647 0.000000 -4.153416 -1.121658
63783 -1386719.791967 0.000000 -4.134736 -1.102978
63534 -1386719.810647 0.000000 -4.153416 -1.121658
6706 -1386720.219400 0.000000 -4.562169 -1.530411
6101 -1386719.790429 0.000000 -4.133198 -1.101439
5982 -1386720.219400 0.000000 -4.562169 -1.530411
5385 -1386719.790429 0.000000 -4.133198 -1.101440
5307 -1386720.219400 0.000000 -4.562169 -1.530411
4962 -1386719.790429 0.000000 -4.133198 -1.101439
4943 -1386720.219400 0.000000 -4.562169 -1.530411
25837 -1386719.790429 0.000000 -4.133198 -1.101440
25718 -1386720.219400 0.000000 -4.562169 -1.530411
25094 -1386719.790429 0.000000 -4.133198 -1.101439
25003 -1386720.219400 0.000000 -4.562169 -1.530411
24582 -1386719.790429 0.000000 -4.133198 -1.101439
24550 -1386720.219401 0.000000 -4.562170 -1.530411
45527 -1386719.790429 0.000000 -4.133198 -1.101439
45408 -1386720.219400 0.000000 -4.562169 -1.530411
44777 -1386719.790429 0.000000 -4.133198 -1.101439
44672 -1386720.219400 0.000000 -4.562169 -1.530411
44178 -1386719.790429 0.000000 -4.133198 -1.101439
44131 -1386720.219400 0.000000 -4.562169 -1.530411
43944 -1386719.790429 0.000000 -4.133198 -1.101439
65135 -1386720.219400 0.000000 -4.562169 -1.530411
64512 -1386719.790429 0.000000 -4.133198 -1.101439
64397 -1386720.219400 0.000000 -4.562169 -1.530411
63845 -1386719.790429 0.000000 -4.133198 -1.101440
63782 -1386720.219400 0.000000 -4.562169 -1.530411
63521 -1386719.790429 0.000000 -4.133198 -1.101439
6661 -1386721.547889 0.000000 -5.890658 -2.858899
6104 -1386719.927038 0.000000 -4.269807 -1.238049
5938 -1386721.547889 0.000000 -5.890658 -2.858899
5388 -1386719.927038 0.000000 -4.269807 -1.238049
5285 -1386721.547889 0.000000 -5.890658 -2.858899
4965 -1386719.927038 0.000000 -4.269807 -1.238049
26363 -1386721.547889 0.000000 -5.890658 -2.858899
25840 -1386719.927038 0.000000 -4.269807 -1.238049
25672 -1386721.547888 0.000000 -5.890657 -2.858899
25097 -1386719.927038 0.000000 -4.269807 -1.238049
24975 -1386721.547889 0.000000 -5.890657 -2.858899
24585 -1386719.927038 0.000000 -4.269807 -1.238049
24544 -1386721.547889 0.000000 -5.890658 -2.858899
45530 -1386719.927038 0.000000 -4.269807 -1.238049
45362 -1386721.547889 0.000000 -5.890658 -2.858899
44780 -1386719.927038 0.000000 -4.269807 -1.238049
44638 -1386721.547889 0.000000 -5.890658 -2.858899
44181 -1386719.927038 0.000000 -4.269807 -1.238049
44119 -1386721.547889 0.000000 -5.890657 -2.858899
65250 -1386719.927038 0.000000 -4.269807 -1.238049
65089 -1386721.547889 0.000000 -5.890658 -2.858899
64515 -1386719.927038 0.000000 -4.269807 -1.238049
64358 -1386721.547888 0.000000 -5.890657 -2.858899
63848 -1386719.927038 0.000000 -4.269807 -1.238049
63766 -1386721.547889 0.000000 -5.890657 -2.858899
63524 -1386719.927038 0.000000 -4.269807 -1.238049
6708 -1386721.734986 0.000000 -6.077755 -3.045997
5809 -1386719.674468 0.000000 -4.017237 -0.985478
5984 -1386721.734986 0.000000 -6.077755 -3.045997
5178 -1386719.674467 0.000000 -4.017236 -0.985478
5309 -1386721.734986 0.000000 -6.077755 -3.045996
4900 -1386719.674467 0.000000 -4.017236 -0.985478
26404 -1386721.734986 0.000000 -6.077755 -3.045997
25543 -1386719.674467 0.000000 -4.017236 -0.985478
25720 -1386721.734986 0.000000 -6.077755 -3.045997
24854 -1386719.674467 0.000000 -4.017236 -0.985478
25005 -1386721.734986 0.000000 -6.077755 -3.045997
24488 -1386719.674467 0.000000 -4.017236 -0.985478
24552 -1386721.734986 0.000000 -6.077754 -3.045996
45236 -1386719.674467 0.000000 -4.017236 -0.985478
45410 -1386721.734985 0.000000 -6.077754 -3.045996
44510 -1386719.674467 0.000000 -4.017236 -0.985478
44674 -1386721.734986 0.000000 -6.077755 -3.045996
44046 -1386719.674467 0.000000 -4.017236 -0.985478
44133 -1386721.734985 0.000000 -6.077754 -3.045996
64971 -1386719.674467 0.000000 -4.017236 -0.985478
65137 -1386721.734986 0.000000 -6.077755 -3.045997
64229 -1386719.674467 0.000000 -4.017236 -0.985478
64399 -1386721.734986 0.000000 -6.077755 -3.045997
63676 -1386719.674467 0.000000 -4.017236 -0.985478
63784 -1386721.734986 0.000000 -6.077755 -3.045996
63489 -1386719.674467 0.000000 -4.017236 -0.985478
6660 -1386721.471601 0.000000 -5.814370 -2.782612
5808 -1386719.539187 0.000000 -3.881956 -0.850198
5937 -1386721.471601 0.000000 -5.814370 -2.782612
5177 -1386719.539187 0.000000 -3.881956 -0.850198
5284 -1386721.471601 0.000000 -5.814370 -2.782611
4899 -1386719.539187 0.000000 -3.881956 -0.850198
26362 -1386721.471601 0.000000 -5.814370 -2.782611
25542 -1386719.539187 0.000000 -3.881956 -0.850198
25671 -1386721.471601 0.000000 -5.814370 -2.782612
24853 -1386719.539187 0.000000 -3.881956 -0.850198
24974 -1386721.471601 0.000000 -5.814370 -2.782612
24487 -1386719.539187 0.000000 -3.881956 -0.850198
24543 -1386721.471601 0.000000 -5.814370 -2.782611
45235 -1386719.539187 0.000000 -3.881956 -0.850198
45361 -1386721.471601 0.000000 -5.814370 -2.782612
44509 -1386719.539187 0.000000 -3.881956 -0.850198
44637 -1386721.471601 0.000000 -5.814370 -2.782612
44045 -1386719.539187 0.000000 -3.881956 -0.850198
44118 -1386721.471601 0.000000 -5.814370 -2.782611
64970 -1386719.539187 0.000000 -3.881956 -0.850198
65088 -1386721.471601 0.000000 -5.814370 -2.782612
64228 -1386719.539187 0.000000 -3.881956 -0.850198
64357 -1386721.471601 0.000000 -5.814370 -2.782612
63675 -1386719.539187 0.000000 -3.881956 -0.850198
63765 -1386721.471601 0.000000 -5.814370 -2.782612
63488 -1386719.539187 0.000000 -3.881956 -0.850198
6502 -1386719.654593 0.000000 -3.997362 -0.965604
6662 -1386721.432941 0.000000 -5.775709 -2.743951
5752 -1386719.654593 0.000000 -3.997362 -0.965604
5939 -1386721.432941 0.000000 -5.775710 -2.743951
5142 -1386719.654593 0.000000 -3.997362 -0.965604
5286 -1386721.432941 0.000000 -5.775710 -2.743951
4892 -1386719.654593 0.000000 -3.997362 -0.965604
26364 -1386721.432941 0.000000 -5.775710 -2.743951
25486 -1386719.654593 0.000000 -3.997362 -0.965604
25673 -1386721.432941 0.000000 -5.775710 -2.743951
24810 -1386719.654593 0.000000 -3.997362 -0.965604
24976 -1386721.432941 0.000000 -5.775710 -2.743951
24473 -1386719.654593 0.000000 -3.997362 -0.965604
46004 -1386721.432941 0.000000 -5.775710 -2.743951
45179 -1386719.654593 0.000000 -3.997362 -0.965604
45363 -1386721.432941 0.000000 -5.775710 -2.743951
44458 -1386719.654593 0.000000 -3.997362 -0.965604
44639 -1386721.432941 0.000000 -5.775710 -2.743951
44024 -1386719.654593 0.000000 -3.997362 -0.965604
44120 -1386721.432940 0.000000 -5.775709 -2.743951
64915 -1386719.654593 0.000000 -3.997362 -0.965604
65090 -1386721.432941 0.000000 -5.775710 -2.743951
64172 -1386719.654593 0.000000 -3.997362 -0.965604
64359 -1386721.432941 0.000000 -5.775709 -2.743951
63648 -1386719.654593 0.000000 -3.997362 -0.965604
63767 -1386721.432940 0.000000 -5.775709 -2.743951
6501 -1386719.546372 0.000000 -3.889141 -0.857383
162073 -1386720.112402 0.000000 -4.455171 -1.423413
5751 -1386719.546372 0.000000 -3.889141 -0.857383
161428 -1386720.112402 0.000000 -4.455171 -1.423413
5141 -1386719.546372 0.000000 -3.889141 -0.857383
161121 -1386720.112402 0.000000 -4.455171 -1.423412
4891 -1386719.546372 0.000000 -3.889141 -0.857383
181807 -1386720.112402 0.000000 -4.455171 -1.423412
25485 -1386719.546372 0.000000 -3.889141 -0.857383
181111 -1386720.112402 0.000000 -4.455171 -1.423413
24809 -1386719.546372 0.000000 -3.889141 -0.857383
180715 -1386720.112402 0.000000 -4.455171 -1.423412
24472 -1386719.546372 0.000000 -3.889141 -0.857383
201499 -1386720.112402 0.000000 -4.455171 -1.423412
45178 -1386719.546372 0.000000 -3.889141 -0.857383
200773 -1386720.112402 0.000000 -4.455171 -1.423412
44457 -1386719.546372 0.000000 -3.889141 -0.857383
200280 -1386720.112402 0.000000 -4.455171 -1.423413
44023 -1386719.546372 0.000000 -3.889141 -0.857383
200140 -1386720.112402 0.000000 -4.455171 -1.423412
64914 -1386719.546372 0.000000 -3.889141 -0.857383
220493 -1386720.112402 0.000000 -4.455171 -1.423412
64171 -1386719.546372 0.000000 -3.889141 -0.857383
219918 -1386720.112402 0.000000 -4.455171 -1.423412
63647 -1386719.546372 0.000000 -3.889141 -0.857383
219703 -1386720.112402 0.000000 -4.455171 -1.423412
6447 -1386720.654839 0.000000 -4.997608 -1.965850
5868 -1386719.509823 0.000000 -3.852592 -0.820833
5696 -1386720.654839 0.000000 -4.997608 -1.965850
5223 -1386719.509823 0.000000 -3.852591 -0.820833
5113 -1386720.654839 0.000000 -4.997608 -1.965850
4916 -1386719.509823 0.000000 -3.852591 -0.820833
26173 -1386720.654839 0.000000 -4.997608 -1.965850
25602 -1386719.509822 0.000000 -3.852591 -0.820833
25430 -1386720.654839 0.000000 -4.997608 -1.965850
24906 -1386719.509823 0.000000 -3.852592 -0.820834
24774 -1386720.654839 0.000000 -4.997608 -1.965850
24510 -1386719.509822 0.000000 -3.852591 -0.820833
24465 -1386720.654839 0.000000 -4.997608 -1.965850
45294 -1386719.509823 0.000000 -3.852592 -0.820833
45123 -1386720.654839 0.000000 -4.997608 -1.965850
44568 -1386719.509823 0.000000 -3.852591 -0.820833
44414 -1386720.654839 0.000000 -4.997608 -1.965850
44075 -1386719.509823 0.000000 -3.852592 -0.820833
44008 -1386720.654839 0.000000 -4.997608 -1.965850
65023 -1386719.509823 0.000000 -3.852591 -0.820833
64859 -1386720.654839 0.000000 -4.997608 -1.965850
64288 -1386719.509823 0.000000 -3.852591 -0.820833
64120 -1386720.654839 0.000000 -4.997608 -1.965850
63713 -1386719.509823 0.000000 -3.852591 -0.820833
63626 -1386720.654839 0.000000 -4.997608 -1.965850
63498 -1386719.509823 0.000000 -3.852592 -0.820833
6446 -1386719.741304 0.000000 -4.084073 -1.052314
5807 -1386719.562079 0.000000 -3.904848 -0.873089
5695 -1386719.741304 0.000000 -4.084073 -1.052315
5176 -1386719.562079 0.000000 -3.904847 -0.873089
5112 -1386719.741304 0.000000 -4.084073 -1.052314
4898 -1386719.562079 0.000000 -3.904848 -0.873089
26172 -1386719.741304 0.000000 -4.084073 -1.052314
25541 -1386719.562079 0.000000 -3.904848 -0.873089
25429 -1386719.741304 0.000000 -4.084073 -1.052315
24852 -1386719.562079 0.000000 -3.904848 -0.873089
24773 -1386719.741304 0.000000 -4.084073 -1.052314
24486 -1386719.562079 0.000000 -3.904848 -0.873089
24464 -1386719.741304 0.000000 -4.084073 -1.052315
45234 -1386719.562079 0.000000 -3.904848 -0.873089
45122 -1386719.741304 0.000000 -4.084073 -1.052315
44508 -1386719.562079 0.000000 -3.904848 -0.873089
44413 -1386719.741304 0.000000 -4.084073 -1.052315
44044 -1386719.562079 0.000000 -3.904848 -0.873089
44007 -1386719.741304 0.000000 -4.084073 -1.052314
64969 -1386719.562079 0.000000 -3.904848 -0.873089
64858 -1386719.741304 0.000000 -4.084073 -1.052314
64227 -1386719.562079 0.000000 -3.904847 -0.873089
64119 -1386719.741304 0.000000 -4.084073 -1.052314
63674 -1386719.562079 0.000000 -3.904848 -0.873089
63625 -1386719.741304 0.000000 -4.084073 -1.052314
63487 -1386719.562079 0.000000 -3.904848 -0.873089
6553 -1386719.520021 0.000000 -3.862790 -0.831032
6391 -1386719.542041 0.000000 -3.884810 -0.853052
5810 -1386719.520021 0.000000 -3.862790 -0.831032
5644 -1386719.542041 0.000000 -3.884810 -0.853052
5179 -1386719.520021 0.000000 -3.862790 -0.831032
5090 -1386719.542041 0.000000 -3.884810 -0.853052
4901 -1386719.520022 0.000000 -3.862790 -0.831032
26118 -1386719.542041 0.000000 -3.884810 -0.853052
25544 -1386719.520021 0.000000 -3.862790 -0.831032
25374 -1386719.542041 0.000000 -3.884810 -0.853052
24855 -1386719.520021 0.000000 -3.862790 -0.831032
24745 -1386719.542041 0.000000 -3.884810 -0.853052
24489 -1386719.520021 0.000000 -3.862790 -0.831032
45791 -1386719.542041 0.000000 -3.884810 -0.853052
45237 -1386719.520021 0.000000 -3.862790 -0.831032
45067 -1386719.542041 0.000000 -3.884810 -0.853052
44511 -1386719.520021 0.000000 -3.862790 -0.831032
44378 -1386719.542041 0.000000 -3.884810 -0.853052
44047 -1386719.520021 0.000000 -3.862790 -0.831032
44000 -1386719.542041 0.000000 -3.884810 -0.853052
64972 -1386719.520022 0.000000 -3.862790 -0.831032
64803 -1386719.542041 0.000000 -3.884810 -0.853052
64230 -1386719.520021 0.000000 -3.862790 -0.831032
64076 -1386719.542041 0.000000 -3.884810 -0.853052
63677 -1386719.520021 0.000000 -3.862790 -0.831032
63610 -1386719.542041 0.000000 -3.884810 -0.853052
6500 -1386719.534461 0.000000 -3.877230 -0.845472
6390 -1386719.534838 0.000000 -3.877607 -0.845848
5750 -1386719.534461 0.000000 -3.877230 -0.845472
5643 -1386719.534837 0.000000 -3.877606 -0.845848
5140 -1386719.534461 0.000000 -3.877230 -0.845472
5089 -1386719.534837 0.000000 -3.877606 -0.845848
4890 -1386719.534461 0.000000 -3.877230 -0.845472
26117 -1386719.534837 0.000000 -3.877606 -0.845848
25484 -1386719.534461 0.000000 -3.877230 -0.845472
25373 -1386719.534837 0.000000 -3.877606 -0.845848
24808 -1386719.534461 0.000000 -3.877230 -0.845472
24744 -1386719.534837 0.000000 -3.877606 -0.845848
24471 -1386719.534461 0.000000 -3.877230 -0.845472
45790 -1386719.534837 0.000000 -3.877606 -0.845848
45177 -1386719.534461 0.000000 -3.877230 -0.845472
45066 -1386719.534837 0.000000 -3.877606 -0.845848
44456 -1386719.534461 0.000000 -3.877230 -0.845472
44377 -1386719.534838 0.000000 -3.877607 -0.845848
44022 -1386719.534461 0.000000 -3.877230 -0.845472
43999 -1386719.534838 0.000000 -3.877607 -0.845848
64913 -1386719.534461 0.000000 -3.877230 -0.845472
64802 -1386719.534837 0.000000 -3.877606 -0.845848
64170 -1386719.534461 0.000000 -3.877230 -0.845472
64075 -1386719.534837 0.000000 -3.877606 -0.845848
63646 -1386719.534461 0.000000 -3.877230 -0.845472
63609 -1386719.534838 0.000000 -3.877607 -0.845848
6503 -1386719.843304 0.000000 -4.186073 -1.154315
6335 -1386719.842248 0.000000 -4.185017 -1.153259
5753 -1386719.843304 0.000000 -4.186073 -1.154315
5600 -1386719.842248 0.000000 -4.185017 -1.153259
5143 -1386719.843305 0.000000 -4.186074 -1.154315
5074 -1386719.842248 0.000000 -4.185017 -1.153259
26223 -1386719.843305 0.000000 -4.186073 -1.154315
26062 -1386719.842248 0.000000 -4.185017 -1.153259
25487 -1386719.843304 0.000000 -4.186073 -1.154315
25322 -1386719.842248 0.000000 -4.185017 -1.153259
24811 -1386719.843304 0.000000 -4.186073 -1.154315
24722 -1386719.842249 0.000000 -4.185017 -1.153259
24474 -1386719.843305 0.000000 -4.186073 -1.154315
45736 -1386719.842248 0.000000 -4.185017 -1.153259
45180 -1386719.843305 0.000000 -4.186073 -1.154315
45011 -1386719.842248 0.000000 -4.185017 -1.153259
44459 -1386719.843304 0.000000 -4.186073 -1.154315
44348 -1386719.842248 0.000000 -4.185017 -1.153259
44025 -1386719.843304 0.000000 -4.186073 -1.154315
65434 -1386719.842249 0.000000 -4.185017 -1.153259
64916 -1386719.843304 0.000000 -4.186073 -1.154315
64747 -1386719.842249 0.000000 -4.185017 -1.153259
64173 -1386719.843304 0.000000 -4.186073 -1.154315
64040 -1386719.842248 0.000000 -4.185017 -1.153259
63649 -1386719.843305 0.000000 -4.186074 -1.154315
63602 -1386719.842248 0.000000 -4.185017 -1.153259
6216 -1386719.818309 0.000000 -4.161078 -1.129320
6039 -1386719.818309 0.000000 -4.161078 -1.129320
5485 -1386719.818309 0.000000 -4.161078 -1.129320
5340 -1386719.818309 0.000000 -4.161078 -1.129320
5005 -1386719.818309 0.000000 -4.161078 -1.129320
4947 -1386719.818309 0.000000 -4.161078 -1.129320
4876 -1386719.818309 0.000000 -4.161078 -1.129320
25775 -1386719.818309 0.000000 -4.161078 -1.129320
25205 -1386719.818309 0.000000 -4.161078 -1.129320
25043 -1386719.818309 0.000000 -4.161078 -1.129320
24640 -1386719.818309 0.000000 -4.161078 -1.129320
24560 -1386719.818309 0.000000 -4.161078 -1.129320
24436 -1386719.818309 0.000000 -4.161078 -1.129320
45465 -1386719.818309 0.000000 -4.161078 -1.129320
44892 -1386719.818309 0.000000 -4.161078 -1.129320
44719 -1386719.818309 0.000000 -4.161078 -1.129320
44251 -1386719.818309 0.000000 -4.161078 -1.129320
44148 -1386719.818309 0.000000 -4.161078 -1.129320
43957 -1386719.818309 0.000000 -4.161078 -1.129320
43939 -1386719.818309 0.000000 -4.161078 -1.129320
64627 -1386719.818309 0.000000 -4.161078 -1.129320
64450 -1386719.818309 0.000000 -4.161078 -1.129320
63930 -1386719.818309 0.000000 -4.161078 -1.129320
63807 -1386719.818309 0.000000 -4.161078 -1.129320
63548 -1386719.818309 0.000000 -4.161078 -1.129320
63513 -1386719.818309 0.000000 -4.161078 -1.129320
6215 -1386719.816502 0.000000 -4.159271 -1.127512
6098 -1386719.816502 0.000000 -4.159271 -1.127512
5484 -1386719.816502 0.000000 -4.159271 -1.127513
5382 -1386719.816502 0.000000 -4.159271 -1.127513
5004 -1386719.816502 0.000000 -4.159271 -1.127512
4959 -1386719.816502 0.000000 -4.159271 -1.127512
4875 -1386719.816502 0.000000 -4.159271 -1.127513
25834 -1386719.816502 0.000000 -4.159271 -1.127513
25204 -1386719.816502 0.000000 -4.159271 -1.127513
25091 -1386719.816502 0.000000 -4.159271 -1.127513
24639 -1386719.816502 0.000000 -4.159271 -1.127512
24579 -1386719.816502 0.000000 -4.159271 -1.127512
24435 -1386719.816502 0.000000 -4.159271 -1.127512
45524 -1386719.816502 0.000000 -4.159271 -1.127513
44891 -1386719.816502 0.000000 -4.159271 -1.127513
44774 -1386719.816502 0.000000 -4.159271 -1.127513
44250 -1386719.816502 0.000000 -4.159271 -1.127513
44175 -1386719.816502 0.000000 -4.159271 -1.127512
43956 -1386719.816502 0.000000 -4.159271 -1.127513
43941 -1386719.816502 0.000000 -4.159271 -1.127512
64626 -1386719.816502 0.000000 -4.159271 -1.127512
64509 -1386719.816502 0.000000 -4.159271 -1.127513
63929 -1386719.816502 0.000000 -4.159271 -1.127512
63842 -1386719.816502 0.000000 -4.159271 -1.127513
63547 -1386719.816502 0.000000 -4.159271 -1.127513
63518 -1386719.816502 0.000000 -4.159271 -1.127512
6099 -1386719.813811 0.000000 -4.156580 -1.124822
5542 -1386719.813811 0.000000 -4.156580 -1.124822
5383 -1386719.813811 0.000000 -4.156580 -1.124822
5037 -1386719.813811 0.000000 -4.156580 -1.124822
4960 -1386719.813811 0.000000 -4.156580 -1.124822
4878 -1386719.813811 0.000000 -4.156580 -1.124822
25835 -1386719.813811 0.000000 -4.156580 -1.124822
25262 -1386719.813811 0.000000 -4.156580 -1.124822
25092 -1386719.813811 0.000000 -4.156580 -1.124822
24678 -1386719.813812 0.000000 -4.156581 -1.124822
24580 -1386719.813812 0.000000 -4.156580 -1.124822
24445 -1386719.813812 0.000000 -4.156581 -1.124822
45525 -1386719.813811 0.000000 -4.156580 -1.124822
44949 -1386719.813811 0.000000 -4.156580 -1.124822
44775 -1386719.813811 0.000000 -4.156580 -1.124822
44296 -1386719.813812 0.000000 -4.156581 -1.124822
44176 -1386719.813812 0.000000 -4.156580 -1.124822
43974 -1386719.813811 0.000000 -4.156580 -1.124822
43942 -1386719.813811 0.000000 -4.156580 -1.124822
64684 -1386719.813811 0.000000 -4.156580 -1.124822
64510 -1386719.813811 0.000000 -4.156580 -1.124822
63983 -1386719.813811 0.000000 -4.156580 -1.124822
63843 -1386719.813811 0.000000 -4.156580 -1.124822
63573 -1386719.813811 0.000000 -4.156580 -1.124822
63519 -1386719.813812 0.000000 -4.156581 -1.124822
84377 -1386719.813811 0.000000 -4.156580 -1.124822
5920 -1386719.931918 0.000000 -4.274687 -1.242928
6041 -1386719.936400 0.000000 -4.279169 -1.247411
5268 -1386719.931918 0.000000 -4.274687 -1.242929
5342 -1386719.936401 0.000000 -4.279169 -1.247411
4931 -1386719.931918 0.000000 -4.274687 -1.242929
4949 -1386719.936401 0.000000 -4.279170 -1.247411
25654 -1386719.931918 0.000000 -4.274687 -1.242928
25777 -1386719.936400 0.000000 -4.279169 -1.247411
24957 -1386719.931917 0.000000 -4.274686 -1.242928
25045 -1386719.936400 0.000000 -4.279169 -1.247411
24532 -1386719.931918 0.000000 -4.274687 -1.242929
24562 -1386719.936400 0.000000 -4.279169 -1.247411
24431 -1386719.931918 0.000000 -4.274687 -1.242929
45467 -1386719.936400 0.000000 -4.279169 -1.247411
44620 -1386719.931918 0.000000 -4.274687 -1.242929
44721 -1386719.936400 0.000000 -4.279169 -1.247411
44105 -1386719.931918 0.000000 -4.274687 -1.242929
44150 -1386719.936401 0.000000 -4.279169 -1.247411
43937 -1386719.931918 0.000000 -4.274687 -1.242928
65193 -1386719.936400 0.000000 -4.279169 -1.247411
64340 -1386719.931917 0.000000 -4.274686 -1.242928
64452 -1386719.936400 0.000000 -4.279169 -1.247411
63751 -1386719.931918 0.000000 -4.274687 -1.242928
63809 -1386719.936400 0.000000 -4.279169 -1.247411
63506 -1386719.931918 0.000000 -4.274686 -1.242928
63515 -1386719.936401 0.000000 -4.279169 -1.247411
6762 -1386719.772521 0.000000 -4.115289 -1.083531
5867 -1386719.795402 0.000000 -4.138171 -1.106413
6044 -1386719.772521 0.000000 -4.115290 -1.083531
5222 -1386719.795402 0.000000 -4.138171 -1.106413
5345 -1386719.772521 0.000000 -4.115289 -1.083531
4915 -1386719.795402 0.000000 -4.138171 -1.106413
4952 -1386719.772521 0.000000 -4.115289 -1.083531
25601 -1386719.795402 0.000000 -4.138171 -1.106413
25780 -1386719.772521 0.000000 -4.115289 -1.083531
24905 -1386719.795402 0.000000 -4.138171 -1.106413
25048 -1386719.772521 0.000000 -4.115290 -1.083531
24509 -1386719.795402 0.000000 -4.138171 -1.106413
24565 -1386719.772521 0.000000 -4.115290 -1.083532
45293 -1386719.795402 0.000000 -4.138171 -1.106413
45470 -1386719.772521 0.000000 -4.115290 -1.083531
44567 -1386719.795402 0.000000 -4.138171 -1.106413
44724 -1386719.772521 0.000000 -4.115290 -1.083532
44074 -1386719.795402 0.000000 -4.138171 -1.106413
44153 -1386719.772521 0.000000 -4.115289 -1.083531
43934 -1386719.795402 0.000000 -4.138171 -1.106413
65196 -1386719.772521 0.000000 -4.115289 -1.083531
64287 -1386719.795402 0.000000 -4.138171 -1.106413
64455 -1386719.772521 0.000000 -4.115289 -1.083531
63712 -1386719.795402 0.000000 -4.138171 -1.106413
63812 -1386719.772521 0.000000 -4.115290 -1.083531
63497 -1386719.795402 0.000000 -4.138171 -1.106413
6705 -1386721.537693 0.000000 -5.880462 -2.848704
5866 -1386719.813237 0.000000 -4.156006 -1.124248
5981 -1386721.537694 0.000000 -5.880462 -2.848704
5221 -1386719.813238 0.000000 -4.156007 -1.124249
5306 -1386721.536607 0.000000 -5.879376 -2.847618
4914 -1386719.813238 0.000000 -4.156006 -1.124248
4942 -1386721.536608 0.000000 -5.879377 -2.847618
25600 -1386719.813238 0.000000 -4.156007 -1.124248
25717 -1386721.537694 0.000000 -5.880463 -2.848704
24904 -1386719.813238 0.000000 -4.156007 -1.124249
25002 -1386721.536607 0.000000 -5.879376 -2.847618
24508 -1386719.813238 0.000000 -4.156007 -1.124248
24549 -1386721.536608 0.000000 -5.879377 -2.847618
45292 -1386719.813237 0.000000 -4.156006 -1.124248
45407 -1386721.537693 0.000000 -5.880462 -2.848704
44566 -1386719.813238 0.000000 -4.156007 -1.124248
44671 -1386721.537693 0.000000 -5.880462 -2.848704
44073 -1386719.813237 0.000000 -4.156006 -1.124248
44130 -1386721.537693 0.000000 -5.880462 -2.848704
43933 -1386719.813237 0.000000 -4.156006 -1.124248
65134 -1386721.537693 0.000000 -5.880462 -2.848704
64286 -1386719.813237 0.000000 -4.156006 -1.124248
64396 -1386721.537693 0.000000 -5.880462 -2.848703
63711 -1386719.813238 0.000000 -4.156007 -1.124248
63781 -1386721.537694 0.000000 -5.880462 -2.848704
63496 -1386719.813238 0.000000 -4.156007 -1.124249
