#ID      EIFS 	      EIPFS 	   FSbin        FSseg
1614 -768235.315758 0.000000 -6.754533 -3.721319
1817 -768235.315675 0.000000 -6.754450 -3.721236
1872 -768235.315676 0.000000 -6.754450 -3.721237
2475 -768234.348364 0.000000 -5.787139 -2.753926
2536 -768235.315919 0.000000 -6.754693 -3.721480
2686 -768235.315747 0.000000 -6.754521 -3.721308
12305 -768235.315632 0.000000 -6.754406 -3.721193
12485 -768235.315625 0.000000 -6.754399 -3.721186
12939 -768234.353182 0.000000 -5.791957 -2.758744
13145 -768234.348365 0.000000 -5.787139 -2.753926
13208 -768235.315917 0.000000 -6.754692 -3.721479
13408 -768235.315757 0.000000 -6.754532 -3.721319
13441 -768235.315675 0.000000 -6.754450 -3.721237
110183 -768235.315676 0.000000 -6.754451 -3.721238
23603 -768234.348365 0.000000 -5.787139 -2.753926
23808 -768235.315919 0.000000 -6.754694 -3.721481
23871 -768235.315758 0.000000 -6.754533 -3.721319
24074 -768235.315675 0.000000 -6.754450 -3.721237
24119 -768235.315676 0.000000 -6.754451 -3.721238
34207 -768234.348365 0.000000 -5.787140 -2.753927
34269 -768235.315919 0.000000 -6.754694 -3.721481
34473 -768235.315757 0.000000 -6.754532 -3.721319
34536 -768235.315675 0.000000 -6.754450 -3.721237
34740 -768235.315676 0.000000 -6.754451 -3.721238
35143 -768234.348365 0.000000 -5.787139 -2.753926
34089 -768235.315919 0.000000 -6.754693 -3.721480
1642 -768232.790693 0.000000 -4.229468 -1.196255
1686 -768232.790551 0.000000 -4.229326 -1.196112
2298 -768232.780056 0.000000 -4.218831 -1.185618
2357 -768232.785448 0.000000 -4.224222 -1.191009
2564 -768232.789880 0.000000 -4.228655 -1.195442
2606 -768232.790648 0.000000 -4.229423 -1.196210
12333 -768232.790609 0.000000 -4.229383 -1.196170
12756 -768232.779129 0.000000 -4.217904 -1.184690
12967 -768232.780081 0.000000 -4.218856 -1.185643
13026 -768232.785461 0.000000 -4.224236 -1.191023
13236 -768232.789910 0.000000 -4.228685 -1.195471
13286 -768232.790693 0.000000 -4.229467 -1.196254
109994 -768232.790552 0.000000 -4.229327 -1.196113
23420 -768232.780057 0.000000 -4.218831 -1.185618
23631 -768232.785457 0.000000 -4.224232 -1.191018
23690 -768232.789911 0.000000 -4.228686 -1.195473
23899 -768232.790694 0.000000 -4.229469 -1.196256
23930 -768232.790552 0.000000 -4.229327 -1.196114
23422 -768232.780057 0.000000 -4.218831 -1.185618
34087 -768232.785457 0.000000 -4.224232 -1.191018
34297 -768232.789911 0.000000 -4.228686 -1.195473
34356 -768232.790694 0.000000 -4.229469 -1.196256
34557 -768232.790552 0.000000 -4.229327 -1.196114
35006 -768232.780057 0.000000 -4.218831 -1.185618
35166 -768232.785457 0.000000 -4.224232 -1.191019
44775 -768232.789911 0.000000 -4.228686 -1.195473
1583 -768232.921232 0.000000 -4.360007 -1.326794
1790 -768232.921737 0.000000 -4.360512 -1.327299
1849 -768232.921748 0.000000 -4.360523 -1.327310
2058 -768232.921492 0.000000 -4.360267 -1.327054
2505 -768232.926108 0.000000 -4.364883 -1.331670
2668 -768232.921214 0.000000 -4.359989 -1.326776
2694 -768232.921709 0.000000 -4.360484 -1.327271
12458 -768232.921788 0.000000 -4.360563 -1.327350
12509 -768232.921748 0.000000 -4.360523 -1.327310
99751 -768232.921486 0.000000 -4.360260 -1.327047
13177 -768232.926114 0.000000 -4.364888 -1.331675
13381 -768232.921233 0.000000 -4.360008 -1.326795
13431 -768232.921738 0.000000 -4.360513 -1.327299
23145 -768232.921748 0.000000 -4.360523 -1.327310
23176 -768232.921492 0.000000 -4.360267 -1.327054
23781 -768232.926111 0.000000 -4.364886 -1.331673
23840 -768232.921232 0.000000 -4.360007 -1.326794
24047 -768232.921738 0.000000 -4.360513 -1.327300
24106 -768232.921749 0.000000 -4.360524 -1.327311
24268 -768232.921492 0.000000 -4.360267 -1.327054
34238 -768232.926112 0.000000 -4.364886 -1.331673
34446 -768232.921232 0.000000 -4.360007 -1.326793
34505 -768232.921738 0.000000 -4.360513 -1.327300
34713 -768232.921749 0.000000 -4.360523 -1.327310
34757 -768232.921492 0.000000 -4.360267 -1.327054
34328 -768232.926112 0.000000 -4.364886 -1.331673
1582 -768233.330431 0.000000 -4.769206 -1.735993
1643 -768233.330398 0.000000 -4.769172 -1.735959
1848 -768233.330361 0.000000 -4.769136 -1.735923
2299 -768233.350934 0.000000 -4.789708 -1.756495
2504 -768233.327566 0.000000 -4.766341 -1.733128
2565 -768233.330416 0.000000 -4.769191 -1.735978
2693 -768233.330363 0.000000 -4.769138 -1.735925
12334 -768233.330357 0.000000 -4.769132 -1.735919
99549 -768233.330348 0.000000 -4.769122 -1.735909
12968 -768233.350934 0.000000 -4.789709 -1.756496
13176 -768233.327567 0.000000 -4.766342 -1.733128
13237 -768233.330430 0.000000 -4.769205 -1.735992
13430 -768233.330397 0.000000 -4.769172 -1.735959
23066 -768233.330363 0.000000 -4.769137 -1.735924
23572 -768233.350933 0.000000 -4.789707 -1.756494
23632 -768233.327568 0.000000 -4.766343 -1.733130
23839 -768233.330431 0.000000 -4.769206 -1.735993
23900 -768233.330398 0.000000 -4.769173 -1.735959
24105 -768233.330363 0.000000 -4.769137 -1.735924
23392 -768233.350932 0.000000 -4.789707 -1.756494
34237 -768233.327568 0.000000 -4.766343 -1.733130
34298 -768233.330431 0.000000 -4.769206 -1.735993
34504 -768233.330398 0.000000 -4.769173 -1.735959
34558 -768233.330363 0.000000 -4.769137 -1.735924
35113 -768233.350933 0.000000 -4.789707 -1.756494
35167 -768233.327568 0.000000 -4.766343 -1.733130
1613 -768235.273037 0.000000 -6.711812 -3.678598
1820 -768235.273249 0.000000 -6.712023 -3.678810
1871 -768235.273227 0.000000 -6.712001 -3.678788
89108 -768235.273363 0.000000 -6.712137 -3.678924
2535 -768235.272175 0.000000 -6.710950 -3.677737
2689 -768235.273056 0.000000 -6.711831 -3.678618
12304 -768235.273323 0.000000 -6.712098 -3.678885
12488 -768235.273319 0.000000 -6.712094 -3.678881
12518 -768235.273226 0.000000 -6.712001 -3.678788
13148 -768233.559281 0.000000 -4.998056 -1.964843
13207 -768235.272181 0.000000 -6.710956 -3.677742
13411 -768235.273038 0.000000 -6.711812 -3.678599
13440 -768235.273248 0.000000 -6.712023 -3.678810
23168 -768235.273225 0.000000 -6.712000 -3.678787
23602 -768233.559276 0.000000 -4.998051 -1.964838
23811 -768235.272178 0.000000 -6.710952 -3.677739
23870 -768235.273037 0.000000 -6.711811 -3.678598
24077 -768235.273249 0.000000 -6.712023 -3.678810
24118 -768235.273226 0.000000 -6.712000 -3.678787
34209 -768233.559276 0.000000 -4.998051 -1.964838
34268 -768235.272178 0.000000 -6.710952 -3.677739
34476 -768235.273037 0.000000 -6.711812 -3.678599
34535 -768235.273249 0.000000 -6.712023 -3.678810
34743 -768235.273226 0.000000 -6.712000 -3.678787
35142 -768233.559276 0.000000 -4.998051 -1.964838
33963 -768235.272177 0.000000 -6.710952 -3.677739
3863 -768233.888524 0.000000 -5.327298 -2.294085
3663 -768233.888439 0.000000 -5.327213 -2.294000
89846 -768233.888254 0.000000 -5.327029 -2.293816
3008 -768233.892870 0.000000 -5.331644 -2.298431
2946 -768233.887840 0.000000 -5.326615 -2.293402
2770 -768233.888529 0.000000 -5.327303 -2.294090
14802 -768233.888481 0.000000 -5.327256 -2.294043
14655 -768233.888396 0.000000 -5.327170 -2.293957
14203 -768233.892570 0.000000 -5.331344 -2.298131
13997 -768233.892874 0.000000 -5.331649 -2.298436
13935 -768233.887842 0.000000 -5.326617 -2.293404
13731 -768233.888523 0.000000 -5.327298 -2.294084
13708 -768233.888439 0.000000 -5.327213 -2.294000
25258 -768233.892556 0.000000 -5.331331 -2.298118
25196 -768233.892872 0.000000 -5.331647 -2.298434
24991 -768233.887843 0.000000 -5.326618 -2.293405
24929 -768233.888524 0.000000 -5.327298 -2.294085
24725 -768233.888439 0.000000 -5.327214 -2.294001
24376 -768233.892556 0.000000 -5.331330 -2.298117
36249 -768233.892872 0.000000 -5.331647 -2.298434
36187 -768233.887843 0.000000 -5.326618 -2.293405
35983 -768233.888524 0.000000 -5.327298 -2.294085
35929 -768233.888439 0.000000 -5.327214 -2.294001
121977 -768233.888253 0.000000 -5.327028 -2.293815
35284 -768233.892872 0.000000 -5.331647 -2.298434
35198 -768233.887843 0.000000 -5.326618 -2.293405
3864 -768233.998775 0.000000 -5.437550 -2.404337
90055 -768233.998506 0.000000 -5.437281 -2.404068
3215 -768233.998775 0.000000 -5.437550 -2.404337
3155 -768233.998820 0.000000 -5.437595 -2.404382
2947 -768234.000015 0.000000 -5.438789 -2.405576
2890 -768233.998780 0.000000 -5.437554 -2.404341
14803 -768233.998523 0.000000 -5.437298 -2.404085
14412 -768233.998690 0.000000 -5.437464 -2.404251
14204 -768233.998776 0.000000 -5.437550 -2.404337
14144 -768233.998816 0.000000 -5.437591 -2.404378
13936 -768234.000011 0.000000 -5.438786 -2.405572
13883 -768233.998774 0.000000 -5.437549 -2.404336
13535 -768233.998647 0.000000 -5.437422 -2.404208
25405 -768233.998775 0.000000 -5.437550 -2.404337
25197 -768233.998820 0.000000 -5.437595 -2.404382
25137 -768234.000013 0.000000 -5.438788 -2.405574
24930 -768233.998775 0.000000 -5.437550 -2.404337
24501 -768233.998647 0.000000 -5.437422 -2.404209
24377 -768233.998775 0.000000 -5.437550 -2.404337
36393 -768233.998820 0.000000 -5.437594 -2.404381
36188 -768234.000013 0.000000 -5.438788 -2.405575
36128 -768233.998775 0.000000 -5.437550 -2.404337
122167 -768233.998506 0.000000 -5.437281 -2.404067
35476 -768233.998775 0.000000 -5.437550 -2.404337
35285 -768233.998820 0.000000 -5.437595 -2.404382
35250 -768234.000013 0.000000 -5.438788 -2.405575
90233 -768234.004310 0.000000 -5.443085 -2.409872
3395 -768233.988235 0.000000 -5.427009 -2.393796
3333 -768233.988317 0.000000 -5.427092 -2.393879
3127 -768233.988432 0.000000 -5.427207 -2.393994
3065 -768234.005062 0.000000 -5.443837 -2.410624
2882 -768234.004316 0.000000 -5.443091 -2.409877
14590 -768233.988212 0.000000 -5.426987 -2.393774
14384 -768233.988233 0.000000 -5.427008 -2.393795
14322 -768233.988306 0.000000 -5.427081 -2.393868
14116 -768233.988426 0.000000 -5.427201 -2.393988
14076 -768234.005058 0.000000 -5.443833 -2.410620
13560 -768233.988023 0.000000 -5.426797 -2.393584
13540 -768233.988234 0.000000 -5.427009 -2.393796
25377 -768233.988317 0.000000 -5.427092 -2.393879
25315 -768233.988432 0.000000 -5.427207 -2.393994
25109 -768234.005060 0.000000 -5.443835 -2.410622
24663 -768233.988023 0.000000 -5.426798 -2.393585
24473 -768233.988235 0.000000 -5.427009 -2.393796
24424 -768233.988317 0.000000 -5.427092 -2.393879
36365 -768233.988432 0.000000 -5.427206 -2.393993
36310 -768234.005060 0.000000 -5.443835 -2.410622
122347 -768234.004310 0.000000 -5.443085 -2.409872
35654 -768233.988235 0.000000 -5.427009 -2.393796
35448 -768233.988317 0.000000 -5.427092 -2.393879
35387 -768233.988432 0.000000 -5.427206 -2.393993
35249 -768234.005060 0.000000 -5.443835 -2.410622
2702 -768235.068053 0.000000 -6.506827 -3.473614
2703 -768235.068014 0.000000 -6.506789 -3.473576
2704 -768235.067968 0.000000 -6.506743 -3.473529
2705 -768235.067947 0.000000 -6.506722 -3.473509
2706 -768234.036223 0.000000 -5.474998 -2.441784
2707 -768235.068049 0.000000 -6.506824 -3.473611
13529 -768235.068012 0.000000 -6.506786 -3.473573
13530 -768235.067999 0.000000 -6.506774 -3.473561
13531 -768235.067964 0.000000 -6.506739 -3.473525
13532 -768235.067947 0.000000 -6.506722 -3.473509
13533 -768235.068025 0.000000 -6.506799 -3.473586
13534 -768235.068053 0.000000 -6.506827 -3.473614
24359 -768235.068014 0.000000 -6.506789 -3.473576
24360 -768235.067968 0.000000 -6.506743 -3.473530
24361 -768235.067948 0.000000 -6.506722 -3.473509
24362 -768235.068025 0.000000 -6.506800 -3.473587
24363 -768235.068053 0.000000 -6.506828 -3.473615
24364 -768235.068014 0.000000 -6.506789 -3.473576
24365 -768235.067968 0.000000 -6.506742 -3.473529
35187 -768235.067948 0.000000 -6.506722 -3.473509
35188 -768235.068025 0.000000 -6.506800 -3.473587
35189 -768235.068053 0.000000 -6.506828 -3.473614
35190 -768235.068014 0.000000 -6.506789 -3.473576
35191 -768235.067968 0.000000 -6.506743 -3.473530
35192 -768235.067947 0.000000 -6.506722 -3.473509
132649 -768234.036219 0.000000 -5.474994 -2.441781
3750 -768234.207836 0.000000 -5.646610 -2.613397
3690 -768234.208015 0.000000 -5.646790 -2.613577
3483 -768234.207943 0.000000 -5.646718 -2.613505
89667 -768234.210267 0.000000 -5.649041 -2.615828
2844 -768234.206916 0.000000 -5.645691 -2.612478
2785 -768234.207853 0.000000 -5.646627 -2.613414
14736 -768234.208102 0.000000 -5.646877 -2.613664
14676 -768234.208094 0.000000 -5.646869 -2.613656
14472 -768234.207956 0.000000 -5.646731 -2.613518
14024 -768234.431720 0.000000 -5.870494 -2.837281
13817 -768234.206923 0.000000 -5.645698 -2.612485
13757 -768234.207838 0.000000 -5.646612 -2.613399
13594 -768234.208015 0.000000 -5.646790 -2.613577
25623 -768234.207941 0.000000 -5.646716 -2.613503
25077 -768234.431720 0.000000 -5.870495 -2.837281
25018 -768234.206921 0.000000 -5.645695 -2.612482
24812 -768234.207836 0.000000 -5.646611 -2.613398
24752 -768234.208014 0.000000 -5.646789 -2.613576
24549 -768234.207942 0.000000 -5.646716 -2.613503
36276 -768234.431720 0.000000 -5.870495 -2.837281
36070 -768234.206921 0.000000 -5.645695 -2.612482
36010 -768234.207837 0.000000 -5.646611 -2.613398
35804 -768234.208015 0.000000 -5.646789 -2.613576
35744 -768234.207942 0.000000 -5.646716 -2.613503
121873 -768234.210262 0.000000 -5.649037 -2.615824
35200 -768234.206920 0.000000 -5.645695 -2.612482
3749 -768235.560935 0.000000 -6.999710 -3.966496
3544 -768235.560937 0.000000 -6.999711 -3.966498
3482 -768235.560938 0.000000 -6.999712 -3.966499
3276 -768235.560821 0.000000 -6.999596 -3.966382
2843 -768235.561133 0.000000 -6.999907 -3.966694
2721 -768235.560933 0.000000 -6.999708 -3.966495
14735 -768235.560933 0.000000 -6.999708 -3.966495
14533 -768235.560939 0.000000 -6.999713 -3.966500
14471 -768235.560937 0.000000 -6.999712 -3.966499
14271 -768235.560821 0.000000 -6.999595 -3.966382
13816 -768235.561134 0.000000 -6.999908 -3.966695
13629 -768235.560935 0.000000 -6.999709 -3.966496
13593 -768235.560936 0.000000 -6.999711 -3.966498
25521 -768235.560938 0.000000 -6.999712 -3.966499
25481 -768235.560821 0.000000 -6.999596 -3.966382
24873 -768235.561133 0.000000 -6.999908 -3.966695
24811 -768235.560935 0.000000 -6.999709 -3.966496
24606 -768235.560936 0.000000 -6.999711 -3.966498
24548 -768235.560938 0.000000 -6.999712 -3.966499
36462 -768235.560821 0.000000 -6.999596 -3.966382
36069 -768235.561133 0.000000 -6.999908 -3.966695
35865 -768235.560935 0.000000 -6.999710 -3.966496
35803 -768235.560937 0.000000 -6.999711 -3.966498
35597 -768235.560937 0.000000 -6.999712 -3.966499
35543 -768235.560821 0.000000 -6.999595 -3.966382
35194 -768235.561134 0.000000 -6.999908 -3.966695
3894 -768233.999297 0.000000 -5.438072 -2.404859
3834 -768233.999309 0.000000 -5.438083 -2.404870
3244 -768233.996140 0.000000 -5.434915 -2.401702
3185 -768233.996158 0.000000 -5.434932 -2.401719
2977 -768233.999769 0.000000 -5.438544 -2.405331
2917 -768233.999294 0.000000 -5.438069 -2.404856
2765 -768233.999305 0.000000 -5.438080 -2.404867
14442 -768233.996120 0.000000 -5.434895 -2.401682
14234 -768233.996150 0.000000 -5.434925 -2.401712
14174 -768233.996161 0.000000 -5.434935 -2.401722
13966 -768233.999770 0.000000 -5.438545 -2.405332
13906 -768233.999296 0.000000 -5.438071 -2.404858
100343 -768233.996101 0.000000 -5.434876 -2.401663
25435 -768233.996140 0.000000 -5.434915 -2.401702
25227 -768233.996158 0.000000 -5.434933 -2.401720
25167 -768233.999771 0.000000 -5.438546 -2.405333
24960 -768233.999297 0.000000 -5.438072 -2.404858
24907 -768233.999309 0.000000 -5.438083 -2.404870
24399 -768233.996140 0.000000 -5.434915 -2.401701
24369 -768233.996158 0.000000 -5.434933 -2.401720
36218 -768233.999771 0.000000 -5.438546 -2.405333
36158 -768233.999297 0.000000 -5.438072 -2.404859
35952 -768233.999309 0.000000 -5.438083 -2.404870
35506 -768233.996140 0.000000 -5.434914 -2.401701
35315 -768233.996158 0.000000 -5.434933 -2.401720
35261 -768233.999771 0.000000 -5.438546 -2.405333
3631 -768234.431328 0.000000 -5.870103 -2.836890
3571 -768234.431265 0.000000 -5.870040 -2.836827
3364 -768234.431275 0.000000 -5.870049 -2.836836
3303 -768234.431539 0.000000 -5.870314 -2.837101
3096 -768234.035054 0.000000 -5.473829 -2.440616
2741 -768234.431326 0.000000 -5.870100 -2.836887
14621 -768234.431259 0.000000 -5.870034 -2.836821
14560 -768234.431288 0.000000 -5.870062 -2.836849
14353 -768234.431270 0.000000 -5.870045 -2.836832
14292 -768234.431535 0.000000 -5.870309 -2.837096
100717 -768234.429820 0.000000 -5.868594 -2.835381
13656 -768234.431328 0.000000 -5.870103 -2.836889
13544 -768234.431265 0.000000 -5.870040 -2.836827
25548 -768234.431275 0.000000 -5.870050 -2.836837
25346 -768234.431539 0.000000 -5.870313 -2.837100
25292 -768234.035055 0.000000 -5.473830 -2.440617
24693 -768234.431328 0.000000 -5.870103 -2.836890
24633 -768234.431266 0.000000 -5.870040 -2.836827
24443 -768234.431275 0.000000 -5.870050 -2.836836
36489 -768234.431539 0.000000 -5.870314 -2.837101
36334 -768234.035055 0.000000 -5.473830 -2.440617
35892 -768234.431328 0.000000 -5.870103 -2.836890
35685 -768234.431265 0.000000 -5.870040 -2.836827
35624 -768234.431275 0.000000 -5.870050 -2.836837
35417 -768234.431539 0.000000 -5.870314 -2.837101
35368 -768234.035055 0.000000 -5.473830 -2.440617
3967 -768234.003503 0.000000 -5.442278 -2.409065
3425 -768234.030763 0.000000 -5.469538 -2.436325
3363 -768234.030858 0.000000 -5.469633 -2.436419
3158 -768234.030910 0.000000 -5.469685 -2.436472
3095 -768234.000061 0.000000 -5.438836 -2.405623
2893 -768234.003502 0.000000 -5.442277 -2.409064
14620 -768234.030762 0.000000 -5.469537 -2.436324
14415 -768234.030766 0.000000 -5.469541 -2.436328
14352 -768234.030869 0.000000 -5.469644 -2.436431
14147 -768234.030911 0.000000 -5.469686 -2.436473
14084 -768234.000062 0.000000 -5.438836 -2.405623
100517 -768234.030563 0.000000 -5.469338 -2.436125
13543 -768234.030764 0.000000 -5.469538 -2.436325
25408 -768234.030857 0.000000 -5.469632 -2.436419
25345 -768234.030910 0.000000 -5.469685 -2.436472
25140 -768234.000063 0.000000 -5.438838 -2.405624
25099 -768234.003503 0.000000 -5.442278 -2.409065
24504 -768234.030763 0.000000 -5.469538 -2.436325
24442 -768234.030857 0.000000 -5.469632 -2.436419
36396 -768234.030911 0.000000 -5.469686 -2.436472
36333 -768234.000063 0.000000 -5.438838 -2.405625
36131 -768234.003503 0.000000 -5.442278 -2.409065
35684 -768234.030763 0.000000 -5.469538 -2.436325
35479 -768234.030858 0.000000 -5.469633 -2.436419
35416 -768234.030911 0.000000 -5.469686 -2.436472
35253 -768234.000063 0.000000 -5.438838 -2.405624
3780 -768233.892748 0.000000 -5.331522 -2.298309
3720 -768233.892654 0.000000 -5.331428 -2.298215
3513 -768233.892724 0.000000 -5.331499 -2.298286
3453 -768233.892681 0.000000 -5.331455 -2.298242
2873 -768233.895441 0.000000 -5.334215 -2.301002
2814 -768233.892748 0.000000 -5.331522 -2.298309
2713 -768233.892642 0.000000 -5.331416 -2.298203
14706 -768233.892699 0.000000 -5.331473 -2.298260
14502 -768233.892724 0.000000 -5.331499 -2.298286
14054 -768233.556645 0.000000 -4.995420 -1.962207
13847 -768233.895441 0.000000 -5.334215 -2.301002
13787 -768233.892748 0.000000 -5.331523 -2.298310
13605 -768233.892654 0.000000 -5.331428 -2.298215
25646 -768233.892724 0.000000 -5.331499 -2.298286
25490 -768233.892682 0.000000 -5.331457 -2.298244
25048 -768233.895439 0.000000 -5.334213 -2.301000
24842 -768233.892747 0.000000 -5.331522 -2.298309
24782 -768233.892654 0.000000 -5.331428 -2.298215
24575 -768233.892724 0.000000 -5.331499 -2.298286
24538 -768233.892682 0.000000 -5.331457 -2.298244
36099 -768233.895439 0.000000 -5.334213 -2.301000
36040 -768233.892748 0.000000 -5.331522 -2.298309
35834 -768233.892653 0.000000 -5.331428 -2.298215
35774 -768233.892724 0.000000 -5.331498 -2.298285
35566 -768233.892682 0.000000 -5.331457 -2.298243
35215 -768233.895439 0.000000 -5.334213 -2.301000
3893 -768233.993442 0.000000 -5.432217 -2.399004
3693 -768233.993787 0.000000 -5.432562 -2.399349
3639 -768233.993801 0.000000 -5.432576 -2.399363
3037 -768233.892560 0.000000 -5.331335 -2.298122
2976 -768233.993673 0.000000 -5.432448 -2.399235
2788 -768233.993439 0.000000 -5.432214 -2.399001
2764 -768233.993780 0.000000 -5.432554 -2.399341
14679 -768233.993773 0.000000 -5.432547 -2.399334
14233 -768233.892665 0.000000 -5.331439 -2.298226
14027 -768233.892566 0.000000 -5.331340 -2.298127
13965 -768233.993675 0.000000 -5.432449 -2.399236
13760 -768233.993442 0.000000 -5.432217 -2.399004
13710 -768233.993787 0.000000 -5.432561 -2.399348
25625 -768233.993801 0.000000 -5.432575 -2.399362
25226 -768233.892560 0.000000 -5.331334 -2.298121
25021 -768233.993674 0.000000 -5.432449 -2.399236
24959 -768233.993443 0.000000 -5.432218 -2.399005
24755 -768233.993787 0.000000 -5.432562 -2.399349
24715 -768233.993801 0.000000 -5.432576 -2.399363
24366 -768233.892559 0.000000 -5.331334 -2.298121
36217 -768233.993674 0.000000 -5.432449 -2.399236
36013 -768233.993443 0.000000 -5.432218 -2.399005
35951 -768233.993787 0.000000 -5.432561 -2.399348
35747 -768233.993801 0.000000 -5.432576 -2.399363
35314 -768233.892560 0.000000 -5.331334 -2.298121
35203 -768233.993674 0.000000 -5.432449 -2.399236
3989 -768233.386959 0.000000 -4.825734 -1.792521
3837 -768233.386912 0.000000 -4.825686 -1.792473
3393 -768233.392951 0.000000 -4.831726 -1.798513
3188 -768233.392983 0.000000 -4.831758 -1.798545
3125 -768233.387598 0.000000 -4.826373 -1.793160
2920 -768233.386960 0.000000 -4.825735 -1.792522
2881 -768233.386910 0.000000 -4.825684 -1.792471
14444 -768233.392958 0.000000 -4.831733 -1.798520
14382 -768233.392959 0.000000 -4.831734 -1.798521
14177 -768233.392984 0.000000 -4.831759 -1.798546
14114 -768233.387595 0.000000 -4.826370 -1.793157
13909 -768233.386959 0.000000 -4.825734 -1.792521
13558 -768233.392927 0.000000 -4.831702 -1.798489
25438 -768233.392951 0.000000 -4.831725 -1.798512
25375 -768233.392983 0.000000 -4.831758 -1.798545
25170 -768233.387596 0.000000 -4.826371 -1.793158
25107 -768233.386960 0.000000 -4.825735 -1.792521
24909 -768233.386912 0.000000 -4.825686 -1.792473
24471 -768233.392951 0.000000 -4.831725 -1.798512
24372 -768233.392983 0.000000 -4.831758 -1.798545
36363 -768233.387597 0.000000 -4.826372 -1.793158
36161 -768233.386959 0.000000 -4.825734 -1.792521
36121 -768233.386912 0.000000 -4.825686 -1.792473
35509 -768233.392951 0.000000 -4.831726 -1.798513
35446 -768233.392983 0.000000 -4.831758 -1.798545
35264 -768233.387597 0.000000 -4.826372 -1.793158
3779 -768233.556933 0.000000 -4.995707 -1.962494
3574 -768233.556865 0.000000 -4.995640 -1.962427
3512 -768233.557041 0.000000 -4.995816 -1.962603
3306 -768233.557288 0.000000 -4.996063 -1.962850
3252 -768233.419719 0.000000 -4.858493 -1.825280
2743 -768233.556939 0.000000 -4.995713 -1.962500
2712 -768233.556869 0.000000 -4.995644 -1.962431
14563 -768233.556932 0.000000 -4.995706 -1.962493
14501 -768233.557047 0.000000 -4.995822 -1.962609
14295 -768233.557282 0.000000 -4.996057 -1.962844
13846 -768233.537497 0.000000 -4.976271 -1.943058
13659 -768233.556934 0.000000 -4.995708 -1.962495
13604 -768233.556865 0.000000 -4.995640 -1.962427
25551 -768233.557040 0.000000 -4.995815 -1.962602
25489 -768233.557287 0.000000 -4.996062 -1.962849
25294 -768233.419718 0.000000 -4.858493 -1.825280
24841 -768233.556933 0.000000 -4.995707 -1.962494
24636 -768233.556865 0.000000 -4.995640 -1.962427
24574 -768233.557041 0.000000 -4.995815 -1.962602
24422 -768233.557287 0.000000 -4.996062 -1.962849
36452 -768233.419718 0.000000 -4.858493 -1.825280
35895 -768233.556933 0.000000 -4.995707 -1.962494
35833 -768233.556865 0.000000 -4.995640 -1.962427
35627 -768233.557041 0.000000 -4.995815 -1.962602
35565 -768233.557288 0.000000 -4.996062 -1.962849
35371 -768233.419719 0.000000 -4.858493 -1.825280
3990 -768233.387334 0.000000 -4.826108 -1.792895
3602 -768233.398192 0.000000 -4.836967 -1.803753
3394 -768233.398200 0.000000 -4.836974 -1.803761
3334 -768233.398850 0.000000 -4.837625 -1.804411
3126 -768233.398776 0.000000 -4.837550 -1.804337
3066 -768233.387333 0.000000 -4.826107 -1.792894
2709 -768233.398191 0.000000 -4.836966 -1.803753
14591 -768233.398206 0.000000 -4.836980 -1.803767
14383 -768233.398213 0.000000 -4.836987 -1.803774
14323 -768233.398849 0.000000 -4.837624 -1.804410
14115 -768233.398773 0.000000 -4.837547 -1.804334
13686 -768233.397879 0.000000 -4.836654 -1.803440
13559 -768233.398191 0.000000 -4.836966 -1.803753
25578 -768233.398199 0.000000 -4.836974 -1.803761
25376 -768233.398850 0.000000 -4.837624 -1.804411
25316 -768233.398774 0.000000 -4.837549 -1.804336
25108 -768233.387333 0.000000 -4.826108 -1.792895
24664 -768233.398192 0.000000 -4.836967 -1.803753
24472 -768233.398199 0.000000 -4.836973 -1.803760
24425 -768233.398850 0.000000 -4.837624 -1.804411
36364 -768233.398775 0.000000 -4.837549 -1.804336
36311 -768233.387333 0.000000 -4.826108 -1.792895
35714 -768233.398192 0.000000 -4.836967 -1.803754
35655 -768233.398199 0.000000 -4.836974 -1.803761
35447 -768233.398850 0.000000 -4.837624 -1.804411
35388 -768233.398774 0.000000 -4.837549 -1.804336
3923 -768233.391359 0.000000 -4.830133 -1.796920
3865 -768233.391701 0.000000 -4.830476 -1.797263
3662 -768233.391664 0.000000 -4.830439 -1.797226
3216 -768233.378867 0.000000 -4.817641 -1.784428
3007 -768233.392458 0.000000 -4.831232 -1.798019
2948 -768233.391360 0.000000 -4.830135 -1.796922
2769 -768233.391696 0.000000 -4.830471 -1.797257
14804 -768233.391673 0.000000 -4.830447 -1.797234
14263 -768233.379175 0.000000 -4.817950 -1.784737
14205 -768233.378869 0.000000 -4.817644 -1.784431
13996 -768233.392457 0.000000 -4.831231 -1.798018
13937 -768233.391358 0.000000 -4.830133 -1.796920
13730 -768233.391701 0.000000 -4.830476 -1.797263
25464 -768233.379170 0.000000 -4.817945 -1.784732
25257 -768233.378866 0.000000 -4.817641 -1.784428
25198 -768233.392456 0.000000 -4.831231 -1.798018
24990 -768233.391359 0.000000 -4.830133 -1.796920
24931 -768233.391701 0.000000 -4.830476 -1.797262
24724 -768233.391664 0.000000 -4.830439 -1.797226
24378 -768233.378866 0.000000 -4.817641 -1.784428
36248 -768233.392457 0.000000 -4.831231 -1.798018
36189 -768233.391359 0.000000 -4.830133 -1.796920
35982 -768233.391701 0.000000 -4.830476 -1.797263
35930 -768233.391664 0.000000 -4.830438 -1.797225
35344 -768233.378866 0.000000 -4.817641 -1.784428
35286 -768233.392456 0.000000 -4.831231 -1.798018
78513 -768233.378764 0.000000 -4.817539 -1.784326
3723 -768233.378661 0.000000 -4.817436 -1.784223
3661 -768233.378721 0.000000 -4.817496 -1.784283
3456 -768233.378510 0.000000 -4.817285 -1.784071
3006 -768233.363589 0.000000 -4.802364 -1.769151
2817 -768233.378766 0.000000 -4.817541 -1.784327
2768 -768233.378660 0.000000 -4.817435 -1.784221
14709 -768233.378692 0.000000 -4.817467 -1.784254
14654 -768233.378715 0.000000 -4.817490 -1.784277
14056 -768233.349650 0.000000 -4.788425 -1.755212
13995 -768233.363589 0.000000 -4.802364 -1.769151
13790 -768233.378764 0.000000 -4.817538 -1.784325
13729 -768233.378661 0.000000 -4.817436 -1.784223
13592 -768233.378721 0.000000 -4.817496 -1.784283
25256 -768233.349647 0.000000 -4.788422 -1.755209
25051 -768233.363588 0.000000 -4.802363 -1.769150
24989 -768233.378764 0.000000 -4.817539 -1.784326
24785 -768233.378662 0.000000 -4.817436 -1.784223
24723 -768233.378721 0.000000 -4.817496 -1.784283
24540 -768233.378510 0.000000 -4.817285 -1.784072
36247 -768233.363588 0.000000 -4.802363 -1.769150
36043 -768233.378764 0.000000 -4.817539 -1.784326
35981 -768233.378662 0.000000 -4.817436 -1.784223
35777 -768233.378721 0.000000 -4.817496 -1.784283
35737 -768233.378510 0.000000 -4.817285 -1.784072
35218 -768233.363588 0.000000 -4.802363 -1.769150
78509 -768233.349121 0.000000 -4.787895 -1.754682
3751 -768233.348915 0.000000 -4.787690 -1.754477
3543 -768233.348997 0.000000 -4.787772 -1.754559
3484 -768233.349150 0.000000 -4.787924 -1.754711
3275 -768233.342412 0.000000 -4.781186 -1.747973
2845 -768233.349124 0.000000 -4.787898 -1.754685
2720 -768233.348924 0.000000 -4.787699 -1.754486
14737 -768233.348958 0.000000 -4.787733 -1.754520
14532 -768233.348997 0.000000 -4.787772 -1.754559
14473 -768233.349146 0.000000 -4.787921 -1.754708
13876 -768233.289823 0.000000 -4.728598 -1.695385
13818 -768233.349121 0.000000 -4.787896 -1.754682
13628 -768233.348916 0.000000 -4.787690 -1.754477
13595 -768233.348996 0.000000 -4.787771 -1.754558
25520 -768233.349149 0.000000 -4.787924 -1.754711
25078 -768233.289816 0.000000 -4.728591 -1.695377
24872 -768233.349121 0.000000 -4.787895 -1.754682
24813 -768233.348916 0.000000 -4.787690 -1.754477
24605 -768233.348997 0.000000 -4.787771 -1.754558
24550 -768233.349149 0.000000 -4.787924 -1.754711
36461 -768233.342411 0.000000 -4.781186 -1.747973
36071 -768233.349120 0.000000 -4.787895 -1.754682
35864 -768233.348916 0.000000 -4.787690 -1.754477
35805 -768233.348996 0.000000 -4.787771 -1.754558
35596 -768233.349149 0.000000 -4.787924 -1.754710
35544 -768233.342411 0.000000 -4.781186 -1.747973
3605 -768233.284384 0.000000 -4.723159 -1.689946
3542 -768233.284312 0.000000 -4.723087 -1.689874
3337 -768233.284692 0.000000 -4.723467 -1.690254
3274 -768233.287829 0.000000 -4.726604 -1.693391
3069 -768232.848278 0.000000 -4.287052 -1.253839
2719 -768233.284400 0.000000 -4.723175 -1.689961
14594 -768233.284361 0.000000 -4.723136 -1.689923
14531 -768233.284348 0.000000 -4.723123 -1.689910
14326 -768233.284691 0.000000 -4.723466 -1.690253
14270 -768233.287822 0.000000 -4.726596 -1.693383
13688 -768233.283483 0.000000 -4.722258 -1.689045
13627 -768233.284385 0.000000 -4.723160 -1.689947
13541 -768233.284311 0.000000 -4.723086 -1.689873
25519 -768233.284690 0.000000 -4.723465 -1.690251
25319 -768233.287827 0.000000 -4.726602 -1.693389
24871 -768233.283480 0.000000 -4.722255 -1.689042
24667 -768233.284384 0.000000 -4.723159 -1.689946
24604 -768233.284311 0.000000 -4.723086 -1.689873
24428 -768233.284690 0.000000 -4.723465 -1.690252
36460 -768233.287827 0.000000 -4.726602 -1.693389
36313 -768232.848287 0.000000 -4.287061 -1.253848
35863 -768233.284384 0.000000 -4.723159 -1.689946
35658 -768233.284311 0.000000 -4.723086 -1.689873
35595 -768233.284690 0.000000 -4.723465 -1.690252
35391 -768233.287827 0.000000 -4.726602 -1.693389
35366 -768232.848287 0.000000 -4.287062 -1.253848
3968 -768232.796075 0.000000 -4.234850 -1.201637
3424 -768232.845925 0.000000 -4.284700 -1.251487
3365 -768232.846012 0.000000 -4.284787 -1.251574
3157 -768232.845409 0.000000 -4.284184 -1.250970
3097 -768232.798530 0.000000 -4.237304 -1.204091
2892 -768232.796073 0.000000 -4.234847 -1.201634
14622 -768232.845965 0.000000 -4.284740 -1.251527
14414 -768232.845940 0.000000 -4.284714 -1.251501
14354 -768232.846032 0.000000 -4.284807 -1.251594
14146 -768232.845411 0.000000 -4.284185 -1.250972
14086 -768232.798520 0.000000 -4.237295 -1.204082
13585 -768232.845858 0.000000 -4.284632 -1.251419
13545 -768232.845925 0.000000 -4.284700 -1.251487
25407 -768232.846010 0.000000 -4.284784 -1.251571
25347 -768232.845406 0.000000 -4.284181 -1.250968
25139 -768232.798521 0.000000 -4.237296 -1.204083
24694 -768232.845856 0.000000 -4.284631 -1.251417
24503 -768232.845925 0.000000 -4.284699 -1.251486
24444 -768232.846010 0.000000 -4.284784 -1.251571
36395 -768232.845406 0.000000 -4.284181 -1.250968
36335 -768232.798521 0.000000 -4.237296 -1.204083
36130 -768232.796075 0.000000 -4.234849 -1.201636
35686 -768232.845925 0.000000 -4.284699 -1.251486
35478 -768232.846010 0.000000 -4.284784 -1.251571
35418 -768232.845406 0.000000 -4.284181 -1.250968
35252 -768232.798522 0.000000 -4.237296 -1.204083
3868 -768232.795526 0.000000 -4.234301 -1.201088
3827 -768232.795348 0.000000 -4.234123 -1.200910
3219 -768232.792974 0.000000 -4.231749 -1.198536
3156 -768232.801205 0.000000 -4.239979 -1.206766
2951 -768232.793051 0.000000 -4.231826 -1.198613
2891 -768232.795532 0.000000 -4.234307 -1.201094
14807 -768232.795366 0.000000 -4.234141 -1.200928
14413 -768232.793355 0.000000 -4.232130 -1.198917
14208 -768232.792975 0.000000 -4.231750 -1.198537
14145 -768232.801195 0.000000 -4.239969 -1.206756
13940 -768232.793036 0.000000 -4.231810 -1.198597
13884 -768232.795525 0.000000 -4.234300 -1.201087
13537 -768232.793343 0.000000 -4.232118 -1.198905
25406 -768232.792974 0.000000 -4.231749 -1.198536
25201 -768232.801200 0.000000 -4.239975 -1.206762
25138 -768232.793039 0.000000 -4.231814 -1.198601
24934 -768232.795526 0.000000 -4.234300 -1.201087
24502 -768232.793344 0.000000 -4.232118 -1.198905
24381 -768232.792974 0.000000 -4.231749 -1.198536
36394 -768232.801200 0.000000 -4.239975 -1.206762
36192 -768232.793039 0.000000 -4.231814 -1.198601
36129 -768232.795526 0.000000 -4.234300 -1.201087
35932 -768232.795347 0.000000 -4.234122 -1.200909
35477 -768232.792974 0.000000 -4.231749 -1.198536
35289 -768232.801200 0.000000 -4.239975 -1.206762
35251 -768232.793039 0.000000 -4.231813 -1.198600
3895 -768232.789148 0.000000 -4.227923 -1.194710
3692 -768232.789043 0.000000 -4.227818 -1.194605
3640 -768232.788651 0.000000 -4.227426 -1.194213
3036 -768232.773544 0.000000 -4.212318 -1.179105
2978 -768232.788540 0.000000 -4.227315 -1.194102
2787 -768232.789168 0.000000 -4.227942 -1.194729
14832 -768232.789024 0.000000 -4.227798 -1.194585
14678 -768232.789012 0.000000 -4.227786 -1.194573
14235 -768232.778775 0.000000 -4.217550 -1.184337
14026 -768232.773547 0.000000 -4.212321 -1.179108
13967 -768232.788527 0.000000 -4.227302 -1.194089
13759 -768232.789147 0.000000 -4.227922 -1.194709
13712 -768232.789042 0.000000 -4.227817 -1.194604
25285 -768232.778768 0.000000 -4.217543 -1.184330
25228 -768232.773539 0.000000 -4.212314 -1.179100
25020 -768232.788530 0.000000 -4.227305 -1.194092
24961 -768232.789148 0.000000 -4.227923 -1.194710
24754 -768232.789042 0.000000 -4.227817 -1.194604
24400 -768232.778768 0.000000 -4.217543 -1.184330
36278 -768232.773539 0.000000 -4.212313 -1.179100
36219 -768232.788530 0.000000 -4.227305 -1.194092
36012 -768232.789148 0.000000 -4.227923 -1.194710
35953 -768232.789042 0.000000 -4.227817 -1.194604
35746 -768232.788650 0.000000 -4.227425 -1.194212
35316 -768232.773539 0.000000 -4.212313 -1.179100
35202 -768232.788530 0.000000 -4.227305 -1.194092
3754 -768232.779734 0.000000 -4.218509 -1.185296
3691 -768232.779726 0.000000 -4.218501 -1.185288
3487 -768232.779905 0.000000 -4.218680 -1.185467
3446 -768232.776006 0.000000 -4.214781 -1.181568
2848 -768232.779916 0.000000 -4.218691 -1.185478
2786 -768232.779756 0.000000 -4.218531 -1.185318
14740 -768232.779666 0.000000 -4.218441 -1.185228
14677 -768232.779794 0.000000 -4.218569 -1.185356
14476 -768232.779907 0.000000 -4.218682 -1.185469
14025 -768234.352737 0.000000 -5.791511 -2.758298
13821 -768232.779908 0.000000 -4.218683 -1.185469
13758 -768232.779734 0.000000 -4.218509 -1.185296
13598 -768232.779725 0.000000 -4.218500 -1.185287
25624 -768232.779904 0.000000 -4.218678 -1.185465
25080 -768234.352733 0.000000 -5.791507 -2.758294
25019 -768232.779904 0.000000 -4.218679 -1.185466
24816 -768232.779733 0.000000 -4.218508 -1.185295
24753 -768232.779725 0.000000 -4.218500 -1.185287
24553 -768232.779904 0.000000 -4.218679 -1.185466
36277 -768234.352732 0.000000 -5.791507 -2.758294
36074 -768232.779904 0.000000 -4.218679 -1.185466
36011 -768232.779733 0.000000 -4.218508 -1.185295
35808 -768232.779725 0.000000 -4.218500 -1.185287
35745 -768232.779904 0.000000 -4.218679 -1.185466
122178 -768234.352733 0.000000 -5.791507 -2.758294
35201 -768232.779904 0.000000 -4.218679 -1.185466
