#ID      EIGB 	      EIPGB 	   GBbin        GBseg
784 -347508.094736 0.000000 -3.751660 -0.717651
1080 -347508.094736 0.000000 -3.751660 -0.717651
5564 -347508.094736 0.000000 -3.751660 -0.717651
5840 -347508.094736 0.000000 -3.751660 -0.717651
6025 -347508.094736 0.000000 -3.751660 -0.717651
10615 -347508.094736 0.000000 -3.751660 -0.717651
10809 -347508.094736 0.000000 -3.751660 -0.717651
15378 -347508.094736 0.000000 -3.751660 -0.717651
15569 -347508.094736 0.000000 -3.751660 -0.717651
15847 -347508.094736 0.000000 -3.751660 -0.717651
724 -347508.064706 0.000000 -3.721631 -0.687622
949 -347508.064706 0.000000 -3.721631 -0.687622
1196 -347508.064706 0.000000 -3.721631 -0.687622
5709 -347508.064706 0.000000 -3.721631 -0.687622
5973 -347508.064706 0.000000 -3.721631 -0.687622
10491 -347508.064706 0.000000 -3.721631 -0.687622
10748 -347508.064706 0.000000 -3.721631 -0.687622
10955 -347508.064706 0.000000 -3.721631 -0.687622
15508 -347508.064706 0.000000 -3.721631 -0.687622
15734 -347508.064706 0.000000 -3.721631 -0.687622
885 -347507.863910 0.000000 -3.520835 -0.486826
1079 -347507.863910 0.000000 -3.520835 -0.486826
5645 -347507.863910 0.000000 -3.520835 -0.486826
5839 -347507.863910 0.000000 -3.520835 -0.486826
6095 -347507.863910 0.000000 -3.520835 -0.486826
10614 -347507.863910 0.000000 -3.520835 -0.486826
10909 -347507.863910 0.000000 -3.520835 -0.486826
15377 -347507.863910 0.000000 -3.520835 -0.486826
15670 -347507.863910 0.000000 -3.520835 -0.486826
15846 -347507.863910 0.000000 -3.520835 -0.486826
753 -347507.822504 0.000000 -3.479428 -0.445420
1017 -347507.822504 0.000000 -3.479428 -0.445420
1207 -347507.822504 0.000000 -3.479428 -0.445420
5777 -347507.822504 0.000000 -3.479428 -0.445420
6003 -347507.822504 0.000000 -3.479428 -0.445420
10553 -347507.822504 0.000000 -3.479428 -0.445420
10778 -347507.822504 0.000000 -3.479428 -0.445420
10997 -347507.822504 0.000000 -3.479428 -0.445420
15538 -347507.822504 0.000000 -3.479428 -0.445420
15799 -347507.822504 0.000000 -3.479428 -0.445420
884 -347507.937234 0.000000 -3.594158 -0.560150
40288 -347507.937234 0.000000 -3.594158 -0.560150
5644 -347507.937234 0.000000 -3.594159 -0.560150
45058 -347507.937234 0.000000 -3.594158 -0.560150
6094 -347507.937234 0.000000 -3.594159 -0.560150
49833 -347507.937234 0.000000 -3.594159 -0.560150
10908 -347507.937234 0.000000 -3.594159 -0.560150
54593 -347507.937234 0.000000 -3.594159 -0.560150
15669 -347507.937234 0.000000 -3.594158 -0.560150
55004 -347507.937234 0.000000 -3.594158 -0.560150
675 -347508.145203 0.000000 -3.802127 -0.768119
1048 -347508.145203 0.000000 -3.802127 -0.768119
1122 -347508.145203 0.000000 -3.802127 -0.768119
5808 -347508.145203 0.000000 -3.802127 -0.768119
5892 -347508.145203 0.000000 -3.802127 -0.768119
10583 -347508.145203 0.000000 -3.802127 -0.768119
10667 -347508.145203 0.000000 -3.802127 -0.768119
11004 -347508.145203 0.000000 -3.802127 -0.768119
15430 -347508.145203 0.000000 -3.802127 -0.768119
15828 -347508.145203 0.000000 -3.802127 -0.768119
804 -347508.624760 0.000000 -4.281685 -1.247676
1167 -347508.624760 0.000000 -4.281684 -1.247676
5582 -347508.624760 0.000000 -4.281685 -1.247676
5937 -347508.624760 0.000000 -4.281685 -1.247676
6033 -347508.624760 0.000000 -4.281685 -1.247676
10712 -347508.624760 0.000000 -4.281685 -1.247676
10828 -347508.624760 0.000000 -4.281685 -1.247676
15472 -347508.624760 0.000000 -4.281685 -1.247676
15589 -347508.624760 0.000000 -4.281685 -1.247676
15883 -347508.624760 0.000000 -4.281685 -1.247676
853 -347508.653831 0.000000 -4.310756 -1.276747
952 -347508.653831 0.000000 -4.310756 -1.276747
1114 -347508.653831 0.000000 -4.310756 -1.276747
5712 -347508.653831 0.000000 -4.310756 -1.276747
6078 -347508.653831 0.000000 -4.310756 -1.276747
10494 -347508.653831 0.000000 -4.310756 -1.276747
10877 -347508.653831 0.000000 -4.310756 -1.276747
10958 -347508.653831 0.000000 -4.310756 -1.276747
15638 -347508.653831 0.000000 -4.310756 -1.276747
15737 -347508.653831 0.000000 -4.310756 -1.276747
984 -347508.178985 0.000000 -3.835909 -0.801900
1111 -347508.178985 0.000000 -3.835909 -0.801900
5744 -347508.178985 0.000000 -3.835909 -0.801900
5873 -347508.178985 0.000000 -3.835909 -0.801900
5876 -347508.178985 0.000000 -3.835909 -0.801900
10648 -347508.178985 0.000000 -3.835909 -0.801900
10975 -347508.178985 0.000000 -3.835909 -0.801900
15411 -347508.178985 0.000000 -3.835909 -0.801900
15766 -347508.178985 0.000000 -3.835909 -0.801900
15855 -347508.178985 0.000000 -3.835909 -0.801900
756 -347508.043748 0.000000 -3.700673 -0.666664
40258 -347508.043748 0.000000 -3.700673 -0.666664
1210 -347508.043748 0.000000 -3.700673 -0.666664
45028 -347508.043748 0.000000 -3.700673 -0.666664
6006 -347508.043748 0.000000 -3.700673 -0.666664
49803 -347508.043748 0.000000 -3.700673 -0.666664
10781 -347508.043748 0.000000 -3.700673 -0.666664
49771 -347508.043748 0.000000 -3.700673 -0.666664
15541 -347508.043748 0.000000 -3.700673 -0.666664
54991 -347508.043748 0.000000 -3.700673 -0.666664
918 -347507.959318 0.000000 -3.616243 -0.582234
1110 -347507.959318 0.000000 -3.616243 -0.582234
5678 -347507.959318 0.000000 -3.616243 -0.582234
5872 -347507.959318 0.000000 -3.616243 -0.582234
6102 -347507.959318 0.000000 -3.616243 -0.582234
10647 -347507.959318 0.000000 -3.616243 -0.582234
10939 -347507.959318 0.000000 -3.616243 -0.582234
15410 -347507.959318 0.000000 -3.616243 -0.582234
15703 -347507.959318 0.000000 -3.616243 -0.582234
15854 -347507.959318 0.000000 -3.616243 -0.582234
787 -347507.799869 0.000000 -3.456794 -0.422785
1051 -347507.799869 0.000000 -3.456794 -0.422785
1211 -347507.799869 0.000000 -3.456794 -0.422785
5811 -347507.799869 0.000000 -3.456794 -0.422785
6028 -347507.799869 0.000000 -3.456794 -0.422785
10586 -347507.799870 0.000000 -3.456794 -0.422785
10812 -347507.799870 0.000000 -3.456794 -0.422785
10813 -347507.799869 0.000000 -3.456794 -0.422785
15572 -347507.799869 0.000000 -3.456794 -0.422785
15831 -347507.799870 0.000000 -3.456794 -0.422785
856 -347507.582555 0.000000 -3.239479 -0.205471
1082 -347507.582555 0.000000 -3.239479 -0.205471
5616 -347507.582555 0.000000 -3.239479 -0.205471
5842 -347507.582555 0.000000 -3.239479 -0.205471
6081 -347507.582555 0.000000 -3.239479 -0.205471
10617 -347507.582555 0.000000 -3.239479 -0.205471
10880 -347507.582555 0.000000 -3.239479 -0.205471
15380 -347507.582555 0.000000 -3.239479 -0.205471
15641 -347507.582555 0.000000 -3.239479 -0.205471
15849 -347507.582555 0.000000 -3.239479 -0.205471
917 -347507.589002 0.000000 -3.245926 -0.211917
1195 -347507.589002 0.000000 -3.245926 -0.211917
5677 -347507.589002 0.000000 -3.245926 -0.211917
5972 -347507.589002 0.000000 -3.245926 -0.211917
6101 -347507.589002 0.000000 -3.245926 -0.211917
10747 -347507.589002 0.000000 -3.245926 -0.211917
10938 -347507.589002 0.000000 -3.245926 -0.211917
15507 -347507.589002 0.000000 -3.245926 -0.211917
15702 -347507.589002 0.000000 -3.245926 -0.211917
15573 -347507.589002 0.000000 -3.245926 -0.211917
822 -347508.826495 0.000000 -4.483420 -1.449411
789 -347508.798872 0.000000 -4.455797 -1.421788
951 -347508.826495 0.000000 -4.483420 -1.449411
1170 -347508.798872 0.000000 -4.455797 -1.421788
1223 -347508.826495 0.000000 -4.483420 -1.449411
5567 -347508.798872 0.000000 -4.455797 -1.421788
5711 -347508.826495 0.000000 -4.483420 -1.449411
5940 -347508.798872 0.000000 -4.455797 -1.421788
6051 -347508.826495 0.000000 -4.483420 -1.449411
6030 -347508.798872 0.000000 -4.455797 -1.421788
10493 -347508.826495 0.000000 -4.483420 -1.449411
10715 -347508.798872 0.000000 -4.455797 -1.421788
10846 -347508.826495 0.000000 -4.483420 -1.449411
10814 -347508.798872 0.000000 -4.455797 -1.421788
10957 -347508.826495 0.000000 -4.483420 -1.449411
15475 -347508.798872 0.000000 -4.455797 -1.421788
15607 -347508.826495 0.000000 -4.483420 -1.449411
15574 -347508.798872 0.000000 -4.455797 -1.421788
15736 -347508.826495 0.000000 -4.483420 -1.449411
15872 -347508.798872 0.000000 -4.455797 -1.421788
723 -347507.864428 0.000000 -3.521352 -0.487343
674 -347508.129954 0.000000 -3.786879 -0.752870
40136 -347507.864428 0.000000 -3.521352 -0.487343
1015 -347508.129955 0.000000 -3.786879 -0.752870
1194 -347507.864428 0.000000 -3.521352 -0.487343
1121 -347508.129955 0.000000 -3.786879 -0.752870
44896 -347507.864428 0.000000 -3.521352 -0.487343
5775 -347508.129955 0.000000 -3.786879 -0.752870
5971 -347507.864427 0.000000 -3.521352 -0.487343
5891 -347508.129955 0.000000 -3.786879 -0.752870
49672 -347507.864427 0.000000 -3.521352 -0.487343
10551 -347508.129955 0.000000 -3.786879 -0.752870
10746 -347507.864428 0.000000 -3.521352 -0.487343
10666 -347508.129955 0.000000 -3.786879 -0.752870
50116 -347507.864428 0.000000 -3.521352 -0.487343
10995 -347508.129955 0.000000 -3.786879 -0.752870
15506 -347507.864427 0.000000 -3.521352 -0.487343
15429 -347508.129955 0.000000 -3.786879 -0.752870
54918 -347507.864428 0.000000 -3.521352 -0.487343
15797 -347508.129955 0.000000 -3.786879 -0.752870
887 -347507.994783 0.000000 -3.651707 -0.617698
969 -347507.994783 0.000000 -3.651707 -0.617698
5647 -347507.994783 0.000000 -3.651707 -0.617698
5729 -347507.994783 0.000000 -3.651707 -0.617698
6097 -347507.994783 0.000000 -3.651707 -0.617698
10511 -347507.994783 0.000000 -3.651707 -0.617698
10911 -347507.994783 0.000000 -3.651707 -0.617698
15314 -347507.994783 0.000000 -3.651707 -0.617698
15672 -347507.994783 0.000000 -3.651707 -0.617698
15751 -347507.994783 0.000000 -3.651707 -0.617698
854 -347508.651257 0.000000 -4.308181 -1.274172
968 -347508.651257 0.000000 -4.308181 -1.274172
1018 -347508.651257 0.000000 -4.308181 -1.274172
5728 -347508.651257 0.000000 -4.308181 -1.274172
6079 -347508.651257 0.000000 -4.308181 -1.274172
10510 -347508.651257 0.000000 -4.308181 -1.274172
10878 -347508.651257 0.000000 -4.308181 -1.274172
10960 -347508.651257 0.000000 -4.308181 -1.274172
15639 -347508.651257 0.000000 -4.308181 -1.274172
15750 -347508.651257 0.000000 -4.308181 -1.274172
806 -347508.654946 0.000000 -4.311871 -1.277862
1197 -347508.654946 0.000000 -4.311871 -1.277862
5584 -347508.654946 0.000000 -4.311871 -1.277862
5974 -347508.654946 0.000000 -4.311871 -1.277862
6035 -347508.654946 0.000000 -4.311871 -1.277862
10749 -347508.654946 0.000000 -4.311871 -1.277862
10830 -347508.654946 0.000000 -4.311871 -1.277862
15509 -347508.654946 0.000000 -4.311871 -1.277862
15591 -347508.654946 0.000000 -4.311871 -1.277862
15414 -347508.654946 0.000000 -4.311871 -1.277862
39975 -347508.193108 0.000000 -3.850032 -0.816024
1049 -347508.193108 0.000000 -3.850032 -0.816024
39908 -347508.193108 0.000000 -3.850032 -0.816024
5809 -347508.193108 0.000000 -3.850032 -0.816024
45200 -347508.193108 0.000000 -3.850032 -0.816024
10584 -347508.193108 0.000000 -3.850032 -0.816024
49999 -347508.193108 0.000000 -3.850032 -0.816024
11005 -347508.193108 0.000000 -3.850032 -0.816024
54760 -347508.193108 0.000000 -3.850032 -0.816024
15829 -347508.193108 0.000000 -3.850032 -0.816024
920 -347508.132579 0.000000 -3.789503 -0.755495
40291 -347508.132579 0.000000 -3.789503 -0.755495
5680 -347508.132579 0.000000 -3.789503 -0.755495
45061 -347508.132579 0.000000 -3.789503 -0.755495
6103 -347508.132579 0.000000 -3.789503 -0.755495
49836 -347508.132579 0.000000 -3.789503 -0.755495
10941 -347508.132579 0.000000 -3.789503 -0.755495
54596 -347508.132579 0.000000 -3.789503 -0.755495
15705 -347508.132579 0.000000 -3.789503 -0.755495
54977 -347508.132579 0.000000 -3.789503 -0.755495
754 -347507.887756 0.000000 -3.544681 -0.510672
1050 -347507.887756 0.000000 -3.544681 -0.510672
1208 -347507.887756 0.000000 -3.544681 -0.510672
5810 -347507.887756 0.000000 -3.544681 -0.510672
6004 -347507.887756 0.000000 -3.544681 -0.510672
10585 -347507.887756 0.000000 -3.544681 -0.510672
10779 -347507.887756 0.000000 -3.544681 -0.510672
10998 -347507.887756 0.000000 -3.544681 -0.510672
15539 -347507.887756 0.000000 -3.544681 -0.510672
15830 -347507.887756 0.000000 -3.544681 -0.510672
888 -347507.978867 0.000000 -3.635791 -0.601783
1113 -347507.978867 0.000000 -3.635791 -0.601783
5648 -347507.978867 0.000000 -3.635791 -0.601783
5875 -347507.978867 0.000000 -3.635791 -0.601783
6098 -347507.978867 0.000000 -3.635791 -0.601783
10650 -347507.978867 0.000000 -3.635791 -0.601783
10912 -347507.978867 0.000000 -3.635791 -0.601783
15413 -347507.978867 0.000000 -3.635791 -0.601783
15673 -347507.978867 0.000000 -3.635791 -0.601783
15856 -347507.978867 0.000000 -3.635791 -0.601783
755 -347508.075019 0.000000 -3.731944 -0.697935
950 -347508.075019 0.000000 -3.731944 -0.697935
1209 -347508.075019 0.000000 -3.731944 -0.697935
5710 -347508.075019 0.000000 -3.731944 -0.697935
6005 -347508.075019 0.000000 -3.731944 -0.697935
10492 -347508.075019 0.000000 -3.731944 -0.697935
10780 -347508.075019 0.000000 -3.731944 -0.697935
10956 -347508.075019 0.000000 -3.731944 -0.697935
15540 -347508.075019 0.000000 -3.731944 -0.697935
15735 -347508.075019 0.000000 -3.731944 -0.697935
40105 -347508.103290 0.000000 -3.760214 -0.726206
1083 -347508.103290 0.000000 -3.760214 -0.726206
44865 -347508.103290 0.000000 -3.760214 -0.726206
5843 -347508.103290 0.000000 -3.760214 -0.726206
44898 -347508.103290 0.000000 -3.760214 -0.726206
10618 -347508.103290 0.000000 -3.760214 -0.726206
50096 -347508.103290 0.000000 -3.760214 -0.726206
15381 -347508.103290 0.000000 -3.760214 -0.726206
54887 -347508.103290 0.000000 -3.760214 -0.726206
15850 -347508.103290 0.000000 -3.760214 -0.726206
1635 -347508.077079 0.000000 -3.734003 -0.699994
1341 -347508.077079 0.000000 -3.734003 -0.699994
6711 -347508.077079 0.000000 -3.734003 -0.699994
6341 -347508.077079 0.000000 -3.734003 -0.699994
6154 -347508.077079 0.000000 -3.734003 -0.699994
11366 -347508.077079 0.000000 -3.734003 -0.699994
11170 -347508.077079 0.000000 -3.734003 -0.699994
16491 -347508.077079 0.000000 -3.734003 -0.699994
16170 -347508.077079 0.000000 -3.734003 -0.699994
15906 -347508.077079 0.000000 -3.734003 -0.699994
35454 -347508.024775 0.000000 -3.681699 -0.647691
1504 -347508.024775 0.000000 -3.681699 -0.647691
1289 -347508.024775 0.000000 -3.681699 -0.647691
6504 -347508.024775 0.000000 -3.681699 -0.647691
6277 -347508.024775 0.000000 -3.681699 -0.647691
6106 -347508.024775 0.000000 -3.681699 -0.647691
11302 -347508.024775 0.000000 -3.681699 -0.647691
11050 -347508.024775 0.000000 -3.681699 -0.647691
16302 -347508.024775 0.000000 -3.681699 -0.647691
16039 -347508.024775 0.000000 -3.681699 -0.647691
1634 -347507.930075 0.000000 -3.586999 -0.552991
1439 -347507.930075 0.000000 -3.586999 -0.552991
1228 -347507.930075 0.000000 -3.586999 -0.552991
6439 -347507.930075 0.000000 -3.586999 -0.552991
6153 -347507.930075 0.000000 -3.586999 -0.552991
11464 -347507.930075 0.000000 -3.586999 -0.552991
11169 -347507.930075 0.000000 -3.586999 -0.552991
11024 -347507.930075 0.000000 -3.586999 -0.552991
16169 -347507.930075 0.000000 -3.586999 -0.552991
15977 -347507.930075 0.000000 -3.586999 -0.552991
1578 -347508.022361 0.000000 -3.679286 -0.645277
1309 -347508.022361 0.000000 -3.679286 -0.645277
6576 -347508.022361 0.000000 -3.679286 -0.645277
6308 -347508.022361 0.000000 -3.679286 -0.645277
6136 -347508.022361 0.000000 -3.679286 -0.645277
11333 -347508.022361 0.000000 -3.679286 -0.645277
11118 -347508.022361 0.000000 -3.679286 -0.645277
16333 -347508.022361 0.000000 -3.679286 -0.645277
16113 -347508.022361 0.000000 -3.679286 -0.645277
15895 -347508.022361 0.000000 -3.679286 -0.645277
1733 -347508.051071 0.000000 -3.707995 -0.673987
1374 -347508.051071 0.000000 -3.707995 -0.673987
1280 -347508.051071 0.000000 -3.707995 -0.673987
6374 -347508.051071 0.000000 -3.707995 -0.673987
6252 -347508.051071 0.000000 -3.707995 -0.673987
11399 -347508.051071 0.000000 -3.707995 -0.673987
11276 -347508.051071 0.000000 -3.707995 -0.673987
11008 -347508.051071 0.000000 -3.707995 -0.673987
16276 -347508.051071 0.000000 -3.707995 -0.673987
15930 -347508.051071 0.000000 -3.707995 -0.673987
1507 -347507.999972 0.000000 -3.656897 -0.622888
1414 -347507.999972 0.000000 -3.656897 -0.622888
6507 -347507.999972 0.000000 -3.656897 -0.622888
6414 -347507.999972 0.000000 -3.656897 -0.622888
6109 -347507.999972 0.000000 -3.656897 -0.622888
11439 -347507.999972 0.000000 -3.656897 -0.622888
11053 -347507.999972 0.000000 -3.656897 -0.622888
16422 -347507.999972 0.000000 -3.656897 -0.622888
16042 -347507.999972 0.000000 -3.656897 -0.622888
15963 -347507.999972 0.000000 -3.656897 -0.622888
1669 -347508.058740 0.000000 -3.715664 -0.681655
1569 -347508.058740 0.000000 -3.715664 -0.681655
1234 -347508.058740 0.000000 -3.715664 -0.681655
6567 -347508.058739 0.000000 -3.715664 -0.681655
6183 -347508.058740 0.000000 -3.715664 -0.681655
11565 -347508.058739 0.000000 -3.715664 -0.681655
11204 -347508.058739 0.000000 -3.715664 -0.681655
11113 -347508.058739 0.000000 -3.715664 -0.681655
16204 -347508.058739 0.000000 -3.715664 -0.681655
16104 -347508.058739 0.000000 -3.715664 -0.681655
1537 -347507.983910 0.000000 -3.640835 -0.606826
1312 -347507.983910 0.000000 -3.640835 -0.606826
6537 -347507.983910 0.000000 -3.640835 -0.606826
6311 -347507.983910 0.000000 -3.640835 -0.606826
6113 -347507.983910 0.000000 -3.640835 -0.606826
11336 -347507.983910 0.000000 -3.640835 -0.606826
11081 -347507.983910 0.000000 -3.640835 -0.606826
16336 -347507.983910 0.000000 -3.640835 -0.606826
16072 -347507.983910 0.000000 -3.640835 -0.606826
15898 -347507.983910 0.000000 -3.640835 -0.606826
