#ID      EIFS 	      EIPFS 	   FSbin        FSseg
1406 -1056259.813984 0.000000 -4.219258 -1.186622
788 -1056259.401949 0.000000 -3.807223 -0.774586
1504 -1056259.369889 0.000000 -3.775163 -0.742527
870 -1056259.403843 0.000000 -3.809117 -0.776481
1571 -1056259.397655 0.000000 -3.802929 -0.770293
916 -1056259.577346 0.000000 -3.982620 -0.949983
1603 -1056259.403881 0.000000 -3.809155 -0.776518
459 -1056258.772347 0.000000 -3.177621 -0.144985
8051 -1056259.402172 0.000000 -3.807446 -0.774809
9069 -1056259.775244 0.000000 -4.180519 -1.147882
8141 -1056259.404213 0.000000 -3.809487 -0.776851
9137 -1056259.394966 0.000000 -3.800240 -0.767604
8184 -1056259.540207 0.000000 -3.945481 -0.912845
9169 -1056259.403905 0.000000 -3.809180 -0.776543
7841 -1056257.762556 0.000000 -2.167830 0.864807
15670 -1056259.402071 0.000000 -3.807346 -0.774709
16390 -1056259.775282 0.000000 -4.180556 -1.147919
15760 -1056259.404197 0.000000 -3.809472 -0.776835
16466 -1056259.394953 0.000000 -3.800227 -0.767590
15814 -1056259.540202 0.000000 -3.945476 -0.912840
16507 -1056259.403901 0.000000 -3.809175 -0.776538
15340 -1056257.762551 0.000000 -2.167825 0.864812
22933 -1056259.402069 0.000000 -3.807343 -0.774707
23954 -1056259.775282 0.000000 -4.180556 -1.147920
23027 -1056259.404194 0.000000 -3.809468 -0.776832
24031 -1056259.394951 0.000000 -3.800225 -0.767589
23084 -1056259.540199 0.000000 -3.945473 -0.912836
24073 -1056259.403900 0.000000 -3.809174 -0.776537
23064 -1056257.762549 0.000000 -2.167824 0.864813
30548 -1056259.402068 0.000000 -3.807342 -0.774706
31270 -1056259.775282 0.000000 -4.180557 -1.147920
30645 -1056259.404194 0.000000 -3.809468 -0.776832
31355 -1056259.394951 0.000000 -3.800226 -0.767589
30708 -1056259.540200 0.000000 -3.945474 -0.912837
31405 -1056259.403901 0.000000 -3.809175 -0.776538
30318 -1056257.762552 0.000000 -2.167827 0.864810
31420 -1056259.402071 0.000000 -3.807345 -0.774708
38839 -1056259.775284 0.000000 -4.180558 -1.147922
37915 -1056259.404198 0.000000 -3.809473 -0.776836
38925 -1056259.394957 0.000000 -3.800231 -0.767594
37987 -1056259.540207 0.000000 -3.945482 -0.912845
38976 -1056259.403909 0.000000 -3.809183 -0.776547
38004 -1056257.904566 0.000000 -2.309840 0.722797
38991 -1056259.402083 0.000000 -3.807357 -0.774721
46153 -1056259.775294 0.000000 -4.180568 -1.147932
45532 -1056259.404213 0.000000 -3.809487 -0.776850
46246 -1056259.395001 0.000000 -3.800275 -0.767638
45604 -1056259.540191 0.000000 -3.945465 -0.912829
46304 -1056259.403991 0.000000 -3.809265 -0.776628
45638 -1056257.903796 0.000000 -2.309070 0.723567
46327 -1056259.402357 0.000000 -3.807631 -0.774994
53715 -1056259.814410 0.000000 -4.219684 -1.187048
52796 -1056259.401560 0.000000 -3.806834 -0.774198
53808 -1056259.378921 0.000000 -3.784195 -0.751558
52877 -1056259.483053 0.000000 -3.888327 -0.855690
53868 -1056259.399794 0.000000 -3.805068 -0.772431
52907 -1056259.294387 0.000000 -3.699661 -0.667024
53891 -1056259.402501 0.000000 -3.807775 -0.775138
408 -1056259.498450 0.000000 -3.903724 -0.871087
1122 -1056259.418785 0.000000 -3.824059 -0.791423
506 -1056259.606166 0.000000 -4.011440 -0.978804
1214 -1056259.423390 0.000000 -3.828664 -0.796028
1824 -1056257.765044 0.000000 -2.170318 0.862318
1271 -1056259.422324 0.000000 -3.827598 -0.794961
1857 -1056259.814815 0.000000 -4.220089 -1.187452
1293 -1056259.420081 0.000000 -3.825355 -0.792718
8737 -1056259.415620 0.000000 -3.820895 -0.788258
7819 -1056259.558721 0.000000 -3.963995 -0.931358
8830 -1056259.423867 0.000000 -3.829141 -0.796505
9245 -1056257.933781 0.000000 -2.339055 0.693582
8888 -1056259.424113 0.000000 -3.829387 -0.796750
9289 -1056259.813780 0.000000 -4.219054 -1.186417
8911 -1056259.419935 0.000000 -3.825209 -0.792572
16004 -1056259.415597 0.000000 -3.820871 -0.788234
15390 -1056259.558692 0.000000 -3.963966 -0.931330
16103 -1056259.423850 0.000000 -3.829125 -0.796488
16726 -1056257.933824 0.000000 -2.339098 0.693539
16168 -1056259.424108 0.000000 -3.829382 -0.796746
16761 -1056259.813780 0.000000 -4.219054 -1.186417
16199 -1056259.419931 0.000000 -3.825206 -0.792569
23620 -1056259.415594 0.000000 -3.820869 -0.788232
22715 -1056259.558687 0.000000 -3.963961 -0.931325
23717 -1056259.423849 0.000000 -3.829123 -0.796486
24136 -1056257.933831 0.000000 -2.339105 0.693532
23784 -1056259.424106 0.000000 -3.829381 -0.796744
24189 -1056259.813780 0.000000 -4.219054 -1.186417
23815 -1056259.419930 0.000000 -3.825204 -0.792568
30882 -1056259.415594 0.000000 -3.820868 -0.788231
30267 -1056259.558687 0.000000 -3.963961 -0.931324
30985 -1056259.423849 0.000000 -3.829123 -0.796486
31622 -1056257.933829 0.000000 -2.339103 0.693534
31059 -1056259.424107 0.000000 -3.829381 -0.796745
31657 -1056259.813780 0.000000 -4.219055 -1.186418
31099 -1056259.419932 0.000000 -3.825206 -0.792569
31105 -1056259.415596 0.000000 -3.820870 -0.788233
37596 -1056259.558690 0.000000 -3.963964 -0.931328
38604 -1056259.423852 0.000000 -3.829126 -0.796489
37657 -1056259.335014 0.000000 -3.740288 -0.707652
38679 -1056259.424113 0.000000 -3.829387 -0.796750
39088 -1056259.813784 0.000000 -4.219058 -1.186421
38720 -1056259.419941 0.000000 -3.825215 -0.792578
39113 -1056259.415608 0.000000 -3.820882 -0.788245
45150 -1056259.558701 0.000000 -3.963975 -0.931339
45869 -1056259.423876 0.000000 -3.829150 -0.796514
45246 -1056259.335003 0.000000 -3.740277 -0.707640
45953 -1056259.424156 0.000000 -3.829430 -0.796793
46555 -1056259.813871 0.000000 -4.219145 -1.186509
46001 -1056259.420011 0.000000 -3.825285 -0.792648
46321 -1056259.415893 0.000000 -3.821167 -0.788531
52475 -1056259.498383 0.000000 -3.903657 -0.871020
53483 -1056259.418838 0.000000 -3.824112 -0.791476
52551 -1056259.347087 0.000000 -3.752361 -0.719724
53567 -1056259.423704 0.000000 -3.828978 -0.796342
53978 -1056257.745403 0.000000 -2.150677 0.881960
53616 -1056259.419791 0.000000 -3.825065 -0.792428
54012 -1056259.415790 0.000000 -3.821064 -0.788427
737 -1056259.494112 0.000000 -3.899386 -0.866749
1670 -1056257.812063 0.000000 -2.217337 0.815300
833 -1056259.491617 0.000000 -3.896891 -0.864254
1747 -1056259.891164 0.000000 -4.296438 -1.263802
897 -1056259.535293 0.000000 -3.940567 -0.907930
1790 -1056259.490583 0.000000 -3.895857 -0.863220
920 -1056259.624708 0.000000 -4.029982 -0.997346
1799 -1056259.493550 0.000000 -3.898824 -0.866187
9021 -1056257.987999 0.000000 -2.393273 0.639363
8465 -1056259.494749 0.000000 -3.900023 -0.867386
9107 -1056259.888801 0.000000 -4.294075 -1.261438
8530 -1056259.490413 0.000000 -3.895687 -0.863050
9157 -1056259.459420 0.000000 -3.864695 -0.832058
8558 -1056259.625624 0.000000 -4.030899 -0.998262
9173 -1056259.493264 0.000000 -3.898538 -0.865901
16556 -1056257.988057 0.000000 -2.393331 0.639305
15718 -1056259.494711 0.000000 -3.899985 -0.867348
16641 -1056259.888804 0.000000 -4.294078 -1.261441
15791 -1056259.490406 0.000000 -3.895680 -0.863043
16692 -1056259.459412 0.000000 -3.864686 -0.832050
15825 -1056259.625617 0.000000 -4.030891 -0.998254
16708 -1056259.493261 0.000000 -3.898535 -0.865899
23904 -1056257.988066 0.000000 -2.393340 0.639297
23351 -1056259.494708 0.000000 -3.899982 -0.867346
23997 -1056259.888804 0.000000 -4.294078 -1.261441
23425 -1056259.490403 0.000000 -3.895677 -0.863041
24056 -1056259.459411 0.000000 -3.864685 -0.832048
23462 -1056259.625615 0.000000 -4.030889 -0.998252
24080 -1056259.493260 0.000000 -3.898534 -0.865898
31447 -1056257.988067 0.000000 -2.393341 0.639295
30599 -1056259.494708 0.000000 -3.899982 -0.867345
31526 -1056259.888804 0.000000 -4.294078 -1.261441
30680 -1056259.490404 0.000000 -3.895678 -0.863041
31586 -1056259.459411 0.000000 -3.864685 -0.832049
30726 -1056259.625616 0.000000 -4.030890 -0.998254
31611 -1056259.493262 0.000000 -3.898536 -0.865899
30733 -1056259.401257 0.000000 -3.806531 -0.773894
38237 -1056259.494711 0.000000 -3.899985 -0.867348
38886 -1056259.888806 0.000000 -4.294080 -1.261443
38320 -1056259.490409 0.000000 -3.895683 -0.863047
38954 -1056259.459418 0.000000 -3.864692 -0.832056
38366 -1056259.625626 0.000000 -4.030900 -0.998264
38987 -1056259.493273 0.000000 -3.898547 -0.865911
38378 -1056259.401238 0.000000 -3.806512 -0.773876
45482 -1056259.494730 0.000000 -3.900004 -0.867368
46414 -1056259.888821 0.000000 -4.294095 -1.261458
45572 -1056259.490429 0.000000 -3.895703 -0.863066
46482 -1056259.459502 0.000000 -3.864776 -0.832140
45627 -1056259.625607 0.000000 -4.030882 -0.998245
46516 -1056259.493535 0.000000 -3.898809 -0.866172
45641 -1056259.402259 0.000000 -3.807533 -0.774897
53115 -1056259.493930 0.000000 -3.899204 -0.866567
53765 -1056257.814034 0.000000 -2.219308 0.813328
53205 -1056259.490748 0.000000 -3.896022 -0.863385
53842 -1056259.455438 0.000000 -3.860712 -0.828076
53260 -1056259.534190 0.000000 -3.939464 -0.906828
53883 -1056259.493264 0.000000 -3.898538 -0.865901
53280 -1056259.402255 0.000000 -3.807530 -0.774893
1405 -1056258.775932 0.000000 -3.181206 -0.148569
461 -1056258.738345 0.000000 -3.143619 -0.110983
1503 -1056257.786054 0.000000 -2.191329 0.841308
539 -1056259.873921 0.000000 -4.279195 -1.246558
1570 -1056257.792717 0.000000 -2.197992 0.834645
1848 -1056257.985272 0.000000 -2.390547 0.642090
1602 -1056257.791033 0.000000 -2.196307 0.836330
8689 -1056257.815637 0.000000 -2.220911 0.811725
8050 -1056257.791876 0.000000 -2.197150 0.835486
8791 -1056257.785039 0.000000 -2.190313 0.842324
8140 -1056259.189530 0.000000 -3.594804 -0.562167
8867 -1056257.788843 0.000000 -2.194117 0.838520
9309 -1056258.307648 0.000000 -2.712922 0.319715
8907 -1056257.793162 0.000000 -2.198437 0.834200
8102 -1056257.815709 0.000000 -2.220983 0.811653
15342 -1056257.791870 0.000000 -2.197144 0.835493
16389 -1056257.785011 0.000000 -2.190285 0.842352
15438 -1056259.189517 0.000000 -3.594791 -0.562154
16465 -1056257.788804 0.000000 -2.194078 0.838558
16747 -1056258.307657 0.000000 -2.712931 0.319705
16506 -1056257.793145 0.000000 -2.198419 0.834218
16188 -1056257.815687 0.000000 -2.220961 0.811676
22932 -1056257.791864 0.000000 -2.197138 0.835499
23674 -1056257.785000 0.000000 -2.190274 0.842363
23026 -1056259.189512 0.000000 -3.594786 -0.562149
23759 -1056257.788800 0.000000 -2.194074 0.838563
143460 -1056258.082047 0.000000 -2.487321 0.545315
23807 -1056257.793143 0.000000 -2.198417 0.834220
23094 -1056257.815685 0.000000 -2.220959 0.811678
30219 -1056257.791863 0.000000 -2.197137 0.835499
31269 -1056257.785001 0.000000 -2.190275 0.842361
30320 -1056259.189513 0.000000 -3.594787 -0.562151
31354 -1056257.788804 0.000000 -2.194078 0.838559
30365 -1056258.082049 0.000000 -2.487323 0.545313
31404 -1056257.793150 0.000000 -2.198424 0.834212
31386 -1056257.815693 0.000000 -2.220967 0.811669
37816 -1056257.791874 0.000000 -2.197148 0.835489
38557 -1056257.785016 0.000000 -2.190290 0.842347
37914 -1056259.189524 0.000000 -3.594798 -0.562161
38650 -1056257.788824 0.000000 -2.194099 0.838538
37986 -1056258.082056 0.000000 -2.487330 0.545307
38707 -1056257.793179 0.000000 -2.198453 0.834184
38705 -1056257.815732 0.000000 -2.221006 0.811630
38730 -1056257.791910 0.000000 -2.197184 0.835453
46152 -1056257.785086 0.000000 -2.190360 0.842277
45205 -1056259.189510 0.000000 -3.594784 -0.562147
46245 -1056257.788964 0.000000 -2.194239 0.838398
45267 -1056258.082013 0.000000 -2.487288 0.545349
46303 -1056257.793258 0.000000 -2.198532 0.834105
46576 -1056257.817388 0.000000 -2.222662 0.809974
46326 -1056257.790761 0.000000 -2.196035 0.836602
53435 -1056258.776011 0.000000 -3.181285 -0.148648
52795 -1056258.736007 0.000000 -3.141282 -0.108645
53533 -1056257.790313 0.000000 -2.195588 0.837049
52876 -1056259.105385 0.000000 -3.510659 -0.478023
53599 -1056257.792817 0.000000 -2.198092 0.834545
53893 -1056258.831443 0.000000 -3.236717 -0.204080
53630 -1056257.789591 0.000000 -2.194866 0.837771
233 -1056259.100507 0.000000 -3.505781 -0.473144
1171 -1056258.843660 0.000000 -3.248934 -0.216298
1713 -1056258.124793 0.000000 -2.530067 0.502570
1246 -1056258.843341 0.000000 -3.248615 -0.215979
1773 -1056258.839250 0.000000 -3.244524 -0.211887
1285 -1056258.850610 0.000000 -3.255884 -0.223247
1797 -1056258.835639 0.000000 -3.240913 -0.208276
7780 -1056259.240138 0.000000 -3.645412 -0.612775
8420 -1056258.844147 0.000000 -3.249421 -0.216785
9210 -1056258.452658 0.000000 -2.857932 0.174704
8502 -1056258.843994 0.000000 -3.249268 -0.216631
9270 -1056259.238872 0.000000 -3.644146 -0.611509
8549 -1056258.844448 0.000000 -3.249722 -0.217086
9297 -1056258.835013 0.000000 -3.240288 -0.207651
8561 -1056259.239990 0.000000 -3.645264 -0.612627
16055 -1056258.844175 0.000000 -3.249449 -0.216812
16602 -1056258.452736 0.000000 -2.858010 0.174627
16139 -1056258.844004 0.000000 -3.249279 -0.216642
16671 -1056259.238887 0.000000 -3.644161 -0.611524
16187 -1056258.844451 0.000000 -3.249725 -0.217089
16704 -1056258.835016 0.000000 -3.240290 -0.207653
16200 -1056259.239982 0.000000 -3.645257 -0.612620
23302 -1056258.844176 0.000000 -3.249451 -0.216814
24107 -1056258.452740 0.000000 -2.858014 0.174623
23392 -1056258.844006 0.000000 -3.249280 -0.216643
24166 -1056259.238889 0.000000 -3.644163 -0.611527
23448 -1056258.844452 0.000000 -3.249726 -0.217090
24201 -1056258.835016 0.000000 -3.240291 -0.207654
23468 -1056259.239980 0.000000 -3.645254 -0.612618
30933 -1056258.844177 0.000000 -3.249451 -0.216814
30057 -1056259.592855 0.000000 -3.998130 -0.965493
31025 -1056258.844006 0.000000 -3.249280 -0.216643
31561 -1056259.238889 0.000000 -3.644163 -0.611526
31083 -1056258.844452 0.000000 -3.249726 -0.217090
31603 -1056258.835016 0.000000 -3.240291 -0.207654
31104 -1056259.239986 0.000000 -3.645260 -0.612624
38185 -1056258.844177 0.000000 -3.249451 -0.216814
37634 -1056259.592857 0.000000 -3.998131 -0.965495
38283 -1056258.844006 0.000000 -3.249280 -0.216643
39060 -1056259.238887 0.000000 -3.644161 -0.611524
38347 -1056258.844453 0.000000 -3.249727 -0.217091
39104 -1056258.835018 0.000000 -3.240292 -0.207655
38376 -1056259.240003 0.000000 -3.645277 -0.612640
39114 -1056258.844179 0.000000 -3.249453 -0.216817
44965 -1056259.592866 0.000000 -3.998140 -0.965503
45914 -1056258.844015 0.000000 -3.249289 -0.216652
46453 -1056259.238883 0.000000 -3.644157 -0.611521
45981 -1056258.844468 0.000000 -3.249742 -0.217105
46503 -1056258.835111 0.000000 -3.240386 -0.207749
46011 -1056259.238824 0.000000 -3.644098 -0.611461
46520 -1056258.844013 0.000000 -3.249287 -0.216650
52526 -1056259.100779 0.000000 -3.506053 -0.473417
53164 -1056258.843415 0.000000 -3.248689 -0.216052
53946 -1056259.275474 0.000000 -3.680748 -0.648111
53237 -1056258.843751 0.000000 -3.249025 -0.216388
53998 -1056258.851464 0.000000 -3.256739 -0.224102
53275 -1056259.240283 0.000000 -3.645558 -0.612921
54016 -1056258.844339 0.000000 -3.249613 -0.216977
736 -1056259.323011 0.000000 -3.728285 -0.695648
1458 -1056259.317014 0.000000 -3.722288 -0.689651
832 -1056259.329318 0.000000 -3.734592 -0.701955
1544 -1056259.314909 0.000000 -3.720183 -0.687546
896 -1056260.081727 0.000000 -4.487001 -1.454364
1593 -1056259.323712 0.000000 -3.728986 -0.696349
835 -1056258.596103 0.000000 -3.001377 0.031260
8001 -1056259.322668 0.000000 -3.727942 -0.695306
9020 -1056259.747713 0.000000 -4.152987 -1.120350
8103 -1056259.323835 0.000000 -3.729109 -0.696472
9106 -1056259.312989 0.000000 -3.718263 -0.685627
8174 -1056259.329193 0.000000 -3.734467 -0.701830
9156 -1056259.323591 0.000000 -3.728865 -0.696228
8189 -1056258.595424 0.000000 -3.000699 0.031938
9172 -1056259.322733 0.000000 -3.728007 -0.695371
16341 -1056259.747784 0.000000 -4.153058 -1.120421
15717 -1056259.323852 0.000000 -3.729126 -0.696489
16434 -1056259.313007 0.000000 -3.718281 -0.685644
15790 -1056259.329199 0.000000 -3.734473 -0.701836
16493 -1056259.323599 0.000000 -3.728873 -0.696236
15793 -1056258.595425 0.000000 -3.000699 0.031937
16516 -1056259.322738 0.000000 -3.728012 -0.695375
23903 -1056259.747790 0.000000 -4.153064 -1.120428
22985 -1056259.323855 0.000000 -3.729129 -0.696493
23996 -1056259.313009 0.000000 -3.718283 -0.685647
23065 -1056259.329201 0.000000 -3.734475 -0.701838
24055 -1056259.323601 0.000000 -3.728875 -0.696238
23095 -1056258.469426 0.000000 -2.874700 0.157936
24079 -1056259.322739 0.000000 -3.728013 -0.695376
31220 -1056259.747791 0.000000 -4.153065 -1.120429
30598 -1056259.323856 0.000000 -3.729130 -0.696493
31319 -1056259.313009 0.000000 -3.718283 -0.685647
30679 -1056259.329201 0.000000 -3.734475 -0.701838
31387 -1056259.323600 0.000000 -3.728874 -0.696238
30725 -1056258.469430 0.000000 -2.874704 0.157933
31418 -1056259.322737 0.000000 -3.728011 -0.695375
38788 -1056259.747788 0.000000 -4.153063 -1.120426
37868 -1056259.323853 0.000000 -3.729127 -0.696491
38885 -1056259.313007 0.000000 -3.718281 -0.685644
37957 -1056259.329198 0.000000 -3.734472 -0.701835
38953 -1056259.323595 0.000000 -3.728870 -0.696233
38000 -1056258.469434 0.000000 -2.874708 0.157929
38986 -1056259.322730 0.000000 -3.728004 -0.695367
37635 -1056259.747773 0.000000 -4.153047 -1.120410
45481 -1056259.323843 0.000000 -3.729118 -0.696481
46205 -1056259.312991 0.000000 -3.718265 -0.685628
45571 -1056259.329190 0.000000 -3.734464 -0.701827
46282 -1056259.323560 0.000000 -3.728834 -0.696197
45626 -1056258.469150 0.000000 -2.874424 0.158213
46322 -1056259.322820 0.000000 -3.728094 -0.695457
45203 -1056259.730796 0.000000 -4.136070 -1.103433
52747 -1056259.323091 0.000000 -3.728365 -0.695728
53764 -1056259.331622 0.000000 -3.736896 -0.704259
52843 -1056259.328198 0.000000 -3.733472 -0.700836
53841 -1056259.318533 0.000000 -3.723807 -0.691170
52900 -1056260.062001 0.000000 -4.467275 -1.434639
53882 -1056259.322922 0.000000 -3.728197 -0.695560
52746 -1056259.730092 0.000000 -4.135367 -1.102730
1121 -1056259.320204 0.000000 -3.725478 -0.692842
509 -1056260.014354 0.000000 -4.419629 -1.386992
1213 -1056259.326082 0.000000 -3.731357 -0.698720
1825 -1056258.591888 0.000000 -2.997163 0.035474
1270 -1056259.324629 0.000000 -3.729903 -0.697266
1809 -1056259.732318 0.000000 -4.137592 -1.104955
1292 -1056259.325623 0.000000 -3.730897 -0.698260
8740 -1056259.317729 0.000000 -3.723003 -0.690366
7818 -1056259.330849 0.000000 -3.736124 -0.703487
8833 -1056259.326577 0.000000 -3.731851 -0.699215
9244 -1056258.610396 0.000000 -3.015670 0.016966
8891 -1056259.326155 0.000000 -3.731429 -0.698793
9288 -1056259.787833 0.000000 -4.193107 -1.160471
8913 -1056259.325948 0.000000 -3.731222 -0.698585
16003 -1056259.317732 0.000000 -3.723006 -0.690370
15393 -1056259.330857 0.000000 -3.736131 -0.703494
16102 -1056259.326607 0.000000 -3.731881 -0.699244
135975 -1056258.511218 0.000000 -2.916492 0.116145
16167 -1056259.326166 0.000000 -3.731441 -0.698804
16764 -1056259.787847 0.000000 -4.193121 -1.160484
16198 -1056259.325953 0.000000 -3.731228 -0.698591
16140 -1056259.317737 0.000000 -3.723011 -0.690374
22714 -1056259.330860 0.000000 -3.736134 -0.703498
23720 -1056259.326610 0.000000 -3.731884 -0.699247
22749 -1056258.511220 0.000000 -2.916494 0.116143
23787 -1056259.326169 0.000000 -3.731443 -0.698806
24188 -1056259.787849 0.000000 -4.193123 -1.160487
23818 -1056259.325955 0.000000 -3.731229 -0.698592
24206 -1056259.317738 0.000000 -3.723012 -0.690375
30270 -1056259.330861 0.000000 -3.736135 -0.703498
30984 -1056259.326610 0.000000 -3.731884 -0.699247
30350 -1056258.511220 0.000000 -2.916494 0.116142
31058 -1056259.326168 0.000000 -3.731442 -0.698806
31660 -1056259.787849 0.000000 -4.193123 -1.160486
31098 -1056259.325954 0.000000 -3.731228 -0.698591
31026 -1056259.317736 0.000000 -3.723010 -0.690374
37595 -1056259.330859 0.000000 -3.736133 -0.703497
38607 -1056259.326607 0.000000 -3.731881 -0.699245
37656 -1056258.511221 0.000000 -2.916495 0.116141
38682 -1056259.326164 0.000000 -3.731439 -0.698802
39087 -1056259.787842 0.000000 -4.193116 -1.160479
38723 -1056259.325949 0.000000 -3.731223 -0.698586
39112 -1056259.317730 0.000000 -3.723004 -0.690367
45153 -1056259.330855 0.000000 -3.736129 -0.703492
45868 -1056259.326595 0.000000 -3.731869 -0.699232
45249 -1056258.511186 0.000000 -2.916460 0.116176
45952 -1056259.326150 0.000000 -3.731424 -0.698787
46557 -1056259.787780 0.000000 -4.193054 -1.160417
46000 -1056259.325950 0.000000 -3.731224 -0.698587
46012 -1056259.318020 0.000000 -3.723294 -0.690658
46014 -1056259.332070 0.000000 -3.737344 -0.704708
53486 -1056259.320432 0.000000 -3.725706 -0.693070
52550 -1056260.013587 0.000000 -4.418861 -1.386225
53570 -1056259.326351 0.000000 -3.731625 -0.698989
53977 -1056258.271312 0.000000 -2.676586 0.356050
53619 -1056259.325215 0.000000 -3.730489 -0.697853
54011 -1056259.319571 0.000000 -3.724845 -0.692209
53633 -1056259.331829 0.000000 -3.737103 -0.704467
1632 -1056258.592806 0.000000 -2.998080 0.034556
789 -1056259.457290 0.000000 -3.862564 -0.829928
1712 -1056258.240979 0.000000 -2.646254 0.386383
871 -1056259.998587 0.000000 -4.403861 -1.371224
1772 -1056258.102262 0.000000 -2.507536 0.525101
917 -1056259.574337 0.000000 -3.979611 -0.946975
1796 -1056259.458191 0.000000 -3.863465 -0.830829
8971 -1056258.971019 0.000000 -3.376293 -0.343656
8419 -1056259.457726 0.000000 -3.863000 -0.830363
9070 -1056259.856859 0.000000 -4.262133 -1.229496
8501 -1056259.457064 0.000000 -3.862338 -0.829701
9138 -1056259.427589 0.000000 -3.832864 -0.800227
8548 -1056259.624399 0.000000 -4.029673 -0.997036
9170 -1056259.458460 0.000000 -3.863734 -0.831097
135778 -1056258.517344 0.000000 -2.922618 0.110018
15671 -1056259.457665 0.000000 -3.862939 -0.830303
16601 -1056259.856982 0.000000 -4.262256 -1.229619
15761 -1056259.457064 0.000000 -3.862338 -0.829702
16670 -1056259.427587 0.000000 -3.832861 -0.800224
15815 -1056259.624396 0.000000 -4.029670 -0.997033
16703 -1056259.458460 0.000000 -3.863735 -0.831098
15829 -1056258.517348 0.000000 -2.922622 0.110014
23301 -1056259.457664 0.000000 -3.862938 -0.830302
23955 -1056259.856991 0.000000 -4.262266 -1.229629
23391 -1056259.457062 0.000000 -3.862337 -0.829700
24032 -1056259.427586 0.000000 -3.832861 -0.800224
23447 -1056259.624394 0.000000 -4.029668 -0.997031
24074 -1056259.458460 0.000000 -3.863734 -0.831098
23467 -1056258.517348 0.000000 -2.922622 0.110015
30549 -1056259.457664 0.000000 -3.862938 -0.830302
31483 -1056259.856993 0.000000 -4.262268 -1.229631
30646 -1056259.457063 0.000000 -3.862337 -0.829700
31560 -1056259.427587 0.000000 -3.832861 -0.800225
30709 -1056259.624395 0.000000 -4.029669 -0.997032
31602 -1056259.458461 0.000000 -3.863735 -0.831098
30732 -1056258.517350 0.000000 -2.922624 0.110013
38184 -1056259.457666 0.000000 -3.862940 -0.830303
38840 -1056259.856982 0.000000 -4.262256 -1.229619
38282 -1056259.457065 0.000000 -3.862339 -0.829702
38926 -1056259.427590 0.000000 -3.832864 -0.800228
38346 -1056259.624401 0.000000 -4.029675 -0.997039
38977 -1056259.458465 0.000000 -3.863739 -0.831102
38375 -1056258.517344 0.000000 -2.922619 0.110018
45432 -1056259.457672 0.000000 -3.862946 -0.830309
46367 -1056259.856922 0.000000 -4.262196 -1.229560
45533 -1056259.457077 0.000000 -3.862351 -0.829714
46452 -1056259.427612 0.000000 -3.832886 -0.800250
45605 -1056259.624424 0.000000 -4.029698 -0.997061
46502 -1056259.458550 0.000000 -3.863824 -0.831187
45639 -1056258.516609 0.000000 -2.921884 0.110753
46519 -1056259.458183 0.000000 -3.863457 -0.830821
53716 -1056258.592910 0.000000 -2.998184 0.034453
53163 -1056259.457287 0.000000 -3.862562 -0.829925
53809 -1056259.411484 0.000000 -3.816758 -0.784122
53236 -1056259.979671 0.000000 -4.384945 -1.352309
53869 -1056258.101162 0.000000 -2.506436 0.526200
53274 -1056258.520073 0.000000 -2.925347 0.107290
53892 -1056259.457976 0.000000 -3.863250 -0.830613
2226 -1056259.790136 0.000000 -4.195411 -1.162774
460 -1056259.386821 0.000000 -3.792095 -0.759458
1120 -1056259.409510 0.000000 -3.814784 -0.782148
3150 -1056258.438228 0.000000 -2.843502 0.189135
2782 -1056258.449354 0.000000 -2.854628 0.178009
2175 -1056258.970860 0.000000 -3.376135 -0.343498
3370 -1056259.108928 0.000000 -3.514202 -0.481565
2783 -1056259.342159 0.000000 -3.747433 -0.714797
1506 -1056259.401569 0.000000 -3.806843 -0.774207
120919 -1056259.970513 0.000000 -4.375787 -1.343150
2408 -1056258.427407 0.000000 -2.832681 0.199956
1984 -1056259.030052 0.000000 -3.435326 -0.402689
3098 -1056258.870028 0.000000 -3.275302 -0.242666
2365 -1056258.968353 0.000000 -3.373627 -0.340991
2124 -1056259.409311 0.000000 -3.814585 -0.781948
538 -1056259.499572 0.000000 -3.904846 -0.872210
1212 -1056259.408962 0.000000 -3.814236 -0.781600
3056 -1056258.498723 0.000000 -2.903997 0.128639
2695 -1056258.449869 0.000000 -2.855143 0.177493
2084 -1056258.853186 0.000000 -3.258460 -0.225823
121193 -1056259.391767 0.000000 -3.797041 -0.764404
2696 -1056259.344431 0.000000 -3.749705 -0.717068
1573 -1056259.389568 0.000000 -3.794843 -0.762206
1748 -1056259.800573 0.000000 -4.205848 -1.173211
2328 -1056258.424063 0.000000 -2.829337 0.203299
1919 -1056258.605399 0.000000 -3.010673 0.021963
3022 -1056258.972602 0.000000 -3.377876 -0.345240
2302 -1056258.968748 0.000000 -3.374022 -0.341385
2050 -1056259.351102 0.000000 -3.756376 -0.723739
121095 -1056259.923343 0.000000 -4.328617 -1.295980
1269 -1056259.408400 0.000000 -3.813674 -0.781037
1878 -1056258.970374 0.000000 -3.375648 -0.343012
2642 -1056258.467465 0.000000 -2.872739 0.159898
2028 -1056258.857797 0.000000 -3.263071 -0.230435
1897 -1056259.003382 0.000000 -3.408656 -0.376019
2643 -1056259.454825 0.000000 -3.860099 -0.827463
1605 -1056259.386396 0.000000 -3.791670 -0.759034
1791 -1056259.411425 0.000000 -3.816699 -0.784063
2283 -1056258.421846 0.000000 -2.827120 0.205517
1888 -1056258.437774 0.000000 -2.843048 0.189589
121114 -1056259.269693 0.000000 -3.674967 -0.642330
2276 -1056258.969607 0.000000 -3.374881 -0.342245
2013 -1056259.341944 0.000000 -3.747219 -0.714582
1457 -1056259.789752 0.000000 -4.195026 -1.162389
1291 -1056259.404188 0.000000 -3.809462 -0.776825
1860 -1056258.592006 0.000000 -2.997280 0.035357
2626 -1056258.471306 0.000000 -2.876580 0.156057
2008 -1056258.859572 0.000000 -3.264846 -0.232209
1884 -1056258.970886 0.000000 -3.376160 -0.343523
2627 -1056259.500607 0.000000 -3.905882 -0.873245
8053 -1056259.387241 0.000000 -3.792515 -0.759879
8370 -1056259.412247 0.000000 -3.817521 -0.784885
10769 -1056258.427622 0.000000 -2.832896 0.199740
10052 -1056258.450931 0.000000 -2.856205 0.176431
9762 -1056259.002975 0.000000 -3.408250 -0.375613
10719 -1056258.984467 0.000000 -3.389741 -0.357104
10438 -1056259.341134 0.000000 -3.746408 -0.713772
8790 -1056259.400260 0.000000 -3.805534 -0.772897
128435 -1056259.556731 0.000000 -3.962005 -0.929369
9712 -1056258.415962 0.000000 -2.821237 0.211400
128746 -1056258.880866 0.000000 -3.286140 -0.253504
10388 -1056258.857362 0.000000 -3.262636 -0.230000
10001 -1056258.968845 0.000000 -3.374119 -0.341483
9499 -1056259.749841 0.000000 -4.155115 -1.122479
8143 -1056259.384383 0.000000 -3.789657 -0.757020
8466 -1056259.409482 0.000000 -3.814757 -0.782120
10671 -1056258.456408 0.000000 -2.861682 0.170954
9963 -1056258.452288 0.000000 -2.857562 0.175075
9666 -1056258.850061 0.000000 -3.255335 -0.222699
10643 -1056259.376946 0.000000 -3.782220 -0.749584
10343 -1056259.343122 0.000000 -3.748396 -0.715760
8866 -1056259.388796 0.000000 -3.794070 -0.761433
9243 -1056259.800862 0.000000 -4.206136 -1.173499
9632 -1056258.423232 0.000000 -2.828506 0.204131
9424 -1056258.624668 0.000000 -3.029942 0.002695
10309 -1056258.872878 0.000000 -3.278152 -0.245516
9931 -1056258.968760 0.000000 -3.374034 -0.341398
9425 -1056259.353013 0.000000 -3.758287 -0.725651
128558 -1056259.544841 0.000000 -3.950116 -0.917479
8531 -1056259.409479 0.000000 -3.814753 -0.782116
128597 -1056258.886613 0.000000 -3.291887 -0.259251
9911 -1056258.449161 0.000000 -2.854435 0.178202
9604 -1056258.858401 0.000000 -3.263675 -0.231039
9331 -1056259.432447 0.000000 -3.837722 -0.805085
10283 -1056259.337398 0.000000 -3.742672 -0.710035
8906 -1056259.388346 0.000000 -3.793620 -0.760984
9287 -1056259.449018 0.000000 -3.854293 -0.821656
9586 -1056258.425403 0.000000 -2.830677 0.201959
9385 -1056258.441771 0.000000 -2.847046 0.185591
10267 -1056259.250286 0.000000 -3.655560 -0.622924
9896 -1056258.968852 0.000000 -3.374126 -0.341490
9386 -1056259.342307 0.000000 -3.747581 -0.714945
7781 -1056259.790625 0.000000 -4.195900 -1.163263
8559 -1056259.404045 0.000000 -3.809319 -0.776682
9318 -1056258.593066 0.000000 -2.998340 0.034297
9894 -1056258.471209 0.000000 -2.876483 0.156153
9576 -1056258.859443 0.000000 -3.264717 -0.232080
9316 -1056258.971014 0.000000 -3.376288 -0.343652
10262 -1056259.500469 0.000000 -3.905743 -0.873107
15341 -1056259.387277 0.000000 -3.792551 -0.759914
16002 -1056259.412119 0.000000 -3.817394 -0.784757
18083 -1056258.427638 0.000000 -2.832913 0.199724
17715 -1056258.451167 0.000000 -2.856441 0.176196
17107 -1056259.003203 0.000000 -3.408477 -0.375840
18305 -1056258.984480 0.000000 -3.389754 -0.357117
17716 -1056259.341037 0.000000 -3.746312 -0.713675
16392 -1056259.400315 0.000000 -3.805589 -0.772953
15154 -1056259.556743 0.000000 -3.962017 -0.929381
17340 -1056258.416027 0.000000 -2.821301 0.211336
18268 -1056258.880854 0.000000 -3.286128 -0.253492
18031 -1056258.857355 0.000000 -3.262629 -0.229992
17293 -1056258.968820 0.000000 -3.374094 -0.341458
17054 -1056259.749921 0.000000 -4.155195 -1.122558
15437 -1056259.384381 0.000000 -3.789655 -0.757019
16101 -1056259.409450 0.000000 -3.814724 -0.782088
17985 -1056258.456403 0.000000 -2.861677 0.170959
17620 -1056258.452279 0.000000 -2.857553 0.175084
17009 -1056258.850064 0.000000 -3.255339 -0.222702
18256 -1056259.376953 0.000000 -3.782227 -0.749590
17621 -1056259.343121 0.000000 -3.748395 -0.715758
16468 -1056259.388795 0.000000 -3.794069 -0.761433
16642 -1056259.800872 0.000000 -4.206146 -1.173510
17251 -1056258.423222 0.000000 -2.828496 0.204140
16839 -1056258.624646 0.000000 -3.029920 0.002716
17946 -1056258.872879 0.000000 -3.278153 -0.245516
17221 -1056258.968757 0.000000 -3.374031 -0.341394
16971 -1056259.353022 0.000000 -3.758296 -0.725660
15462 -1056259.544837 0.000000 -3.950111 -0.917475
16166 -1056259.409480 0.000000 -3.814754 -0.782117
17918 -1056258.886622 0.000000 -3.291896 -0.259260
17559 -1056258.449161 0.000000 -2.854435 0.178202
16945 -1056258.858397 0.000000 -3.263671 -0.231035
16813 -1056259.432449 0.000000 -3.837723 -0.805086
17560 -1056259.337400 0.000000 -3.742674 -0.710037
16509 -1056259.388349 0.000000 -3.793623 -0.760987
16693 -1056259.449022 0.000000 -3.854296 -0.821659
17198 -1056258.425400 0.000000 -2.830674 0.201962
16799 -1056258.441764 0.000000 -2.847038 0.185599
17907 -1056259.250286 0.000000 -3.655560 -0.622924
17186 -1056258.968853 0.000000 -3.374128 -0.341491
16925 -1056259.342310 0.000000 -3.747584 -0.714948
16340 -1056259.790627 0.000000 -4.195901 -1.163265
16197 -1056259.404045 0.000000 -3.809320 -0.776683
16770 -1056258.593063 0.000000 -2.998338 0.034299
17534 -1056258.471215 0.000000 -2.876490 0.156147
16915 -1056258.859443 0.000000 -3.264717 -0.232081
16791 -1056258.971014 0.000000 -3.376288 -0.343651
17535 -1056259.500461 0.000000 -3.905735 -0.873098
16517 -1056259.387278 0.000000 -3.792552 -0.759916
23252 -1056259.412120 0.000000 -3.817395 -0.784758
17180 -1056258.427644 0.000000 -2.832918 0.199718
24984 -1056258.451165 0.000000 -2.856439 0.176197
24693 -1056259.003202 0.000000 -3.408476 -0.375839
25651 -1056258.984478 0.000000 -3.389752 -0.357115
25370 -1056259.341038 0.000000 -3.746312 -0.713676
23673 -1056259.400318 0.000000 -3.805592 -0.772956
22713 -1056259.556737 0.000000 -3.962011 -0.929375
24643 -1056258.416025 0.000000 -2.821299 0.211338
25850 -1056258.880859 0.000000 -3.286133 -0.253497
25319 -1056258.857356 0.000000 -3.262630 -0.229994
24931 -1056258.968820 0.000000 -3.374094 -0.341458
24428 -1056259.749923 0.000000 -4.155197 -1.122560
23029 -1056259.384380 0.000000 -3.789654 -0.757018
23352 -1056259.409450 0.000000 -3.814724 -0.782088
25600 -1056258.456407 0.000000 -2.861681 0.170956
24889 -1056258.452281 0.000000 -2.857556 0.175081
24593 -1056258.850064 0.000000 -3.255338 -0.222701
25559 -1056259.376950 0.000000 -3.782225 -0.749588
25270 -1056259.343120 0.000000 -3.748395 -0.715758
23758 -1056259.388796 0.000000 -3.794070 -0.761433
24135 -1056259.800871 0.000000 -4.206146 -1.173509
24554 -1056258.423223 0.000000 -2.828498 0.204139
24345 -1056258.624643 0.000000 -3.029917 0.002719
25232 -1056258.872878 0.000000 -3.278152 -0.245516
24852 -1056258.968756 0.000000 -3.374031 -0.341394
24346 -1056259.353023 0.000000 -3.758297 -0.725660
23086 -1056259.544834 0.000000 -3.950108 -0.917471
23426 -1056259.409479 0.000000 -3.814753 -0.782116
25541 -1056258.886625 0.000000 -3.291899 -0.259262
24828 -1056258.449163 0.000000 -2.854437 0.178200
24521 -1056258.858397 0.000000 -3.263672 -0.231035
24247 -1056259.432449 0.000000 -3.837723 -0.805086
25201 -1056259.337399 0.000000 -3.742673 -0.710037
23806 -1056259.388349 0.000000 -3.793623 -0.760986
24187 -1056259.449022 0.000000 -3.854296 -0.821660
24499 -1056258.425402 0.000000 -2.830676 0.201960
24298 -1056258.441764 0.000000 -2.847038 0.185598
25181 -1056259.250285 0.000000 -3.655559 -0.622923
24808 -1056258.968853 0.000000 -3.374127 -0.341490
24299 -1056259.342310 0.000000 -3.747585 -0.714948
22739 -1056259.790628 0.000000 -4.195902 -1.163265
23463 -1056259.404045 0.000000 -3.809319 -0.776682
24230 -1056258.593063 0.000000 -2.998337 0.034299
24802 -1056258.471216 0.000000 -2.876490 0.156146
24485 -1056258.859444 0.000000 -3.264718 -0.232082
24224 -1056258.971014 0.000000 -3.376288 -0.343651
25170 -1056259.500460 0.000000 -3.905734 -0.873097
23821 -1056259.387278 0.000000 -3.792552 -0.759916
24205 -1056259.412120 0.000000 -3.817394 -0.784758
24481 -1056258.427645 0.000000 -2.832919 0.199717
24286 -1056258.451167 0.000000 -2.856442 0.176195
24217 -1056259.003202 0.000000 -3.408476 -0.375840
24798 -1056258.984477 0.000000 -3.389751 -0.357115
32645 -1056259.341038 0.000000 -3.746312 -0.713676
31272 -1056259.400318 0.000000 -3.805592 -0.772956
30044 -1056259.556736 0.000000 -3.962011 -0.929374
32269 -1056258.416026 0.000000 -2.821300 0.211336
33186 -1056258.880860 0.000000 -3.286134 -0.253497
32962 -1056258.857357 0.000000 -3.262631 -0.229994
32220 -1056258.968820 0.000000 -3.374094 -0.341458
31985 -1056259.749923 0.000000 -4.155197 -1.122560
30319 -1056259.384380 0.000000 -3.789655 -0.757018
30983 -1056259.409450 0.000000 -3.814724 -0.782088
32913 -1056258.456408 0.000000 -2.861682 0.170955
32545 -1056258.452283 0.000000 -2.857558 0.175079
31935 -1056258.850065 0.000000 -3.255339 -0.222703
33161 -1056259.376951 0.000000 -3.782225 -0.749588
32546 -1056259.343120 0.000000 -3.748395 -0.715758
31357 -1056259.388796 0.000000 -3.794070 -0.761434
31527 -1056259.800872 0.000000 -4.206146 -1.173509
32174 -1056258.423225 0.000000 -2.828499 0.204137
31759 -1056258.624645 0.000000 -3.029919 0.002717
32869 -1056258.872879 0.000000 -3.278153 -0.245517
32140 -1056258.968757 0.000000 -3.374031 -0.341395
31893 -1056259.353023 0.000000 -3.758297 -0.725661
30364 -1056259.544835 0.000000 -3.950109 -0.917472
31057 -1056259.409479 0.000000 -3.814753 -0.782117
32836 -1056258.886624 0.000000 -3.291898 -0.259262
32475 -1056258.449164 0.000000 -2.854439 0.178198
31862 -1056258.858399 0.000000 -3.263673 -0.231036
31728 -1056259.432449 0.000000 -3.837724 -0.805087
32476 -1056259.337399 0.000000 -3.742674 -0.710037
31407 -1056259.388349 0.000000 -3.793624 -0.760987
31587 -1056259.449023 0.000000 -3.854297 -0.821660
32112 -1056258.425404 0.000000 -2.830678 0.201958
31710 -1056258.441767 0.000000 -2.847041 0.185595
32816 -1056259.250287 0.000000 -3.655561 -0.622924
32096 -1056258.968854 0.000000 -3.374128 -0.341492
31837 -1056259.342311 0.000000 -3.747585 -0.714948
31417 -1056259.790627 0.000000 -4.195901 -1.163265
31097 -1056259.404045 0.000000 -3.809320 -0.776683
31678 -1056258.593064 0.000000 -2.998338 0.034299
32441 -1056258.471219 0.000000 -2.876493 0.156144
31823 -1056258.859446 0.000000 -3.264720 -0.232083
31698 -1056258.971016 0.000000 -3.376290 -0.343653
32442 -1056259.500461 0.000000 -3.905736 -0.873099
31421 -1056259.387279 0.000000 -3.792553 -0.759916
31612 -1056259.412122 0.000000 -3.817396 -0.784759
32085 -1056258.427648 0.000000 -2.832922 0.199715
31696 -1056258.451171 0.000000 -2.856445 0.176192
31671 -1056259.003205 0.000000 -3.408479 -0.375842
32084 -1056258.984479 0.000000 -3.389753 -0.357117
31817 -1056259.341038 0.000000 -3.746313 -0.713676
38556 -1056259.400319 0.000000 -3.805593 -0.772956
37594 -1056259.556739 0.000000 -3.962013 -0.929376
39579 -1056258.416031 0.000000 -2.821305 0.211332
40760 -1056258.880857 0.000000 -3.286131 -0.253494
40254 -1056258.857359 0.000000 -3.262633 -0.229996
39866 -1056258.968823 0.000000 -3.374097 -0.341460
39364 -1056259.749921 0.000000 -4.155196 -1.122559
37917 -1056259.384381 0.000000 -3.789655 -0.757019
38238 -1056259.409452 0.000000 -3.814726 -0.782089
40533 -1056258.456408 0.000000 -2.861682 0.170955
39820 -1056258.452286 0.000000 -2.857561 0.175076
39526 -1056258.850069 0.000000 -3.255343 -0.222707
40487 -1056259.376953 0.000000 -3.782227 -0.749590
40201 -1056259.343121 0.000000 -3.748395 -0.715759
38649 -1056259.388797 0.000000 -3.794071 -0.761434
39026 -1056259.800872 0.000000 -4.206147 -1.173510
39482 -1056258.423229 0.000000 -2.828503 0.204134
39272 -1056258.624654 0.000000 -3.029928 0.002709
40159 -1056258.872882 0.000000 -3.278156 -0.245520
39778 -1056258.968760 0.000000 -3.374034 -0.341397
39273 -1056259.353023 0.000000 -3.758297 -0.725660
37989 -1056259.544839 0.000000 -3.950113 -0.917477
38321 -1056259.409481 0.000000 -3.814755 -0.782119
40457 -1056258.886619 0.000000 -3.291893 -0.259257
39749 -1056258.449165 0.000000 -2.854440 0.178197
39445 -1056258.858404 0.000000 -3.263678 -0.231041
39166 -1056259.432452 0.000000 -3.837726 -0.805089
40124 -1056259.337400 0.000000 -3.742675 -0.710038
38706 -1056259.388350 0.000000 -3.793624 -0.760988
39086 -1056259.449024 0.000000 -3.854298 -0.821662
39419 -1056258.425406 0.000000 -2.830680 0.201957
39216 -1056258.441775 0.000000 -2.847050 0.185587
40099 -1056259.250290 0.000000 -3.655564 -0.622927
39725 -1056258.968857 0.000000 -3.374131 -0.341495
39217 -1056259.342311 0.000000 -3.747585 -0.714949
38555 -1056259.790627 0.000000 -4.195901 -1.163265
38367 -1056259.404048 0.000000 -3.809322 -0.776686
39145 -1056258.593068 0.000000 -2.998342 0.034294
39714 -1056258.471215 0.000000 -2.876489 0.156148
39400 -1056258.859450 0.000000 -3.264724 -0.232087
39135 -1056258.971022 0.000000 -3.376296 -0.343659
40081 -1056259.500470 0.000000 -3.905744 -0.873107
38729 -1056259.387279 0.000000 -3.792553 -0.759917
39111 -1056259.412126 0.000000 -3.817400 -0.784763
39392 -1056258.427640 0.000000 -2.832915 0.199722
39195 -1056258.451175 0.000000 -2.856450 0.176187
39128 -1056259.003213 0.000000 -3.408487 -0.375851
39708 -1056258.984484 0.000000 -3.389759 -0.357122
39196 -1056259.341040 0.000000 -3.746314 -0.713677
46155 -1056259.400319 0.000000 -3.805593 -0.772957
44940 -1056259.556748 0.000000 -3.962023 -0.929386
47203 -1056258.416041 0.000000 -2.821315 0.211321
48118 -1056258.880847 0.000000 -3.286121 -0.253485
47894 -1056258.857358 0.000000 -3.262632 -0.229995
47153 -1056258.968830 0.000000 -3.374104 -0.341467
46918 -1056259.749918 0.000000 -4.155192 -1.122555
45204 -1056259.384383 0.000000 -3.789657 -0.757020
45867 -1056259.409457 0.000000 -3.814732 -0.782095
47844 -1056258.456376 0.000000 -2.861650 0.170986
47476 -1056258.452270 0.000000 -2.857545 0.175092
46867 -1056258.850085 0.000000 -3.255360 -0.222723
48078 -1056259.376959 0.000000 -3.782233 -0.749596
47477 -1056259.343125 0.000000 -3.748399 -0.715763
46248 -1056259.388800 0.000000 -3.794074 -0.761437
46415 -1056259.800881 0.000000 -4.206155 -1.173519
47102 -1056258.423218 0.000000 -2.828492 0.204144
46683 -1056258.624708 0.000000 -3.029982 0.002654
47796 -1056258.872869 0.000000 -3.278144 -0.245507
47064 -1056258.968762 0.000000 -3.374036 -0.341400
46821 -1056259.353028 0.000000 -3.758302 -0.725666
45266 -1056259.544855 0.000000 -3.950129 -0.917492
45951 -1056259.409485 0.000000 -3.814759 -0.782122
47758 -1056258.886609 0.000000 -3.291883 -0.259246
47397 -1056258.449064 0.000000 -2.854338 0.178299
46785 -1056258.858414 0.000000 -3.263688 -0.231052
46649 -1056259.432476 0.000000 -3.837750 -0.805114
47398 -1056259.337407 0.000000 -3.742682 -0.710045
46306 -1056259.388348 0.000000 -3.793622 -0.760986
46483 -1056259.449049 0.000000 -3.854323 -0.821687
47031 -1056258.425258 0.000000 -2.830532 0.202105
46627 -1056258.441843 0.000000 -2.847117 0.185519
47728 -1056259.250234 0.000000 -3.655508 -0.622872
47010 -1056258.968832 0.000000 -3.374106 -0.341470
46756 -1056259.342332 0.000000 -3.747606 -0.714970
46575 -1056259.790630 0.000000 -4.195904 -1.163268
45999 -1056259.404027 0.000000 -3.809301 -0.776664
46594 -1056258.593142 0.000000 -2.998416 0.034221
47354 -1056258.470900 0.000000 -2.876175 0.156462
46738 -1056258.859336 0.000000 -3.264610 -0.231973
46610 -1056258.971199 0.000000 -3.376473 -0.343836
47355 -1056259.500383 0.000000 -3.905657 -0.873020
46329 -1056259.387237 0.000000 -3.792511 -0.759875
46517 -1056259.412287 0.000000 -3.817561 -0.784924
46995 -1056258.426916 0.000000 -2.832190 0.200447
46606 -1056258.451143 0.000000 -2.856418 0.176219
46582 -1056259.003305 0.000000 -3.408579 -0.375942
46993 -1056258.983578 0.000000 -3.388852 -0.356216
46727 -1056259.341219 0.000000 -3.746493 -0.713857
45982 -1056259.400721 0.000000 -3.805995 -0.773358
52474 -1056259.555681 0.000000 -3.960955 -0.928319
46580 -1056258.414554 0.000000 -2.819828 0.212809
55673 -1056258.885571 0.000000 -3.290845 -0.258209
55181 -1056258.858173 0.000000 -3.263447 -0.230811
54794 -1056258.968271 0.000000 -3.373545 -0.340909
54281 -1056259.790580 0.000000 -4.195854 -1.163217
52798 -1056259.386827 0.000000 -3.792101 -0.759465
53116 -1056259.409495 0.000000 -3.814769 -0.782132
55460 -1056258.438675 0.000000 -2.843949 0.188687
54745 -1056258.449407 0.000000 -2.854681 0.177955
54455 -1056258.970345 0.000000 -3.375619 -0.342983
55411 -1056259.109158 0.000000 -3.514432 -0.481795
55129 -1056259.342202 0.000000 -3.747476 -0.714840
53532 -1056259.401536 0.000000 -3.806810 -0.774173
173165 -1056259.970374 0.000000 -4.375649 -1.343012
54408 -1056258.427265 0.000000 -2.832539 0.200097
54196 -1056258.999689 0.000000 -3.404964 -0.372327
55083 -1056258.869743 0.000000 -3.275017 -0.242380
54699 -1056258.968249 0.000000 -3.373523 -0.340886
54197 -1056259.377242 0.000000 -3.782516 -0.749879
52879 -1056259.529013 0.000000 -3.934287 -0.901650
53206 -1056259.408852 0.000000 -3.814126 -0.781489
55368 -1056258.892553 0.000000 -3.297827 -0.265190
54665 -1056258.448819 0.000000 -2.854093 0.178543
54366 -1056258.857197 0.000000 -3.262472 -0.229835
54082 -1056259.467854 0.000000 -3.873128 -0.840492
55043 -1056259.340302 0.000000 -3.745577 -0.712940
53598 -1056259.388091 0.000000 -3.793365 -0.760729
53976 -1056259.484911 0.000000 -3.890186 -0.857549
54336 -1056258.422298 0.000000 -2.827572 0.205065
54131 -1056258.551001 0.000000 -2.956275 0.076362
55013 -1056258.984609 0.000000 -3.389883 -0.357247
54637 -1056258.968995 0.000000 -3.374269 -0.341632
54132 -1056259.355255 0.000000 -3.760529 -0.727893
173133 -1056259.961838 0.000000 -4.367112 -1.334475
53261 -1056259.408407 0.000000 -3.813681 -0.781044
54057 -1056258.949159 0.000000 -3.354433 -0.321796
54622 -1056258.465481 0.000000 -2.870756 0.161881
54313 -1056258.859050 0.000000 -3.264324 -0.231687
54043 -1056258.977824 0.000000 -3.383098 -0.350462
54991 -1056259.482103 0.000000 -3.887377 -0.854740
53629 -1056259.387115 0.000000 -3.792389 -0.759752
54010 -1056259.409275 0.000000 -3.814549 -0.781913
54300 -1056258.426022 0.000000 -2.831297 0.201340
54101 -1056258.449440 0.000000 -2.854714 0.177922
54031 -1056259.001610 0.000000 -3.406884 -0.374247
54611 -1056258.984168 0.000000 -3.389442 -0.356806
54102 -1056259.341160 0.000000 -3.746434 -0.713798
52527 -1056259.400485 0.000000 -3.805759 -0.773122
53281 -1056259.556154 0.000000 -3.961428 -0.928792
54035 -1056258.413987 0.000000 -2.819262 0.213375
54610 -1056258.885576 0.000000 -3.290850 -0.258214
54294 -1056258.858109 0.000000 -3.263384 -0.230747
54034 -1056258.968263 0.000000 -3.373537 -0.340901
2174 -1056258.991717 0.000000 -3.396991 -0.364355
2736 -1056259.410061 0.000000 -3.815335 -0.782699
2083 -1056259.274864 0.000000 -3.680138 -0.647502
2667 -1056259.411040 0.000000 -3.816314 -0.783678
2027 -1056259.413428 0.000000 -3.818702 -0.786066
2632 -1056259.394047 0.000000 -3.799322 -0.766685
2007 -1056259.409873 0.000000 -3.815147 -0.782510
9550 -1056258.517569 0.000000 -2.922843 0.109794
10387 -1056259.409643 0.000000 -3.814917 -0.782281
9459 -1056259.256100 0.000000 -3.661374 -0.628737
10308 -1056259.409758 0.000000 -3.815032 -0.782396
9402 -1056259.403134 0.000000 -3.808408 -0.775771
10266 -1056259.408579 0.000000 -3.813854 -0.781217
9382 -1056259.410001 0.000000 -3.815275 -0.782638
136354 -1056258.970970 0.000000 -3.376244 -0.343608
17106 -1056258.517344 0.000000 -2.922618 0.110019
17666 -1056259.409578 0.000000 -3.814853 -0.782216
17008 -1056259.256118 0.000000 -3.661392 -0.628756
17588 -1056259.409735 0.000000 -3.815009 -0.782373
16944 -1056259.403118 0.000000 -3.808392 -0.775755
17545 -1056259.408579 0.000000 -3.813853 -0.781217
16914 -1056259.409991 0.000000 -3.815265 -0.782628
17533 -1056258.970967 0.000000 -3.376241 -0.343605
25318 -1056259.409575 0.000000 -3.814850 -0.782213
24385 -1056259.256116 0.000000 -3.661390 -0.628753
25231 -1056259.409735 0.000000 -3.815009 -0.782372
24319 -1056259.403116 0.000000 -3.808390 -0.775754
25180 -1056259.408579 0.000000 -3.813854 -0.781217
24290 -1056259.409990 0.000000 -3.815264 -0.782628
25169 -1056258.970968 0.000000 -3.376242 -0.343605
32596 -1056259.409576 0.000000 -3.814850 -0.782213
31934 -1056259.256116 0.000000 -3.661390 -0.628754
32508 -1056259.409735 0.000000 -3.815009 -0.782373
31861 -1056259.403117 0.000000 -3.808391 -0.775754
32456 -1056259.408580 0.000000 -3.813855 -0.781218
31822 -1056259.409991 0.000000 -3.815266 -0.782629
32439 -1056258.970971 0.000000 -3.376245 -0.343608
40253 -1056259.409577 0.000000 -3.814852 -0.782215
39317 -1056259.256118 0.000000 -3.661392 -0.628755
40158 -1056259.409738 0.000000 -3.815012 -0.782375
39242 -1056259.403120 0.000000 -3.808394 -0.775757
40098 -1056259.408584 0.000000 -3.813858 -0.781221
39204 -1056259.409997 0.000000 -3.815271 -0.782634
40078 -1056258.970981 0.000000 -3.376255 -0.343618
47529 -1056259.409584 0.000000 -3.814859 -0.782222
46866 -1056259.256121 0.000000 -3.661395 -0.628758
47434 -1056259.409738 0.000000 -3.815013 -0.782376
46784 -1056259.403153 0.000000 -3.808427 -0.775790
47374 -1056259.408602 0.000000 -3.813876 -0.781239
46737 -1056259.409986 0.000000 -3.815260 -0.782623
47348 -1056258.971224 0.000000 -3.376498 -0.343862
46725 -1056259.409628 0.000000 -3.814902 -0.782265
54244 -1056258.991702 0.000000 -3.396976 -0.364339
55082 -1056259.410151 0.000000 -3.815425 -0.782788
54162 -1056259.404141 0.000000 -3.809415 -0.776778
55012 -1056259.414966 0.000000 -3.820240 -0.787603
54114 -1056259.412703 0.000000 -3.817978 -0.785341
54982 -1056258.971301 0.000000 -3.376576 -0.343939
54100 -1056259.409605 0.000000 -3.814879 -0.782242
2460 -1056259.389363 0.000000 -3.794637 -0.762001
3371 -1056258.969792 0.000000 -3.375066 -0.342430
2364 -1056259.388862 0.000000 -3.794136 -0.761499
1946 -1056258.630863 0.000000 -3.036137 -0.003501
2301 -1056259.388437 0.000000 -3.793711 -0.761075
1898 -1056259.269820 0.000000 -3.675095 -0.642458
2275 -1056259.388182 0.000000 -3.793456 -0.760820
10102 -1056259.393658 0.000000 -3.798932 -0.766296
10718 -1056259.382501 0.000000 -3.787775 -0.755138
10002 -1056259.388418 0.000000 -3.793692 -0.761056
9371 -1056258.511199 0.000000 -2.916473 0.116163
9932 -1056259.387871 0.000000 -3.793145 -0.760508
9330 -1056259.249552 0.000000 -3.654826 -0.622189
9897 -1056259.387617 0.000000 -3.792891 -0.760255
17391 -1056259.393787 0.000000 -3.799061 -0.766424
18306 -1056259.382491 0.000000 -3.787765 -0.755128
17292 -1056259.388395 0.000000 -3.793669 -0.761033
136118 -1056258.610401 0.000000 -3.015675 0.016962
17220 -1056259.387862 0.000000 -3.793136 -0.760499
16814 -1056259.249552 0.000000 -3.654826 -0.622190
17185 -1056259.387618 0.000000 -3.792892 -0.760256
16792 -1056259.393783 0.000000 -3.799057 -0.766421
25650 -1056259.382492 0.000000 -3.787766 -0.755129
24932 -1056259.388395 0.000000 -3.793669 -0.761032
25558 -1056258.610400 0.000000 -3.015674 0.016963
24853 -1056259.387862 0.000000 -3.793136 -0.760500
24246 -1056259.249552 0.000000 -3.654826 -0.622190
24809 -1056259.387619 0.000000 -3.792893 -0.760256
24223 -1056259.393783 0.000000 -3.799058 -0.766421
33236 -1056259.382492 0.000000 -3.787766 -0.755130
32219 -1056259.388395 0.000000 -3.793669 -0.761033
33162 -1056258.610399 0.000000 -3.015674 0.016963
32139 -1056259.387862 0.000000 -3.793137 -0.760500
31729 -1056259.249553 0.000000 -3.654827 -0.622190
32095 -1056259.387620 0.000000 -3.792894 -0.760257
31699 -1056259.393784 0.000000 -3.799058 -0.766422
40585 -1056259.382493 0.000000 -3.787768 -0.755131
39867 -1056259.388396 0.000000 -3.793670 -0.761034
40486 -1056258.610400 0.000000 -3.015674 0.016963
39779 -1056259.387864 0.000000 -3.793138 -0.760502
39165 -1056259.249552 0.000000 -3.654826 -0.622189
39726 -1056259.387622 0.000000 -3.792896 -0.760259
39134 -1056259.393788 0.000000 -3.799062 -0.766426
48168 -1056259.382495 0.000000 -3.787769 -0.755132
47152 -1056259.388403 0.000000 -3.793677 -0.761040
48079 -1056258.610404 0.000000 -3.015678 0.016958
47063 -1056259.387855 0.000000 -3.793129 -0.760492
46650 -1056259.249585 0.000000 -3.654859 -0.622223
47009 -1056259.387624 0.000000 -3.792898 -0.760262
46611 -1056259.393655 0.000000 -3.798929 -0.766292
46992 -1056259.382665 0.000000 -3.787939 -0.755302
54795 -1056259.389450 0.000000 -3.794724 -0.762088
55410 -1056258.966091 0.000000 -3.371365 -0.338729
54700 -1056259.388151 0.000000 -3.793426 -0.760789
54081 -1056258.992757 0.000000 -3.398031 -0.365395
54638 -1056259.388384 0.000000 -3.793658 -0.761022
54042 -1056259.393772 0.000000 -3.799047 -0.766410
54612 -1056259.383147 0.000000 -3.788421 -0.755784
3149 -1056259.341613 0.000000 -3.746887 -0.714251
2127 -1056259.326042 0.000000 -3.731316 -0.698680
3055 -1056259.340786 0.000000 -3.746060 -0.713424
2053 -1056259.343788 0.000000 -3.749062 -0.716425
3003 -1056258.935330 0.000000 -3.340604 -0.307967
2016 -1056259.343102 0.000000 -3.748376 -0.715740
1859 -1056258.470289 0.000000 -2.875563 0.157074
10441 -1056259.342444 0.000000 -3.747718 -0.715082
9711 -1056259.209266 0.000000 -3.614541 -0.581904
10346 -1056259.342407 0.000000 -3.747681 -0.715044
9631 -1056259.344774 0.000000 -3.750048 -0.717411
10286 -1056259.338299 0.000000 -3.743573 -0.710937
9585 -1056259.342825 0.000000 -3.748099 -0.715462
9312 -1056258.469421 0.000000 -2.874695 0.157942
9575 -1056259.342349 0.000000 -3.747623 -0.714986
17057 -1056259.209281 0.000000 -3.614555 -0.581918
17984 -1056259.342404 0.000000 -3.747678 -0.715041
16974 -1056259.344754 0.000000 -3.750028 -0.717391
17917 -1056259.338310 0.000000 -3.743584 -0.710948
16928 -1056259.342817 0.000000 -3.748091 -0.715454
16769 -1056258.469428 0.000000 -2.874703 0.157934
16913 -1056259.342349 0.000000 -3.747623 -0.714987
24642 -1056259.209279 0.000000 -3.614553 -0.581917
25273 -1056259.342405 0.000000 -3.747679 -0.715043
24553 -1056259.344754 0.000000 -3.750028 -0.717391
25204 -1056259.338311 0.000000 -3.743585 -0.710948
24498 -1056259.342817 0.000000 -3.748091 -0.715454
25172 -1056258.595425 0.000000 -3.000699 0.031938
24480 -1056259.342350 0.000000 -3.747624 -0.714987
31988 -1056259.209279 0.000000 -3.614553 -0.581917
32912 -1056259.342405 0.000000 -3.747680 -0.715043
31896 -1056259.344754 0.000000 -3.750028 -0.717391
32835 -1056259.338311 0.000000 -3.743585 -0.710949
31840 -1056259.342817 0.000000 -3.748091 -0.715455
32812 -1056258.595424 0.000000 -3.000698 0.031938
31820 -1056259.342350 0.000000 -3.747624 -0.714988
39578 -1056259.209279 0.000000 -3.614554 -0.581917
40204 -1056259.342406 0.000000 -3.747680 -0.715044
39481 -1056259.344755 0.000000 -3.750029 -0.717392
40127 -1056259.338312 0.000000 -3.743586 -0.710950
39418 -1056259.342819 0.000000 -3.748093 -0.715456
40084 -1056258.595425 0.000000 -3.000699 0.031938
39391 -1056259.342351 0.000000 -3.747626 -0.714989
39127 -1056259.209280 0.000000 -3.614554 -0.581918
47843 -1056259.342405 0.000000 -3.747679 -0.715043
46824 -1056259.344762 0.000000 -3.750036 -0.717400
47757 -1056259.338314 0.000000 -3.743588 -0.710952
46759 -1056259.342808 0.000000 -3.748082 -0.715445
47718 -1056258.595424 0.000000 -3.000699 0.031938
46730 -1056259.342462 0.000000 -3.747736 -0.715099
46579 -1056259.211493 0.000000 -3.616767 -0.584130
55132 -1056259.341453 0.000000 -3.746728 -0.714091
54407 -1056259.324605 0.000000 -3.729879 -0.697243
55046 -1056259.336374 0.000000 -3.741648 -0.709012
54335 -1056259.343749 0.000000 -3.749023 -0.716387
54994 -1056258.936164 0.000000 -3.341438 -0.308802
54299 -1056259.342780 0.000000 -3.748055 -0.715418
54029 -1056259.211629 0.000000 -3.616903 -0.584267
3422 -1056258.597975 0.000000 -3.003249 0.029387
2784 -1056258.969156 0.000000 -3.374430 -0.341793
1983 -1056258.543352 0.000000 -2.948626 0.084010
2697 -1056258.967960 0.000000 -3.373234 -0.340597
1918 -1056258.964722 0.000000 -3.369996 -0.337359
2644 -1056258.969782 0.000000 -3.375056 -0.342420
1887 -1056258.970407 0.000000 -3.375681 -0.343044
10968 -1056258.937020 0.000000 -3.342294 -0.309657
10051 -1056258.969264 0.000000 -3.374538 -0.341901
9500 -1056259.592832 0.000000 -3.998106 -0.965470
9962 -1056258.968937 0.000000 -3.374212 -0.341575
9426 -1056258.868457 0.000000 -3.273731 -0.241095
9910 -1056258.971753 0.000000 -3.377027 -0.344390
9387 -1056258.970255 0.000000 -3.375529 -0.342893
9893 -1056258.936761 0.000000 -3.342035 -0.309398
17717 -1056258.969272 0.000000 -3.374546 -0.341909
16901 -1056259.592860 0.000000 -3.998134 -0.965497
17622 -1056258.968906 0.000000 -3.374181 -0.341544
16838 -1056258.868465 0.000000 -3.273739 -0.241103
17561 -1056258.971745 0.000000 -3.377019 -0.344382
16798 -1056258.970247 0.000000 -3.375521 -0.342884
17536 -1056258.936758 0.000000 -3.342032 -0.309396
24983 -1056258.969268 0.000000 -3.374542 -0.341905
24429 -1056259.592855 0.000000 -3.998130 -0.965493
24888 -1056258.968905 0.000000 -3.374179 -0.341542
24347 -1056258.868464 0.000000 -3.273738 -0.241102
24827 -1056258.971744 0.000000 -3.377018 -0.344382
24300 -1056258.970246 0.000000 -3.375520 -0.342884
24801 -1056258.936759 0.000000 -3.342033 -0.309396
32646 -1056258.969268 0.000000 -3.374542 -0.341905
33185 -1056258.452739 0.000000 -2.858013 0.174623
32547 -1056258.968905 0.000000 -3.374180 -0.341543
31758 -1056258.868465 0.000000 -3.273739 -0.241102
32477 -1056258.971745 0.000000 -3.377019 -0.344383
31709 -1056258.970247 0.000000 -3.375521 -0.342885
32443 -1056258.936761 0.000000 -3.342035 -0.309398
39917 -1056258.969270 0.000000 -3.374544 -0.341907
40761 -1056258.452735 0.000000 -2.858009 0.174627
39819 -1056258.968908 0.000000 -3.374182 -0.341546
39274 -1056258.868466 0.000000 -3.273740 -0.241103
39748 -1056258.971750 0.000000 -3.377024 -0.344388
39218 -1056258.970252 0.000000 -3.375527 -0.342890
39713 -1056258.936768 0.000000 -3.342042 -0.309405
39197 -1056258.969279 0.000000 -3.374553 -0.341916
48117 -1056258.452719 0.000000 -2.857993 0.174644
47478 -1056258.968912 0.000000 -3.374186 -0.341550
46682 -1056258.868490 0.000000 -3.273765 -0.241128
47399 -1056258.971768 0.000000 -3.377042 -0.344405
46626 -1056258.970266 0.000000 -3.375541 -0.342904
47356 -1056258.936892 0.000000 -3.342166 -0.309529
46605 -1056258.969217 0.000000 -3.374491 -0.341854
55674 -1056258.597684 0.000000 -3.002958 0.029679
54744 -1056258.969515 0.000000 -3.374789 -0.342152
54198 -1056258.869177 0.000000 -3.274451 -0.241814
54664 -1056258.968418 0.000000 -3.373692 -0.341056
54133 -1056258.962247 0.000000 -3.367521 -0.334884
54621 -1056258.934977 0.000000 -3.340251 -0.307614
54103 -1056258.969260 0.000000 -3.374535 -0.341898
2459 -1056258.869457 0.000000 -3.274731 -0.242094
3101 -1056258.832051 0.000000 -3.237325 -0.204688
2363 -1056258.866546 0.000000 -3.271820 -0.239183
3025 -1056258.809173 0.000000 -3.214447 -0.181810
2300 -1056258.859204 0.000000 -3.264479 -0.231842
1868 -1056258.526615 0.000000 -2.931889 0.100747
2274 -1056258.858292 0.000000 -3.263566 -0.230930
9765 -1056258.866775 0.000000 -3.272049 -0.239413
10717 -1056258.859887 0.000000 -3.265161 -0.232524
9669 -1056258.867541 0.000000 -3.272815 -0.240178
10642 -1056258.808744 0.000000 -3.214018 -0.181382
9607 -1056258.860476 0.000000 -3.265750 -0.233113
9329 -1056258.082045 0.000000 -2.487319 0.545317
9579 -1056258.859064 0.000000 -3.264338 -0.231701
9315 -1056258.866779 0.000000 -3.272054 -0.239417
18034 -1056258.859792 0.000000 -3.265066 -0.232430
17291 -1056258.867578 0.000000 -3.272852 -0.240215
17949 -1056258.808723 0.000000 -3.213998 -0.181361
17219 -1056258.860473 0.000000 -3.265747 -0.233110
16781 -1056258.082049 0.000000 -2.487323 0.545313
17184 -1056258.859056 0.000000 -3.264330 -0.231693
16768 -1056258.866781 0.000000 -3.272055 -0.239419
25649 -1056258.859788 0.000000 -3.265062 -0.232425
24596 -1056258.867576 0.000000 -3.272850 -0.240214
25557 -1056258.808722 0.000000 -3.213996 -0.181359
24524 -1056258.860471 0.000000 -3.265745 -0.233109
143493 -1056258.307659 0.000000 -2.712933 0.319704
24488 -1056258.859056 0.000000 -3.264330 -0.231693
24222 -1056258.866781 0.000000 -3.272055 -0.239419
32965 -1056258.859788 0.000000 -3.265062 -0.232426
32218 -1056258.867576 0.000000 -3.272851 -0.240214
32872 -1056258.808722 0.000000 -3.213997 -0.181360
32138 -1056258.860472 0.000000 -3.265746 -0.233110
32818 -1056258.307657 0.000000 -2.712931 0.319705
32094 -1056258.859057 0.000000 -3.264331 -0.231694
31674 -1056258.866781 0.000000 -3.272055 -0.239419
40584 -1056258.859790 0.000000 -3.265064 -0.232427
39529 -1056258.867577 0.000000 -3.272852 -0.240215
40485 -1056258.808726 0.000000 -3.214000 -0.181364
39448 -1056258.860474 0.000000 -3.265748 -0.233112
40449 -1056258.307652 0.000000 -2.712926 0.319711
39403 -1056258.859062 0.000000 -3.264336 -0.231700
39133 -1056258.866781 0.000000 -3.272055 -0.239419
39390 -1056258.859800 0.000000 -3.265075 -0.232438
47151 -1056258.867590 0.000000 -3.272864 -0.240227
47799 -1056258.808743 0.000000 -3.214017 -0.181380
47062 -1056258.860505 0.000000 -3.265779 -0.233142
47731 -1056258.307579 0.000000 -2.712853 0.319784
47008 -1056258.859071 0.000000 -3.264346 -0.231709
46585 -1056258.866995 0.000000 -3.272269 -0.239633
46991 -1056258.860215 0.000000 -3.265489 -0.232852
54458 -1056258.869652 0.000000 -3.274926 -0.242290
55409 -1056258.831405 0.000000 -3.236679 -0.204042
54369 -1056258.859983 0.000000 -3.265257 -0.232621
55352 -1056258.450058 0.000000 -2.855332 0.177305
54316 -1056258.858614 0.000000 -3.263888 -0.231252
54041 -1056258.865801 0.000000 -3.271076 -0.238439
54297 -1056258.859876 0.000000 -3.265150 -0.232514
2834 -1056258.450539 0.000000 -2.855813 0.176823
2176 -1056259.908870 0.000000 -4.314144 -1.281508
2735 -1056258.451322 0.000000 -2.856596 0.176041
2085 -1056258.440739 0.000000 -2.846013 0.186624
2666 -1056258.425957 0.000000 -2.831231 0.201406
2029 -1056258.460545 0.000000 -2.865819 0.166817
2631 -1056258.398551 0.000000 -2.803825 0.228811
2009 -1056258.451649 0.000000 -2.856923 0.175714
9549 -1056259.401277 0.000000 -3.806551 -0.773915
10389 -1056258.452609 0.000000 -2.857883 0.174753
9458 -1056258.441427 0.000000 -2.846701 0.185936
10310 -1056258.454315 0.000000 -2.859589 0.173047
9401 -1056258.458702 0.000000 -2.863976 0.168661
10268 -1056258.399615 0.000000 -2.804890 0.227747
9381 -1056258.451903 0.000000 -2.857177 0.175459
17108 -1056259.401249 0.000000 -3.806523 -0.773886
17665 -1056258.452626 0.000000 -2.857900 0.174736
17010 -1056258.441508 0.000000 -2.846782 0.185854
17587 -1056258.454283 0.000000 -2.859557 0.173079
16946 -1056258.458727 0.000000 -2.864001 0.168636
17544 -1056258.399614 0.000000 -2.804888 0.227749
16916 -1056258.451903 0.000000 -2.857177 0.175460
24467 -1056259.401261 0.000000 -3.806536 -0.773899
25320 -1056258.452623 0.000000 -2.857897 0.174740
24384 -1056258.441511 0.000000 -2.846785 0.185852
25233 -1056258.454282 0.000000 -2.859556 0.173081
24318 -1056258.458727 0.000000 -2.864001 0.168635
25182 -1056258.399614 0.000000 -2.804888 0.227748
24289 -1056258.451903 0.000000 -2.857177 0.175460
32037 -1056259.401262 0.000000 -3.806536 -0.773900
32595 -1056258.452623 0.000000 -2.857897 0.174740
31936 -1056258.441511 0.000000 -2.846786 0.185851
32507 -1056258.454283 0.000000 -2.859557 0.173080
31863 -1056258.458727 0.000000 -2.864001 0.168636
32455 -1056258.399615 0.000000 -2.804889 0.227748
31824 -1056258.451903 0.000000 -2.857177 0.175460
32438 -1056257.988064 0.000000 -2.393338 0.639298
40255 -1056258.452624 0.000000 -2.857898 0.174738
39316 -1056258.441509 0.000000 -2.846783 0.185854
40160 -1056258.454287 0.000000 -2.859562 0.173075
39241 -1056258.458725 0.000000 -2.864000 0.168637
40100 -1056258.399618 0.000000 -2.804892 0.227745
39203 -1056258.451910 0.000000 -2.857185 0.175452
40079 -1056257.988044 0.000000 -2.393318 0.639318
47528 -1056258.452650 0.000000 -2.857924 0.174713
46868 -1056258.441518 0.000000 -2.846792 0.185845
47433 -1056258.454296 0.000000 -2.859570 0.173067
46786 -1056258.458864 0.000000 -2.864138 0.168499
47373 -1056258.399636 0.000000 -2.804910 0.227726
46739 -1056258.451850 0.000000 -2.857124 0.175512
47347 -1056257.986054 0.000000 -2.391328 0.641309
55182 -1056258.450562 0.000000 -2.855836 0.176801
54243 -1056259.908861 0.000000 -4.314135 -1.281498
55084 -1056258.453604 0.000000 -2.858878 0.173758
54161 -1056258.458543 0.000000 -2.863817 0.168820
55014 -1056258.426488 0.000000 -2.831762 0.200874
54113 -1056258.452866 0.000000 -2.858140 0.174497
54983 -1056257.985587 0.000000 -2.390861 0.641776
3421 -1056258.400911 0.000000 -2.806185 0.226452
2411 -1056258.424446 0.000000 -2.829720 0.202916
3348 -1056258.108829 0.000000 -2.514104 0.518533
2331 -1056258.424864 0.000000 -2.830138 0.202498
1917 -1056259.811880 0.000000 -4.217154 -1.184517
2286 -1056258.425538 0.000000 -2.830812 0.201825
1886 -1056258.422013 0.000000 -2.827287 0.205350
2273 -1056258.424564 0.000000 -2.829838 0.202799
10050 -1056258.435082 0.000000 -2.840356 0.192281
10674 -1056258.400530 0.000000 -2.805804 0.226833
9961 -1056258.425791 0.000000 -2.831065 0.201572
9351 -1056259.334988 0.000000 -3.740262 -0.707626
9909 -1056258.426242 0.000000 -2.831516 0.201121
9321 -1056258.420613 0.000000 -2.825887 0.206750
9892 -1056258.424414 0.000000 -2.829688 0.202949
17343 -1056258.435216 0.000000 -2.840490 0.192146
18267 -1056258.400528 0.000000 -2.805803 0.226834
17254 -1056258.425837 0.000000 -2.831111 0.201525
16837 -1056259.335021 0.000000 -3.740295 -0.707658
17201 -1056258.426232 0.000000 -2.831506 0.201130
16797 -1056258.420634 0.000000 -2.825908 0.206728
17182 -1056258.424405 0.000000 -2.829679 0.202958
24982 -1056258.435219 0.000000 -2.840493 0.192143
25603 -1056258.400529 0.000000 -2.805804 0.226833
24887 -1056258.425836 0.000000 -2.831110 0.201527
24270 -1056259.335027 0.000000 -3.740301 -0.707665
24826 -1056258.426231 0.000000 -2.831505 0.201132
24233 -1056258.420635 0.000000 -2.825909 0.206728
24800 -1056258.424405 0.000000 -2.829679 0.202957
32272 -1056258.435219 0.000000 -2.840493 0.192143
33184 -1056258.400530 0.000000 -2.805804 0.226833
32177 -1056258.425836 0.000000 -2.831110 0.201527
31757 -1056259.335025 0.000000 -3.740299 -0.707663
32115 -1056258.426232 0.000000 -2.831506 0.201130
31708 -1056258.420634 0.000000 -2.825908 0.206728
32088 -1056258.424407 0.000000 -2.829681 0.202956
31695 -1056258.435218 0.000000 -2.840492 0.192144
40536 -1056258.400529 0.000000 -2.805803 0.226833
39818 -1056258.425836 0.000000 -2.831110 0.201526
40459 -1056257.933819 0.000000 -2.339093 0.693543
39747 -1056258.426236 0.000000 -2.831511 0.201126
39148 -1056258.420627 0.000000 -2.825902 0.206735
39712 -1056258.424419 0.000000 -2.829693 0.202944
39132 -1056258.435224 0.000000 -2.840498 0.192138
48116 -1056258.400530 0.000000 -2.805804 0.226832
47105 -1056258.425878 0.000000 -2.831152 0.201484
48067 -1056257.933752 0.000000 -2.339026 0.693611
47034 -1056258.426251 0.000000 -2.831525 0.201111
46625 -1056258.420848 0.000000 -2.826122 0.206514
46998 -1056258.424399 0.000000 -2.829673 0.202963
46604 -1056258.434700 0.000000 -2.839974 0.192663
55463 -1056258.400720 0.000000 -2.805994 0.226643
54743 -1056258.424985 0.000000 -2.830260 0.202377
55371 -1056257.993850 0.000000 -2.399124 0.633512
54663 -1056258.423977 0.000000 -2.829251 0.203385
54060 -1056259.830832 0.000000 -4.236106 -1.203470
54620 -1056258.423993 0.000000 -2.829267 0.203369
54038 -1056258.435355 0.000000 -2.840630 0.192007
2227 -1056258.043199 0.000000 -2.448473 0.584164
3151 -1056258.095118 0.000000 -2.500392 0.532245
2126 -1056258.085762 0.000000 -2.491036 0.541601
3057 -1056258.096991 0.000000 -2.502266 0.530371
2052 -1056258.097941 0.000000 -2.503215 0.529422
3004 -1056259.260482 0.000000 -3.665756 -0.633119
2015 -1056258.098196 0.000000 -2.503471 0.529166
1861 -1056257.905340 0.000000 -2.310614 0.722023
10440 -1056258.100549 0.000000 -2.505823 0.526814
9713 -1056258.067242 0.000000 -2.472516 0.560121
10345 -1056258.098159 0.000000 -2.503433 0.529204
9633 -1056258.103296 0.000000 -2.508570 0.524066
10285 -1056258.456381 0.000000 -2.861656 0.170981
9587 -1056258.098081 0.000000 -2.503355 0.529281
9311 -1056257.904548 0.000000 -2.309822 0.722815
18084 -1056258.100364 0.000000 -2.505638 0.526998
17056 -1056258.067340 0.000000 -2.472614 0.560023
17986 -1056258.098026 0.000000 -2.503300 0.529337
16973 -1056258.103292 0.000000 -2.508566 0.524071
17919 -1056258.456321 0.000000 -2.861595 0.171041
16927 -1056258.098046 0.000000 -2.503320 0.529317
16771 -1056257.904529 0.000000 -2.309803 0.722834
25372 -1056258.100340 0.000000 -2.505614 0.527023
24644 -1056258.067329 0.000000 -2.472603 0.560033
25272 -1056258.098012 0.000000 -2.503287 0.529350
24555 -1056258.103283 0.000000 -2.508557 0.524080
25203 -1056258.456313 0.000000 -2.861588 0.171049
24500 -1056258.098040 0.000000 -2.503315 0.529322
24219 -1056257.904522 0.000000 -2.309797 0.722840
33014 -1056258.100338 0.000000 -2.505613 0.527024
31987 -1056258.067328 0.000000 -2.472603 0.560034
32914 -1056258.098014 0.000000 -2.503288 0.529349
31895 -1056258.103285 0.000000 -2.508559 0.524077
32837 -1056258.456317 0.000000 -2.861591 0.171045
31839 -1056258.098045 0.000000 -2.503320 0.529317
31679 -1056257.904535 0.000000 -2.309809 0.722828
31819 -1056258.100346 0.000000 -2.505620 0.527016
39580 -1056258.067336 0.000000 -2.472610 0.560027
40203 -1056258.098027 0.000000 -2.503301 0.529335
39483 -1056258.103296 0.000000 -2.508570 0.524066
40126 -1056258.456335 0.000000 -2.861609 0.171028
39420 -1056258.098065 0.000000 -2.503339 0.529298
40083 -1056257.762568 0.000000 -2.167842 0.864795
39393 -1056258.100386 0.000000 -2.505661 0.526976
46920 -1056258.067350 0.000000 -2.472624 0.560012
47845 -1056258.098099 0.000000 -2.503373 0.529263
46823 -1056258.103390 0.000000 -2.508665 0.523972
47759 -1056258.456447 0.000000 -2.861721 0.170916
46758 -1056258.098338 0.000000 -2.503612 0.529025
47719 -1056257.762772 0.000000 -2.168046 0.864590
46729 -1056259.457915 0.000000 -3.863189 -0.830552
54507 -1056258.043035 0.000000 -2.448309 0.584328
55131 -1056258.093989 0.000000 -2.499263 0.533374
54409 -1056258.108565 0.000000 -2.513839 0.518798
55045 -1056258.071099 0.000000 -2.476373 0.556264
54337 -1056258.097874 0.000000 -2.503148 0.529488
54993 -1056258.864203 0.000000 -3.269477 -0.236840
54301 -1056258.101312 0.000000 -2.506586 0.526051
