#ID      EIFS 	      EIPFS 	   FSbin        FSseg
2423 -915075.618090 0.000000 -5.779847 -2.745435
2899 -915075.618095 0.000000 -5.779852 -2.745441
3219 -915075.618091 0.000000 -5.779849 -2.745437
15506 -915075.618095 0.000000 -5.779852 -2.745440
16037 -915075.618091 0.000000 -5.779849 -2.745437
28051 -915075.618096 0.000000 -5.779854 -2.745442
28749 -915075.618091 0.000000 -5.779849 -2.745437
28963 -915075.618095 0.000000 -5.779853 -2.745441
41384 -915075.618091 0.000000 -5.779849 -2.745437
41749 -915075.618095 0.000000 -5.779852 -2.745440
2294 -915074.055763 0.000000 -4.217520 -1.183108
106069 -915074.055839 0.000000 -4.217597 -1.183185
3206 -915074.055764 0.000000 -4.217521 -1.183110
118727 -915074.055839 0.000000 -4.217596 -1.183185
15989 -915074.055763 0.000000 -4.217520 -1.183108
131285 -915074.055839 0.000000 -4.217597 -1.183185
28663 -915074.055763 0.000000 -4.217520 -1.183108
131872 -915074.055839 0.000000 -4.217597 -1.183185
41268 -915074.055764 0.000000 -4.217521 -1.183110
144862 -915074.055838 0.000000 -4.217595 -1.183183
2355 -915074.026575 0.000000 -4.188332 -1.153920
3068 -915073.974079 0.000000 -4.135836 -1.101424
14947 -915074.026575 0.000000 -4.188332 -1.153920
15743 -915073.974079 0.000000 -4.135836 -1.101424
16008 -915074.026575 0.000000 -4.188332 -1.153920
28310 -915073.974079 0.000000 -4.135836 -1.101424
28702 -915074.026573 0.000000 -4.188331 -1.153919
40882 -915073.974077 0.000000 -4.135834 -1.101423
41323 -915074.026573 0.000000 -4.188331 -1.153919
41842 -915073.974078 0.000000 -4.135836 -1.101424
2552 -915074.023021 0.000000 -4.184778 -1.150366
2957 -915074.023189 0.000000 -4.184946 -1.150534
15123 -915074.023021 0.000000 -4.184778 -1.150366
15594 -915074.023190 0.000000 -4.184948 -1.150536
16083 -915074.023021 0.000000 -4.184778 -1.150366
28149 -915074.023190 0.000000 -4.184948 -1.150536
28830 -915074.023021 0.000000 -4.184778 -1.150366
40738 -915074.023189 0.000000 -4.184946 -1.150534
41504 -915074.023021 0.000000 -4.184778 -1.150366
41780 -915074.023190 0.000000 -4.184948 -1.150536
2613 -915074.021295 0.000000 -4.183053 -1.148641
3172 -915074.022390 0.000000 -4.184147 -1.149735
15183 -915074.021295 0.000000 -4.183053 -1.148641
15922 -915074.022390 0.000000 -4.184147 -1.149735
16090 -915074.021295 0.000000 -4.183053 -1.148641
28556 -915074.022390 0.000000 -4.184147 -1.149735
28857 -915074.021295 0.000000 -4.183053 -1.148641
41138 -915074.022390 0.000000 -4.184147 -1.149735
41549 -915074.021295 0.000000 -4.183053 -1.148641
41506 -915074.022390 0.000000 -4.184147 -1.149735
2797 -915074.020511 0.000000 -4.182268 -1.147856
3120 -915074.022619 0.000000 -4.184376 -1.149964
15380 -915074.020509 0.000000 -4.182266 -1.147854
15833 -915074.022618 0.000000 -4.184375 -1.149963
15596 -915074.020511 0.000000 -4.182268 -1.147856
28434 -915074.022619 0.000000 -4.184376 -1.149964
28935 -915074.020511 0.000000 -4.182268 -1.147856
41009 -915074.022619 0.000000 -4.184376 -1.149964
41681 -915074.020509 0.000000 -4.182267 -1.147855
41861 -915074.022619 0.000000 -4.184376 -1.149964
2424 -915074.027167 0.000000 -4.188925 -1.154513
2850 -915074.026985 0.000000 -4.188742 -1.154330
3220 -915074.027167 0.000000 -4.188925 -1.154513
15441 -915074.026984 0.000000 -4.188742 -1.154330
16038 -915074.027167 0.000000 -4.188925 -1.154513
27988 -915074.026985 0.000000 -4.188742 -1.154330
28750 -915074.027167 0.000000 -4.188925 -1.154513
28950 -915074.026985 0.000000 -4.188742 -1.154330
41385 -915074.027167 0.000000 -4.188925 -1.154513
41716 -915074.026985 0.000000 -4.188742 -1.154330
2293 -915074.022131 0.000000 -4.183889 -1.149477
2704 -915074.022050 0.000000 -4.183807 -1.149395
3205 -915074.022130 0.000000 -4.183887 -1.149475
15285 -915074.022050 0.000000 -4.183807 -1.149395
15988 -915074.022131 0.000000 -4.183889 -1.149477
27850 -915074.022050 0.000000 -4.183807 -1.149395
28662 -915074.022131 0.000000 -4.183889 -1.149477
28894 -915074.022050 0.000000 -4.183807 -1.149395
41267 -915074.022131 0.000000 -4.183889 -1.149477
41611 -915074.022048 0.000000 -4.183805 -1.149394
2358 -915074.233787 0.000000 -4.395544 -1.361132
3028 -915074.194461 0.000000 -4.356218 -1.321806
3210 -915074.233788 0.000000 -4.395545 -1.361133
15686 -915074.194459 0.000000 -4.356217 -1.321805
16011 -915074.233788 0.000000 -4.395545 -1.361133
28244 -915074.194461 0.000000 -4.356218 -1.321806
28705 -915074.233788 0.000000 -4.395545 -1.361133
28861 -915074.194461 0.000000 -4.356218 -1.321806
41326 -915074.233788 0.000000 -4.395545 -1.361133
41821 -915074.194461 0.000000 -4.356218 -1.321806
2551 -915074.248194 0.000000 -4.409952 -1.375540
2942 -915074.248182 0.000000 -4.409939 -1.375527
15122 -915074.248194 0.000000 -4.409952 -1.375540
15569 -915074.248182 0.000000 -4.409939 -1.375528
16082 -915074.248194 0.000000 -4.409952 -1.375540
28118 -915074.248182 0.000000 -4.409939 -1.375528
28829 -915074.248194 0.000000 -4.409952 -1.375540
40708 -915074.248182 0.000000 -4.409939 -1.375527
41503 -915074.248193 0.000000 -4.409950 -1.375538
41774 -915074.248182 0.000000 -4.409939 -1.375528
2616 -915074.292579 0.000000 -4.454336 -1.419924
3147 -915074.294208 0.000000 -4.455965 -1.421553
15186 -915074.292580 0.000000 -4.454337 -1.419925
15879 -915074.294209 0.000000 -4.455967 -1.421555
16093 -915074.292579 0.000000 -4.454336 -1.419924
28495 -915074.294209 0.000000 -4.455967 -1.421555
28860 -915074.292580 0.000000 -4.454337 -1.419925
41076 -915074.294209 0.000000 -4.455967 -1.421555
41552 -915074.292578 0.000000 -4.454336 -1.419924
41863 -915074.294209 0.000000 -4.455967 -1.421555
105836 -915074.293903 0.000000 -4.455660 -1.421248
3101 -915074.294821 0.000000 -4.456578 -1.422166
118419 -915074.293903 0.000000 -4.455660 -1.421249
15794 -915074.294822 0.000000 -4.456579 -1.422167
118787 -915074.293905 0.000000 -4.455662 -1.421250
28377 -915074.294820 0.000000 -4.456577 -1.422166
131974 -915074.293903 0.000000 -4.455661 -1.421249
40947 -915074.294821 0.000000 -4.456578 -1.422166
144720 -915074.293904 0.000000 -4.455662 -1.421250
41857 -915074.294822 0.000000 -4.456579 -1.422167
2853 -915074.294573 0.000000 -4.456331 -1.421919
3119 -915074.294606 0.000000 -4.456363 -1.421951
15444 -915074.294572 0.000000 -4.456329 -1.421917
15832 -915074.294606 0.000000 -4.456363 -1.421951
15187 -915074.294572 0.000000 -4.456329 -1.421917
28433 -915074.294604 0.000000 -4.456362 -1.421950
28953 -915074.294573 0.000000 -4.456331 -1.421919
41008 -915074.294606 0.000000 -4.456363 -1.421951
41719 -915074.294573 0.000000 -4.456331 -1.421919
41860 -915074.294606 0.000000 -4.456363 -1.421951
2231 -915074.293182 0.000000 -4.454940 -1.420528
2703 -915074.292998 0.000000 -4.454756 -1.420344
3195 -915074.293181 0.000000 -4.454938 -1.420526
15284 -915074.293000 0.000000 -4.454757 -1.420345
15961 -915074.293181 0.000000 -4.454938 -1.420526
27849 -915074.293000 0.000000 -4.454757 -1.420345
28615 -915074.293182 0.000000 -4.454940 -1.420528
28893 -915074.293000 0.000000 -4.454757 -1.420345
41205 -915074.293182 0.000000 -4.454940 -1.420528
41610 -915074.293000 0.000000 -4.454757 -1.420345
2292 -915074.317815 0.000000 -4.479572 -1.445160
3031 -915074.390295 0.000000 -4.552052 -1.517640
3204 -915074.317817 0.000000 -4.479574 -1.445162
15689 -915074.390293 0.000000 -4.552050 -1.517638
15987 -915074.317815 0.000000 -4.479573 -1.445161
28247 -915074.390293 0.000000 -4.552050 -1.517638
28661 -915074.317817 0.000000 -4.479574 -1.445162
28560 -915074.390294 0.000000 -4.552052 -1.517640
41266 -915074.317815 0.000000 -4.479573 -1.445161
41824 -915074.390293 0.000000 -4.552050 -1.517638
2488 -915074.405071 0.000000 -4.566828 -1.532416
2550 -915074.700750 0.000000 -4.862507 -1.828095
2941 -915074.405040 0.000000 -4.566797 -1.532385
106188 -915074.700633 0.000000 -4.862390 -1.827978
2617 -915074.405071 0.000000 -4.566828 -1.532416
15121 -915074.700750 0.000000 -4.862507 -1.828095
15568 -915074.405040 0.000000 -4.566797 -1.532385
118920 -915074.700633 0.000000 -4.862390 -1.827978
16065 -915074.405069 0.000000 -4.566827 -1.532415
16081 -915074.700751 0.000000 -4.862508 -1.828097
28117 -915074.405040 0.000000 -4.566797 -1.532385
131536 -915074.700633 0.000000 -4.862390 -1.827978
28794 -915074.405069 0.000000 -4.566827 -1.532415
28828 -915074.700751 0.000000 -4.862508 -1.828097
28970 -915074.405038 0.000000 -4.566796 -1.532384
144117 -915074.700631 0.000000 -4.862388 -1.827976
41448 -915074.405071 0.000000 -4.566828 -1.532416
41502 -915074.700751 0.000000 -4.862509 -1.828097
41773 -915074.405040 0.000000 -4.566797 -1.532385
144886 -915074.700633 0.000000 -4.862390 -1.827978
2393 -915074.721522 0.000000 -4.883279 -1.848867
3100 -915074.723839 0.000000 -4.885596 -1.851184
14980 -915074.721522 0.000000 -4.883279 -1.848867
15793 -915074.723838 0.000000 -4.885595 -1.851183
16021 -915074.721522 0.000000 -4.883279 -1.848867
28376 -915074.723839 0.000000 -4.885596 -1.851184
28725 -915074.721522 0.000000 -4.883279 -1.848867
40946 -915074.723839 0.000000 -4.885596 -1.851184
41354 -915074.721522 0.000000 -4.883279 -1.848867
41856 -915074.723839 0.000000 -4.885596 -1.851184
2795 -915074.722095 0.000000 -4.883852 -1.849440
3122 -915074.721314 0.000000 -4.883072 -1.848660
15378 -915074.722094 0.000000 -4.883851 -1.849439
15835 -915074.721316 0.000000 -4.883073 -1.848661
15836 -915074.722095 0.000000 -4.883852 -1.849440
28436 -915074.721316 0.000000 -4.883073 -1.848661
28933 -915074.722094 0.000000 -4.883851 -1.849439
41011 -915074.721316 0.000000 -4.883073 -1.848661
41679 -915074.722095 0.000000 -4.883852 -1.849440
41862 -915074.721314 0.000000 -4.883072 -1.848660
2295 -915074.720951 0.000000 -4.882709 -1.848297
2678 -915074.722241 0.000000 -4.883999 -1.849587
2986 -915074.739265 0.000000 -4.901022 -1.866610
3194 -915074.722579 0.000000 -4.884336 -1.849924
3207 -915074.720949 0.000000 -4.882707 -1.848295
15252 -915074.722240 0.000000 -4.883997 -1.849585
15628 -915074.739263 0.000000 -4.901021 -1.866609
15960 -915074.722577 0.000000 -4.884335 -1.849923
15990 -915074.720951 0.000000 -4.882709 -1.848297
27818 -915074.722241 0.000000 -4.883999 -1.849587
28183 -915074.739265 0.000000 -4.901022 -1.866610
28614 -915074.722579 0.000000 -4.884336 -1.849924
28664 -915074.720951 0.000000 -4.882709 -1.848297
28886 -915074.722241 0.000000 -4.883999 -1.849587
28979 -915074.739263 0.000000 -4.901021 -1.866609
41204 -915074.722579 0.000000 -4.884336 -1.849924
41269 -915074.720951 0.000000 -4.882709 -1.848297
41595 -915074.722241 0.000000 -4.883999 -1.849587
41799 -915074.739265 0.000000 -4.901022 -1.866610
53750 -915074.722579 0.000000 -4.884336 -1.849924
105527 -915075.155080 0.000000 -5.316837 -2.282425
2902 -915074.736452 0.000000 -4.898209 -1.863797
105839 -915075.155080 0.000000 -5.316838 -2.282426
15509 -915074.736452 0.000000 -4.898209 -1.863797
119104 -915075.155082 0.000000 -5.316839 -2.282427
28054 -915074.736452 0.000000 -4.898209 -1.863797
131833 -915075.155082 0.000000 -5.316839 -2.282427
28966 -915074.736451 0.000000 -4.898208 -1.863796
144487 -915075.155082 0.000000 -5.316839 -2.282427
41752 -915074.736452 0.000000 -4.898209 -1.863797
2553 -915075.157134 0.000000 -5.318891 -2.284479
2940 -915075.157159 0.000000 -5.318916 -2.284504
2359 -915075.157132 0.000000 -5.318890 -2.284478
15567 -915075.157159 0.000000 -5.318916 -2.284504
16084 -915075.157134 0.000000 -5.318891 -2.284479
28116 -915075.157159 0.000000 -5.318916 -2.284504
28831 -915075.157134 0.000000 -5.318891 -2.284479
28969 -915075.157157 0.000000 -5.318914 -2.284502
41505 -915075.157134 0.000000 -5.318891 -2.284479
41772 -915075.157157 0.000000 -5.318915 -2.284503
2798 -915075.561816 0.000000 -5.723573 -2.689161
3099 -915075.561716 0.000000 -5.723473 -2.689061
15381 -915075.561817 0.000000 -5.723575 -2.689163
15792 -915075.561718 0.000000 -5.723475 -2.689063
15382 -915075.561817 0.000000 -5.723575 -2.689163
28375 -915075.561716 0.000000 -5.723473 -2.689062
28936 -915075.561817 0.000000 -5.723575 -2.689163
40945 -915075.561718 0.000000 -5.723475 -2.689063
41682 -915075.561817 0.000000 -5.723575 -2.689163
41855 -915075.561718 0.000000 -5.723475 -2.689063
2392 -915075.562671 0.000000 -5.724428 -2.690016
3071 -915075.565641 0.000000 -5.727398 -2.692986
14979 -915075.562671 0.000000 -5.724428 -2.690016
15746 -915075.565641 0.000000 -5.727398 -2.692986
16020 -915075.562671 0.000000 -5.724428 -2.690016
28313 -915075.565640 0.000000 -5.727398 -2.692986
28724 -915075.562671 0.000000 -5.724428 -2.690016
40884 -915075.565640 0.000000 -5.727398 -2.692986
41353 -915075.562671 0.000000 -5.724428 -2.690016
41845 -915075.565641 0.000000 -5.727398 -2.692986
2677 -915075.562428 0.000000 -5.724186 -2.689774
3175 -915075.562442 0.000000 -5.724199 -2.689787
15251 -915075.562428 0.000000 -5.724186 -2.689774
15925 -915075.562444 0.000000 -5.724201 -2.689789
16099 -915075.562428 0.000000 -5.724186 -2.689774
28559 -915075.562444 0.000000 -5.724201 -2.689789
28885 -915075.562428 0.000000 -5.724186 -2.689774
41141 -915075.562442 0.000000 -5.724199 -2.689788
41594 -915075.562428 0.000000 -5.724186 -2.689774
41012 -915075.562443 0.000000 -5.724201 -2.689789
2086 -915075.593955 0.000000 -5.755712 -2.721300
2901 -915075.564947 0.000000 -5.726705 -2.692293
3131 -915075.593954 0.000000 -5.755712 -2.721300
15508 -915075.564948 0.000000 -5.726705 -2.692293
15854 -915075.593956 0.000000 -5.755714 -2.721302
28053 -915075.564948 0.000000 -5.726705 -2.692293
28464 -915075.593956 0.000000 -5.755714 -2.721302
28965 -915075.564948 0.000000 -5.726705 -2.692293
41045 -915075.593956 0.000000 -5.755714 -2.721302
41751 -915075.564949 0.000000 -5.726706 -2.692295
2229 -915075.561877 0.000000 -5.723634 -2.689223
106027 -915075.562020 0.000000 -5.723777 -2.689366
3193 -915075.561877 0.000000 -5.723634 -2.689223
118669 -915075.562022 0.000000 -5.723779 -2.689367
15959 -915075.561877 0.000000 -5.723634 -2.689223
131224 -915075.562021 0.000000 -5.723779 -2.689367
28613 -915075.561876 0.000000 -5.723633 -2.689221
132020 -915075.562022 0.000000 -5.723779 -2.689367
41203 -915075.561877 0.000000 -5.723634 -2.689223
144840 -915075.562021 0.000000 -5.723779 -2.689367
2486 -915075.598303 0.000000 -5.760060 -2.725648
2943 -915075.598305 0.000000 -5.760062 -2.725651
2959 -915075.598301 0.000000 -5.760058 -2.725646
15570 -915075.598305 0.000000 -5.760062 -2.725651
16063 -915075.598301 0.000000 -5.760059 -2.725647
28119 -915075.598304 0.000000 -5.760061 -2.725649
28792 -915075.598303 0.000000 -5.760060 -2.725648
28971 -915075.598305 0.000000 -5.760062 -2.725650
41446 -915075.598303 0.000000 -5.760060 -2.725648
41775 -915075.598305 0.000000 -5.760062 -2.725651
2361 -915076.632563 0.000000 -6.794320 -3.759908
3070 -915075.564595 0.000000 -5.726352 -2.691940
3213 -915076.632563 0.000000 -6.794320 -3.759908
15745 -915075.564595 0.000000 -5.726353 -2.691941
16014 -915076.632563 0.000000 -6.794320 -3.759908
28312 -915075.564595 0.000000 -5.726353 -2.691941
28708 -915076.632563 0.000000 -6.794320 -3.759909
28151 -915075.564595 0.000000 -5.726352 -2.691940
41329 -915076.632563 0.000000 -6.794320 -3.759909
41844 -915075.564595 0.000000 -5.726353 -2.691941
2619 -915075.210503 0.000000 -5.372260 -2.337848
106214 -915075.210850 0.000000 -5.372607 -2.338195
15189 -915075.210503 0.000000 -5.372260 -2.337848
118964 -915075.210852 0.000000 -5.372609 -2.338197
16096 -915075.210503 0.000000 -5.372260 -2.337848
131598 -915075.210852 0.000000 -5.372609 -2.338197
28863 -915075.210503 0.000000 -5.372260 -2.337848
144180 -915075.210852 0.000000 -5.372609 -2.338197
41555 -915075.210502 0.000000 -5.372260 -2.337848
144182 -915075.210852 0.000000 -5.372609 -2.338197
2085 -915074.877960 0.000000 -5.039718 -2.005306
2855 -915074.894824 0.000000 -5.056581 -2.022169
3130 -915074.877960 0.000000 -5.039718 -2.005306
15446 -915074.894822 0.000000 -5.056579 -2.022167
15853 -915074.877960 0.000000 -5.039718 -2.005306
27991 -915074.894824 0.000000 -5.056581 -2.022169
28463 -915074.877960 0.000000 -5.039718 -2.005306
28955 -915074.894824 0.000000 -5.056581 -2.022169
41044 -915074.877960 0.000000 -5.039718 -2.005306
41721 -915074.894823 0.000000 -5.056580 -2.022168
2735 -915074.139995 0.000000 -4.301752 -1.267340
3102 -915075.384715 0.000000 -5.546472 -2.512060
15316 -915074.139995 0.000000 -4.301752 -1.267340
15795 -915075.384715 0.000000 -5.546472 -2.512060
16108 -915074.139995 0.000000 -4.301752 -1.267340
28378 -915075.384713 0.000000 -5.546470 -2.512058
28910 -915074.139995 0.000000 -4.301752 -1.267340
40948 -915075.384713 0.000000 -5.546471 -2.512059
41637 -915074.139995 0.000000 -4.301752 -1.267340
41858 -915075.384713 0.000000 -5.546470 -2.512058
2676 -915074.908841 0.000000 -5.070598 -2.036186
3196 -915074.907851 0.000000 -5.069609 -2.035197
15250 -915074.908841 0.000000 -5.070598 -2.036186
15962 -915074.907850 0.000000 -5.069607 -2.035195
16098 -915074.908841 0.000000 -5.070598 -2.036186
28616 -915074.907852 0.000000 -5.069609 -2.035197
28884 -915074.908841 0.000000 -5.070598 -2.036186
41206 -915074.907850 0.000000 -5.069607 -2.035195
41593 -915074.908841 0.000000 -5.070598 -2.036186
40740 -915074.907850 0.000000 -5.069608 -2.035196
4237 -915076.531389 0.000000 -6.693147 -3.658735
3502 -915077.660595 0.000000 -7.822352 -4.787940
3273 -915076.531389 0.000000 -6.693147 -3.658735
16659 -915077.660595 0.000000 -7.822352 -4.787940
16289 -915076.531389 0.000000 -6.693147 -3.658735
29855 -915077.660597 0.000000 -7.822354 -4.787942
29381 -915076.531389 0.000000 -6.693147 -3.658735
28994 -915077.660596 0.000000 -7.822354 -4.787942
42564 -915076.531389 0.000000 -6.693147 -3.658735
41970 -915077.660596 0.000000 -7.822354 -4.787942
2296 -915073.905307 0.000000 -4.067064 -1.032652
106072 -915073.905344 0.000000 -4.067101 -1.032689
3208 -915073.905307 0.000000 -4.067064 -1.032652
118730 -915073.905342 0.000000 -4.067099 -1.032687
15991 -915073.905307 0.000000 -4.067064 -1.032652
131288 -915073.905344 0.000000 -4.067101 -1.032689
28665 -915073.905305 0.000000 -4.067063 -1.032651
131477 -915073.905344 0.000000 -4.067101 -1.032689
41270 -915073.905307 0.000000 -4.067064 -1.032652
144865 -915073.905344 0.000000 -4.067101 -1.032689
3658 -915074.267772 0.000000 -4.429530 -1.395118
106288 -915072.018907 0.000000 -2.180664 0.853748
16850 -915074.267772 0.000000 -4.429529 -1.395117
119280 -915072.018907 0.000000 -2.180664 0.853747
30042 -915074.267771 0.000000 -4.429528 -1.395116
132350 -915072.018907 0.000000 -2.180664 0.853748
29038 -915074.267771 0.000000 -4.429528 -1.395116
145523 -915072.018907 0.000000 -2.180664 0.853748
42068 -915074.267772 0.000000 -4.429530 -1.395118
158717 -915072.018907 0.000000 -2.180664 0.853748
3553 -915073.745843 0.000000 -3.907600 -0.873188
3297 -915073.744825 0.000000 -3.906582 -0.872170
16723 -915073.745841 0.000000 -3.907598 -0.873186
16346 -915073.744825 0.000000 -3.906582 -0.872170
16111 -915073.745843 0.000000 -3.907600 -0.873188
29472 -915073.744823 0.000000 -3.906580 -0.872168
29007 -915073.745843 0.000000 -3.907600 -0.873188
42675 -915073.744823 0.000000 -3.906580 -0.872168
42002 -915073.745843 0.000000 -3.907600 -0.873188
41875 -915073.744823 0.000000 -3.906580 -0.872168
3916 -915074.380068 0.000000 -4.541825 -1.507413
3322 -915074.723141 0.000000 -4.884898 -1.850486
17121 -915074.380068 0.000000 -4.541825 -1.507414
16388 -915074.723142 0.000000 -4.884900 -1.850488
16160 -915074.380068 0.000000 -4.541825 -1.507413
29534 -915074.723142 0.000000 -4.884900 -1.850488
29157 -915074.380068 0.000000 -4.541825 -1.507414
42739 -915074.723142 0.000000 -4.884900 -1.850488
42269 -915074.380068 0.000000 -4.541825 -1.507413
41881 -915074.723142 0.000000 -4.884900 -1.850488
3774 -915074.082082 0.000000 -4.243839 -1.209427
3424 -915075.326580 0.000000 -5.488338 -2.453926
16981 -915074.082082 0.000000 -4.243840 -1.209428
16543 -915075.326579 0.000000 -5.488336 -2.453924
16123 -915074.082083 0.000000 -4.243841 -1.209429
29725 -915075.326579 0.000000 -5.488336 -2.453924
29082 -915074.082081 0.000000 -4.243839 -1.209427
42927 -915075.326581 0.000000 -5.488338 -2.453926
42150 -915074.082083 0.000000 -4.243840 -1.209428
41926 -915075.326580 0.000000 -5.488338 -2.453926
4219 -915076.193136 0.000000 -6.354893 -3.320481
3458 -915073.364758 0.000000 -3.526516 -0.492104
3271 -915076.193138 0.000000 -6.354895 -3.320483
16597 -915073.364758 0.000000 -3.526516 -0.492104
16282 -915076.193136 0.000000 -6.354893 -3.320481
29789 -915073.364760 0.000000 -3.526517 -0.492105
29369 -915076.193137 0.000000 -6.354895 -3.320483
28988 -915073.364758 0.000000 -3.526515 -0.492103
42548 -915076.193137 0.000000 -6.354895 -3.320483
41944 -915073.364760 0.000000 -3.526517 -0.492105
4031 -915072.413024 0.000000 -2.574782 0.459630
106425 -915072.412752 0.000000 -2.574510 0.459902
3228 -915072.413024 0.000000 -2.574782 0.459630
119520 -915072.412754 0.000000 -2.574511 0.459901
16186 -915072.413023 0.000000 -2.574780 0.459632
132687 -915072.412752 0.000000 -2.574510 0.459902
29218 -915072.413024 0.000000 -2.574782 0.459630
132025 -915072.412754 0.000000 -2.574511 0.459901
42359 -915072.413024 0.000000 -2.574782 0.459630
144949 -915072.412753 0.000000 -2.574510 0.459902
2425 -915073.992245 0.000000 -4.154003 -1.119591
2903 -915073.991649 0.000000 -4.153406 -1.118995
3221 -915073.992244 0.000000 -4.154001 -1.119589
15510 -915073.991648 0.000000 -4.153405 -1.118993
16039 -915073.992245 0.000000 -4.154003 -1.119591
28055 -915073.991649 0.000000 -4.153406 -1.118995
28751 -915073.992244 0.000000 -4.154001 -1.119589
28967 -915073.991649 0.000000 -4.153406 -1.118994
41386 -915073.992244 0.000000 -4.154001 -1.119589
41753 -915073.991649 0.000000 -4.153406 -1.118994
2854 -915075.223519 0.000000 -5.385277 -2.350865
3124 -915075.224166 0.000000 -5.385924 -2.351512
15445 -915075.223519 0.000000 -5.385277 -2.350865
15837 -915075.224168 0.000000 -5.385925 -2.351513
15124 -915075.223519 0.000000 -5.385276 -2.350864
28438 -915075.224168 0.000000 -5.385925 -2.351513
28954 -915075.223519 0.000000 -5.385276 -2.350864
41013 -915075.224168 0.000000 -5.385925 -2.351513
41720 -915075.223521 0.000000 -5.385278 -2.350866
41864 -915075.224167 0.000000 -5.385925 -2.351513
2679 -915072.962093 0.000000 -3.123850 -0.089438
3173 -915074.008707 0.000000 -4.170464 -1.136052
15253 -915072.962093 0.000000 -3.123850 -0.089438
15923 -915074.008706 0.000000 -4.170463 -1.136051
16100 -915072.962091 0.000000 -3.123849 -0.089437
28557 -915074.008706 0.000000 -4.170463 -1.136051
28887 -915072.962093 0.000000 -3.123850 -0.089438
41139 -915074.008706 0.000000 -4.170463 -1.136051
41596 -915072.962093 0.000000 -3.123850 -0.089438
41327 -915074.008706 0.000000 -4.170463 -1.136051
2618 -915075.142874 0.000000 -5.304632 -2.270220
2960 -915075.129630 0.000000 -5.291387 -2.256976
15188 -915075.142876 0.000000 -5.304633 -2.270221
15597 -915075.129630 0.000000 -5.291388 -2.256976
16095 -915075.142874 0.000000 -5.304632 -2.270220
28152 -915075.129630 0.000000 -5.291387 -2.256976
28862 -915075.142876 0.000000 -5.304633 -2.270221
40741 -915075.129630 0.000000 -5.291388 -2.256976
41554 -915075.142876 0.000000 -5.304633 -2.270221
41783 -915075.129629 0.000000 -5.291386 -2.256974
105776 -915076.603915 0.000000 -6.765672 -3.731260
3069 -915073.367669 0.000000 -3.529426 -0.495015
118357 -915076.603915 0.000000 -6.765672 -3.731260
15744 -915073.367669 0.000000 -3.529427 -0.495015
119149 -915076.603915 0.000000 -6.765672 -3.731260
28311 -915073.367668 0.000000 -3.529425 -0.495013
131951 -915076.603915 0.000000 -6.765672 -3.731260
40883 -915073.367668 0.000000 -3.529425 -0.495013
144678 -915076.603915 0.000000 -6.765672 -3.731260
41843 -915073.367669 0.000000 -3.529427 -0.495015
2360 -915075.311211 0.000000 -5.472968 -2.438556
3033 -915077.819602 0.000000 -7.981359 -4.946947
3212 -915075.311210 0.000000 -5.472968 -2.438556
15691 -915077.819602 0.000000 -7.981359 -4.946947
16013 -915075.311209 0.000000 -5.472966 -2.438554
28249 -915077.819600 0.000000 -7.981357 -4.946945
28707 -915075.311211 0.000000 -5.472968 -2.438556
28314 -915077.819602 0.000000 -7.981359 -4.946947
41328 -915075.311211 0.000000 -5.472968 -2.438556
41826 -915077.819602 0.000000 -7.981359 -4.946947
2489 -915071.908373 0.000000 -2.070130 0.964282
2900 -915073.160033 0.000000 -3.321790 -0.287378
2554 -915071.908373 0.000000 -2.070130 0.964282
15507 -915071.908230 0.000000 -2.069987 0.964425
16066 -915071.908371 0.000000 -2.070129 0.964283
28052 -915073.160033 0.000000 -3.321790 -0.287378
28795 -915071.908373 0.000000 -2.070130 0.964282
28964 -915073.160032 0.000000 -3.321789 -0.287377
41449 -915071.908371 0.000000 -2.070128 0.964284
41750 -915071.908230 0.000000 -2.069987 0.964425
93393 -915074.689377 0.000000 -4.851134 -1.816722
3552 -915073.385987 0.000000 -3.547745 -0.513333
3280 -915074.648508 0.000000 -4.810265 -1.775853
16722 -915073.385988 0.000000 -3.547746 -0.513334
16311 -915073.343086 0.000000 -3.504843 -0.470432
16110 -915073.385987 0.000000 -3.547745 -0.513333
29417 -915074.689375 0.000000 -4.851132 -1.816720
29006 -915073.385988 0.000000 -3.547746 -0.513334
42612 -915073.343085 0.000000 -3.504842 -0.470430
42001 -915073.385988 0.000000 -3.547745 -0.513333
3917 -915072.656851 0.000000 -2.818608 0.215804
3296 -915073.701201 0.000000 -3.862958 -0.828546
17122 -915072.656851 0.000000 -2.818609 0.215803
16345 -915073.701199 0.000000 -3.862956 -0.828544
16161 -915072.656851 0.000000 -2.818609 0.215803
29471 -915073.701201 0.000000 -3.862958 -0.828546
29158 -915072.656851 0.000000 -2.818609 0.215803
42674 -915073.701201 0.000000 -3.862958 -0.828546
42270 -915072.656851 0.000000 -2.818609 0.215803
41874 -915073.701201 0.000000 -3.862958 -0.828546
3773 -915076.471403 0.000000 -6.633160 -3.598748
3403 -915076.471952 0.000000 -6.633709 -3.599297
16980 -915076.471403 0.000000 -6.633160 -3.598748
16507 -915076.471952 0.000000 -6.633709 -3.599297
16122 -915076.471401 0.000000 -6.633158 -3.598746
29678 -915075.217590 0.000000 -5.379347 -2.344935
29081 -915076.471403 0.000000 -6.633160 -3.598748
42879 -915076.471952 0.000000 -6.633709 -3.599297
42149 -915076.471401 0.000000 -6.633159 -3.598747
41918 -915076.471950 0.000000 -6.633707 -3.599295
106877 -915075.407595 0.000000 -5.569352 -2.534941
3423 -915074.150411 0.000000 -4.312168 -1.277756
120084 -915075.408858 0.000000 -5.570616 -2.536204
16542 -915074.150413 0.000000 -4.312170 -1.277758
119176 -915075.407597 0.000000 -5.569354 -2.534942
29724 -915074.150413 0.000000 -4.312170 -1.277758
132152 -915075.408858 0.000000 -5.570616 -2.536204
42926 -915074.150411 0.000000 -4.312168 -1.277756
145240 -915075.407597 0.000000 -5.569354 -2.534942
41925 -915074.150413 0.000000 -4.312170 -1.277758
4030 -915076.274511 0.000000 -6.436269 -3.401857
3356 -915075.231545 0.000000 -5.393302 -2.358891
3227 -915076.274510 0.000000 -6.436267 -3.401855
16438 -915075.231545 0.000000 -5.393302 -2.358890
16185 -915076.274512 0.000000 -6.436269 -3.401857
29600 -915075.231545 0.000000 -5.393302 -2.358891
29217 -915076.274512 0.000000 -6.436269 -3.401857
28983 -915075.231544 0.000000 -5.393301 -2.358889
42358 -915076.274512 0.000000 -6.436269 -3.401857
41895 -915075.231545 0.000000 -5.393302 -2.358890
4094 -915074.414942 0.000000 -4.576699 -1.542287
3623 -915074.414707 0.000000 -4.576465 -1.542053
3235 -915074.414943 0.000000 -4.576701 -1.542289
16802 -915074.414707 0.000000 -4.576465 -1.542053
16209 -915074.414943 0.000000 -4.576701 -1.542289
29994 -915074.414706 0.000000 -4.576463 -1.542051
29261 -915074.414943 0.000000 -4.576701 -1.542289
29030 -915074.414706 0.000000 -4.576463 -1.542051
42420 -915074.414943 0.000000 -4.576701 -1.542289
42047 -915074.414707 0.000000 -4.576465 -1.542053
4285 -915073.624630 0.000000 -3.786387 -0.751975
3503 -915076.022336 0.000000 -6.184094 -3.149682
3279 -915073.624630 0.000000 -3.786387 -0.751975
16660 -915076.022336 0.000000 -6.184094 -3.149682
16310 -915073.624628 0.000000 -3.786385 -0.751973
29856 -915076.022334 0.000000 -6.184092 -3.149680
29416 -915073.624630 0.000000 -3.786387 -0.751975
28995 -915076.022335 0.000000 -6.184092 -3.149680
42611 -915073.624628 0.000000 -3.786385 -0.751973
41971 -915076.022334 0.000000 -6.184092 -3.149680
3901 -915073.529084 0.000000 -3.690841 -0.656429
3298 -915073.529943 0.000000 -3.691700 -0.657288
17105 -915073.529082 0.000000 -3.690839 -0.656427
16347 -915073.529943 0.000000 -3.691700 -0.657288
16159 -915073.529084 0.000000 -3.690841 -0.656429
29473 -915073.529943 0.000000 -3.691700 -0.657288
29151 -915073.529082 0.000000 -3.690839 -0.656427
42676 -915073.529942 0.000000 -3.691699 -0.657287
42259 -915073.529084 0.000000 -3.690841 -0.656429
41876 -915073.529943 0.000000 -3.691700 -0.657288
3714 -915073.540825 0.000000 -3.702583 -0.668171
106304 -915073.525674 0.000000 -3.687432 -0.653020
16917 -915073.540825 0.000000 -3.702583 -0.668171
119310 -915073.525674 0.000000 -3.687432 -0.653020
16117 -915073.540825 0.000000 -3.702583 -0.668171
132393 -915073.525673 0.000000 -3.687430 -0.653018
29058 -915073.540825 0.000000 -3.702583 -0.668171
145572 -915073.525674 0.000000 -3.687432 -0.653020
42106 -915073.540825 0.000000 -3.702583 -0.668171
144911 -915073.525673 0.000000 -3.687430 -0.653018
3772 -915073.818164 0.000000 -3.979921 -0.945509
3425 -915073.816442 0.000000 -3.978199 -0.943787
16979 -915073.818164 0.000000 -3.979921 -0.945509
16544 -915073.816442 0.000000 -3.978199 -0.943787
16121 -915073.818164 0.000000 -3.979921 -0.945509
29726 -915073.816442 0.000000 -3.978199 -0.943787
29080 -915073.818162 0.000000 -3.979919 -0.945508
42928 -915073.816440 0.000000 -3.978198 -0.943786
42148 -915073.818162 0.000000 -3.979919 -0.945508
41927 -915073.816442 0.000000 -3.978199 -0.943787
3967 -915074.416331 0.000000 -4.578088 -1.543676
3355 -915075.211305 0.000000 -5.373062 -2.338650
17715 -915074.416331 0.000000 -4.578088 -1.543676
16437 -915075.211304 0.000000 -5.373061 -2.338649
16170 -915074.416331 0.000000 -4.578088 -1.543676
29599 -915075.211305 0.000000 -5.373062 -2.338650
29182 -915074.416331 0.000000 -4.578088 -1.543676
43475 -915075.211305 0.000000 -5.373062 -2.338650
42306 -915074.416333 0.000000 -4.578090 -1.543678
41894 -915075.211305 0.000000 -5.373062 -2.338650
4029 -915075.444706 0.000000 -5.606464 -2.572052
3624 -915075.444432 0.000000 -5.606189 -2.571777
3226 -915075.444706 0.000000 -5.606464 -2.572052
16803 -915075.444432 0.000000 -5.606189 -2.571777
16184 -915075.444705 0.000000 -5.606462 -2.572050
29995 -915075.444432 0.000000 -5.606189 -2.571777
29216 -915075.444707 0.000000 -5.606464 -2.572052
29031 -915075.444430 0.000000 -5.606188 -2.571776
42357 -915075.444706 0.000000 -5.606464 -2.572052
42048 -915075.444432 0.000000 -5.606189 -2.571777
4284 -915073.506309 0.000000 -3.668066 -0.633654
3554 -915075.832263 0.000000 -5.994020 -2.959608
3278 -915073.506309 0.000000 -3.668066 -0.633654
16724 -915075.832261 0.000000 -5.994018 -2.959606
16309 -915073.506309 0.000000 -3.668066 -0.633654
29918 -915075.832263 0.000000 -5.994020 -2.959608
29415 -915073.506309 0.000000 -3.668066 -0.633654
29008 -915075.832262 0.000000 -5.994020 -2.959608
42610 -915073.506309 0.000000 -3.668066 -0.633654
42003 -915075.832263 0.000000 -5.994020 -2.959608
3713 -915073.628326 0.000000 -3.790084 -0.755672
3250 -915073.629190 0.000000 -3.790948 -0.756536
16916 -915073.628325 0.000000 -3.790082 -0.755670
16242 -915073.629190 0.000000 -3.790947 -0.756536
16116 -915073.628327 0.000000 -3.790084 -0.755672
29312 -915073.629192 0.000000 -3.790949 -0.756538
29057 -915073.628327 0.000000 -3.790084 -0.755672
42485 -915073.629192 0.000000 -3.790949 -0.756538
42105 -915073.628325 0.000000 -3.790082 -0.755670
41870 -915073.629192 0.000000 -3.790949 -0.756538
3775 -915072.354381 0.000000 -2.516138 0.518274
3402 -915073.400195 0.000000 -3.561952 -0.527540
16982 -915072.354379 0.000000 -2.516136 0.518276
16506 -915073.400196 0.000000 -3.561954 -0.527542
16124 -915072.354379 0.000000 -2.516136 0.518276
29677 -915073.400196 0.000000 -3.561954 -0.527542
29083 -915072.354379 0.000000 -2.516137 0.518275
42878 -915073.400196 0.000000 -3.561954 -0.527542
42151 -915072.354381 0.000000 -2.516138 0.518274
41917 -915073.400196 0.000000 -3.561954 -0.527542
3966 -915074.072353 0.000000 -4.234111 -1.199699
3325 -915074.080914 0.000000 -4.242671 -1.208259
17171 -915074.072353 0.000000 -4.234111 -1.199699
16391 -915074.080914 0.000000 -4.242671 -1.208259
16169 -915074.072353 0.000000 -4.234111 -1.199699
29537 -915074.080914 0.000000 -4.242671 -1.208259
29181 -915074.072353 0.000000 -4.234111 -1.199699
42742 -915074.080914 0.000000 -4.242671 -1.208259
42305 -915074.072353 0.000000 -4.234111 -1.199699
41884 -915074.080912 0.000000 -4.242670 -1.208258
4032 -915076.505050 0.000000 -6.666807 -3.632395
3613 -915076.504963 0.000000 -6.666720 -3.632308
3229 -915076.505050 0.000000 -6.666807 -3.632395
16787 -915076.504963 0.000000 -6.666720 -3.632308
16187 -915076.505048 0.000000 -6.666805 -3.632393
29978 -915076.504963 0.000000 -6.666720 -3.632308
29219 -915076.505050 0.000000 -6.666807 -3.632395
29029 -915076.504963 0.000000 -6.666720 -3.632308
42360 -915076.505048 0.000000 -6.666806 -3.632394
42042 -915076.504963 0.000000 -6.666720 -3.632308
3885 -915073.965483 0.000000 -4.127241 -1.092829
3461 -915073.965342 0.000000 -4.127099 -1.092687
3223 -915073.965483 0.000000 -4.127241 -1.092829
16600 -915073.965342 0.000000 -4.127099 -1.092687
16152 -915073.965483 0.000000 -4.127241 -1.092829
29792 -915073.965342 0.000000 -4.127099 -1.092687
29140 -915073.965483 0.000000 -4.127241 -1.092829
28991 -915073.965342 0.000000 -4.127099 -1.092687
42243 -915073.965481 0.000000 -4.127239 -1.092827
41947 -915073.965342 0.000000 -4.127099 -1.092687
