#ID      EIGB 	      EIPGB 	   GBbin        GBseg
352 -126453.151877 0.000000 -3.610813 -0.565062
405 -126453.151877 0.000000 -3.610813 -0.565062
2072 -126453.151877 0.000000 -3.610813 -0.565062
2126 -126453.151877 0.000000 -3.610813 -0.565062
2220 -126453.151877 0.000000 -3.610813 -0.565062
3840 -126453.151877 0.000000 -3.610813 -0.565062
3958 -126453.151877 0.000000 -3.610813 -0.565062
5579 -126453.151877 0.000000 -3.610813 -0.565062
5709 -126453.151877 0.000000 -3.610813 -0.565062
5773 -126453.151877 0.000000 -3.610813 -0.565062
299 -126453.244843 0.000000 -3.703780 -0.658028
404 -126453.244843 0.000000 -3.703780 -0.658028
2027 -126453.244843 0.000000 -3.703780 -0.658028
2125 -126453.244843 0.000000 -3.703780 -0.658028
2034 -126453.244843 0.000000 -3.703780 -0.658028
3904 -126453.244843 0.000000 -3.703780 -0.658028
3997 -126453.244843 0.000000 -3.703780 -0.658028
5625 -126453.244843 0.000000 -3.703780 -0.658028
5734 -126453.244843 0.000000 -3.703780 -0.658028
5770 -126453.244843 0.000000 -3.703780 -0.658028
354 -126453.876372 0.000000 -4.335308 -1.289557
439 -126453.876372 0.000000 -4.335308 -1.289557
2075 -126453.876372 0.000000 -4.335308 -1.289557
2180 -126453.876372 0.000000 -4.335308 -1.289557
2223 -126453.876372 0.000000 -4.335308 -1.289557
3903 -126453.876372 0.000000 -4.335308 -1.289557
3961 -126453.876372 0.000000 -4.335308 -1.289557
5624 -126453.876372 0.000000 -4.335308 -1.289557
5669 -126453.876372 0.000000 -4.335308 -1.289557
5769 -126453.876372 0.000000 -4.335308 -1.289557
12748 -126453.307680 0.000000 -3.766616 -0.720864
379 -126453.307680 0.000000 -3.766616 -0.720864
424 -126453.307680 0.000000 -3.766616 -0.720864
2100 -126453.307680 0.000000 -3.766616 -0.720864
2141 -126453.307680 0.000000 -3.766616 -0.720864
2221 -126453.307680 0.000000 -3.766616 -0.720864
3849 -126453.307680 0.000000 -3.766616 -0.720864
3999 -126453.307680 0.000000 -3.766616 -0.720864
5688 -126453.307680 0.000000 -3.766616 -0.720864
5737 -126453.307680 0.000000 -3.766616 -0.720864
270 -126452.979534 0.000000 -3.438470 -0.392718
313 -126452.979534 0.000000 -3.438470 -0.392718
423 -126452.979534 0.000000 -3.438470 -0.392718
2162 -126452.979534 0.000000 -3.438470 -0.392718
2208 -126452.979534 0.000000 -3.438470 -0.392718
3878 -126452.979534 0.000000 -3.438470 -0.392718
3933 -126452.979534 0.000000 -3.438470 -0.392718
3907 -126452.979534 0.000000 -3.438470 -0.392718
5654 -126452.979534 0.000000 -3.438470 -0.392718
5761 -126452.979534 0.000000 -3.438470 -0.392718
298 -126453.198833 0.000000 -3.657769 -0.612018
407 -126453.198833 0.000000 -3.657769 -0.612018
427 -126453.198833 0.000000 -3.657769 -0.612018
2128 -126453.198833 0.000000 -3.657769 -0.612018
2148 -126453.198833 0.000000 -3.657769 -0.612018
3879 -126453.198833 0.000000 -3.657769 -0.612018
3981 -126453.198833 0.000000 -3.657769 -0.612018
3842 -126453.198833 0.000000 -3.657769 -0.612018
5708 -126453.198833 0.000000 -3.657769 -0.612018
5762 -126453.198833 0.000000 -3.657769 -0.612018
333 -126452.798010 0.000000 -3.256946 -0.211194
380 -126452.798010 0.000000 -3.256946 -0.211194
353 -126452.798010 0.000000 -3.256946 -0.211194
2101 -126452.798010 0.000000 -3.256946 -0.211194
2207 -126452.798010 0.000000 -3.256946 -0.211194
3828 -126452.798010 0.000000 -3.256946 -0.211194
3932 -126452.798010 0.000000 -3.256946 -0.211194
3968 -126452.798010 0.000000 -3.256946 -0.211194
5653 -126452.798010 0.000000 -3.256946 -0.211194
5736 -126452.798010 0.000000 -3.256946 -0.211194
297 -126453.976432 0.000000 -4.435369 -1.389617
440 -126453.976432 0.000000 -4.435369 -1.389617
2074 -126453.976432 0.000000 -4.435369 -1.389617
2182 -126453.976432 0.000000 -4.435369 -1.389617
2222 -126453.976432 0.000000 -4.435369 -1.389617
3906 -126453.976432 0.000000 -4.435369 -1.389617
3960 -126453.976432 0.000000 -4.435369 -1.389617
5627 -126453.976432 0.000000 -4.435369 -1.389617
5668 -126453.976432 0.000000 -4.435369 -1.389617
5772 -126453.976432 0.000000 -4.435369 -1.389617
446 -126453.879716 0.000000 -4.338652 -1.292901
447 -126453.879716 0.000000 -4.338652 -1.292901
2224 -126453.879716 0.000000 -4.338652 -1.292901
2225 -126453.879716 0.000000 -4.338652 -1.292901
4005 -126453.879716 0.000000 -4.338652 -1.292901
4006 -126453.879716 0.000000 -4.338652 -1.292901
4007 -126453.879716 0.000000 -4.338652 -1.292901
5784 -126453.879716 0.000000 -4.338652 -1.292901
5785 -126453.879716 0.000000 -4.338652 -1.292901
21805 -126453.879716 0.000000 -4.338652 -1.292901
557 -126453.309549 0.000000 -3.768485 -0.722734
516 -126453.309549 0.000000 -3.768485 -0.722734
2394 -126453.309549 0.000000 -3.768485 -0.722734
16484 -126453.309549 0.000000 -3.768485 -0.722734
2226 -126453.309549 0.000000 -3.768485 -0.722734
4070 -126453.309549 0.000000 -3.768485 -0.722734
4021 -126453.309549 0.000000 -3.768485 -0.722734
5909 -126453.309549 0.000000 -3.768485 -0.722734
5852 -126453.309549 0.000000 -3.768485 -0.722734
5787 -126453.309549 0.000000 -3.768485 -0.722734
556 -126453.159202 0.000000 -3.618138 -0.572387
458 -126453.159202 0.000000 -3.618138 -0.572387
2393 -126453.159202 0.000000 -3.618138 -0.572387
2287 -126453.159202 0.000000 -3.618138 -0.572387
2257 -126453.159202 0.000000 -3.618138 -0.572387
4126 -126453.159202 0.000000 -3.618138 -0.572387
4103 -126453.159202 0.000000 -3.618138 -0.572387
20174 -126453.159202 0.000000 -3.618138 -0.572387
5826 -126453.159202 0.000000 -3.618138 -0.572387
5789 -126453.159202 0.000000 -3.618138 -0.572387
585 -126453.214548 0.000000 -3.673484 -0.627732
529 -126453.214548 0.000000 -3.673484 -0.627732
450 -126453.214548 0.000000 -3.673484 -0.627732
2380 -126453.214548 0.000000 -3.673484 -0.627732
2262 -126453.214548 0.000000 -3.673484 -0.627732
18330 -126453.214548 0.000000 -3.673484 -0.627732
4041 -126453.214548 0.000000 -3.673484 -0.627732
4008 -126453.214548 0.000000 -3.673484 -0.627732
5879 -126453.214548 0.000000 -3.673484 -0.627732
5792 -126453.214548 0.000000 -3.673484 -0.627732
584 -126453.388094 0.000000 -3.847030 -0.801279
480 -126453.388094 0.000000 -3.847030 -0.801279
449 -126453.388094 0.000000 -3.847030 -0.801279
2315 -126453.388094 0.000000 -3.847030 -0.801279
2261 -126453.388094 0.000000 -3.847030 -0.801279
4154 -126453.388094 0.000000 -3.847030 -0.801279
4110 -126453.388094 0.000000 -3.847030 -0.801279
4018 -126453.388094 0.000000 -3.847030 -0.801279
5959 -126453.388094 0.000000 -3.847030 -0.801279
20046 -126453.388094 0.000000 -3.847030 -0.801279
636 -126453.229578 0.000000 -3.688514 -0.642763
532 -126453.229578 0.000000 -3.688514 -0.642763
512 -126453.229578 0.000000 -3.688514 -0.642763
16580 -126453.229578 0.000000 -3.688514 -0.642763
2243 -126453.229578 0.000000 -3.688514 -0.642763
4179 -126453.229578 0.000000 -3.688514 -0.642763
4069 -126453.229578 0.000000 -3.688514 -0.642763
4022 -126453.229578 0.000000 -3.688514 -0.642763
5908 -126453.229578 0.000000 -3.688514 -0.642763
5853 -126453.229578 0.000000 -3.688514 -0.642763
558 -126453.239227 0.000000 -3.698163 -0.652411
457 -126453.239227 0.000000 -3.698163 -0.652411
2395 -126453.239227 0.000000 -3.698163 -0.652411
2286 -126453.239227 0.000000 -3.698163 -0.652411
2258 -126453.239227 0.000000 -3.698163 -0.652411
4125 -126453.239227 0.000000 -3.698163 -0.652411
18250 -126453.239227 0.000000 -3.698163 -0.652411
5907 -126453.239227 0.000000 -3.698163 -0.652411
5808 -126453.239227 0.000000 -3.698163 -0.652411
5786 -126453.239227 0.000000 -3.698163 -0.652411
