#ID      EIGB 	      EIPGB 	   GBbin        GBseg
492 -351474.500785 0.000000 -3.420931 -0.385428
292 -351474.500785 0.000000 -3.420931 -0.385428
589 -351474.500785 0.000000 -3.420931 -0.385428
438 -351474.500785 0.000000 -3.420931 -0.385428
439 -351474.500785 0.000000 -3.420931 -0.385428
2735 -351474.500785 0.000000 -3.420931 -0.385428
3040 -351474.500785 0.000000 -3.420931 -0.385428
2886 -351474.500785 0.000000 -3.420931 -0.385428
3091 -351474.500785 0.000000 -3.420931 -0.385428
3004 -351474.500785 0.000000 -3.420931 -0.385428
5495 -351474.500785 0.000000 -3.420931 -0.385428
5326 -351474.500785 0.000000 -3.420931 -0.385428
5563 -351474.500785 0.000000 -3.420931 -0.385428
5466 -351474.500785 0.000000 -3.420931 -0.385428
5327 -351474.500785 0.000000 -3.420931 -0.385428
7743 -351474.500785 0.000000 -3.420931 -0.385428
8016 -351474.500785 0.000000 -3.420931 -0.385428
7898 -351474.500785 0.000000 -3.420931 -0.385428
47696 -351474.500785 0.000000 -3.420931 -0.385428
8007 -351474.500785 0.000000 -3.420931 -0.385428
10010 -351474.500785 0.000000 -3.420931 -0.385428
10344 -351474.500785 0.000000 -3.420931 -0.385428
10122 -351474.500785 0.000000 -3.420931 -0.385428
10468 -351474.500785 0.000000 -3.420931 -0.385428
10249 -351474.500785 0.000000 -3.420931 -0.385428
12764 -351474.500785 0.000000 -3.420931 -0.385428
12546 -351474.500785 0.000000 -3.420931 -0.385428
12913 -351474.500785 0.000000 -3.420931 -0.385428
12681 -351474.500785 0.000000 -3.420931 -0.385428
13001 -351474.500785 0.000000 -3.420931 -0.385428
14991 -351474.500785 0.000000 -3.420931 -0.385428
15350 -351474.500785 0.000000 -3.420931 -0.385428
15120 -351474.500785 0.000000 -3.420931 -0.385428
15461 -351474.500785 0.000000 -3.420931 -0.385428
15261 -351474.500785 0.000000 -3.420931 -0.385428
15351 -351474.500785 0.000000 -3.420931 -0.385428
17560 -351474.500785 0.000000 -3.420931 -0.385428
17922 -351474.500785 0.000000 -3.420931 -0.385428
17714 -351474.500785 0.000000 -3.420931 -0.385428
17942 -351474.500785 0.000000 -3.420931 -0.385428
17849 -351474.500785 0.000000 -3.420931 -0.385428
273 -351474.635725 0.000000 -3.555871 -0.520367
592 -351474.635725 0.000000 -3.555871 -0.520367
430 -351474.635725 0.000000 -3.555871 -0.520367
312 -351474.635725 0.000000 -3.555871 -0.520367
550 -351474.635725 0.000000 -3.555871 -0.520367
3043 -351474.635725 0.000000 -3.555871 -0.520367
2871 -351474.635725 0.000000 -3.555871 -0.520367
3094 -351474.635725 0.000000 -3.555871 -0.520367
3000 -351474.635725 0.000000 -3.555871 -0.520367
2643 -351474.635725 0.000000 -3.555871 -0.520367
5303 -351474.635725 0.000000 -3.555871 -0.520367
5565 -351474.635725 0.000000 -3.555871 -0.520367
5455 -351474.635725 0.000000 -3.555871 -0.520367
44901 -351474.635725 0.000000 -3.555871 -0.520367
5551 -351474.635725 0.000000 -3.555871 -0.520367
7554 -351474.635725 0.000000 -3.555871 -0.520367
7882 -351474.635725 0.000000 -3.555871 -0.520367
7664 -351474.635725 0.000000 -3.555871 -0.520367
8001 -351474.635725 0.000000 -3.555871 -0.520367
7789 -351474.635725 0.000000 -3.555871 -0.520367
10322 -351474.635725 0.000000 -3.555871 -0.520367
10125 -351474.635725 0.000000 -3.555871 -0.520367
10457 -351474.635725 0.000000 -3.555871 -0.520367
10252 -351474.635725 0.000000 -3.555871 -0.520367
10528 -351474.635725 0.000000 -3.555871 -0.520367
12549 -351474.635725 0.000000 -3.555871 -0.520367
12894 -351474.635725 0.000000 -3.555871 -0.520367
12684 -351474.635725 0.000000 -3.555871 -0.520367
12994 -351474.635725 0.000000 -3.555871 -0.520367
12822 -351474.635725 0.000000 -3.555871 -0.520367
15326 -351474.635725 0.000000 -3.555871 -0.520367
15123 -351474.635725 0.000000 -3.555871 -0.520367
15446 -351474.635725 0.000000 -3.555871 -0.520367
15264 -351474.635725 0.000000 -3.555871 -0.520367
15500 -351474.635725 0.000000 -3.555871 -0.520367
17563 -351474.635725 0.000000 -3.555871 -0.520367
17903 -351474.635725 0.000000 -3.555871 -0.520367
17717 -351474.635725 0.000000 -3.555871 -0.520367
17973 -351474.635725 0.000000 -3.555871 -0.520367
17851 -351474.635725 0.000000 -3.555871 -0.520367
20339 -351474.635725 0.000000 -3.555871 -0.520367
368 -351474.566133 0.000000 -3.486279 -0.450775
167 -351474.566133 0.000000 -3.486279 -0.450775
519 -351474.566133 0.000000 -3.486279 -0.450775
305 -351474.566133 0.000000 -3.486279 -0.450775
604 -351474.566133 0.000000 -3.486279 -0.450775
2617 -351474.566133 0.000000 -3.486279 -0.450775
2959 -351474.566133 0.000000 -3.486279 -0.450775
2756 -351474.566133 0.000000 -3.486279 -0.450775
3063 -351474.566133 0.000000 -3.486279 -0.450775
2895 -351474.566133 0.000000 -3.486279 -0.450775
2887 -351474.566133 0.000000 -3.486279 -0.450775
5190 -351474.566133 0.000000 -3.486279 -0.450775
5520 -351474.566133 0.000000 -3.486279 -0.450775
5343 -351474.566133 0.000000 -3.486279 -0.450775
5577 -351474.566133 0.000000 -3.486279 -0.450775
5472 -351474.566133 0.000000 -3.486279 -0.450775
7948 -351474.566133 0.000000 -3.486279 -0.450775
7764 -351474.566133 0.000000 -3.486279 -0.450775
8035 -351474.566133 0.000000 -3.486279 -0.450775
7907 -351474.566133 0.000000 -3.486279 -0.450775
7744 -351474.566133 0.000000 -3.486279 -0.450775
10204 -351474.566133 0.000000 -3.486279 -0.450775
50182 -351474.566133 0.000000 -3.486279 -0.450775
10361 -351474.566133 0.000000 -3.486279 -0.450775
10133 -351474.566133 0.000000 -3.486279 -0.450775
10474 -351474.566133 0.000000 -3.486279 -0.450775
12469 -351474.566133 0.000000 -3.486279 -0.450775
12789 -351474.566133 0.000000 -3.486279 -0.450775
12564 -351474.566133 0.000000 -3.486279 -0.450775
12926 -351474.566133 0.000000 -3.486279 -0.450775
12692 -351474.566133 0.000000 -3.486279 -0.450775
15217 -351474.566133 0.000000 -3.486279 -0.450775
15019 -351474.566133 0.000000 -3.486279 -0.450775
15367 -351474.566133 0.000000 -3.486279 -0.450775
15139 -351474.566133 0.000000 -3.486279 -0.450775
15468 -351474.566133 0.000000 -3.486279 -0.450775
17458 -351474.566133 0.000000 -3.486279 -0.450775
17815 -351474.566133 0.000000 -3.486279 -0.450775
17587 -351474.566133 0.000000 -3.486279 -0.450775
17935 -351474.566133 0.000000 -3.486279 -0.450775
17729 -351474.566133 0.000000 -3.486279 -0.450775
394 -351474.502023 0.000000 -3.422169 -0.386666
166 -351474.502023 0.000000 -3.422169 -0.386666
536 -351474.502023 0.000000 -3.422169 -0.386666
304 -351474.502023 0.000000 -3.422169 -0.386666
609 -351474.502023 0.000000 -3.422169 -0.386666
2616 -351474.502023 0.000000 -3.422169 -0.386666
2979 -351474.502023 0.000000 -3.422169 -0.386666
2755 -351474.502023 0.000000 -3.422169 -0.386666
3073 -351474.502023 0.000000 -3.422169 -0.386666
2894 -351474.502023 0.000000 -3.422169 -0.386666
5418 -351474.502023 0.000000 -3.422169 -0.386666
5189 -351474.502023 0.000000 -3.422169 -0.386666
5537 -351474.502023 0.000000 -3.422169 -0.386666
5342 -351474.502023 0.000000 -3.422169 -0.386666
5419 -351474.502023 0.000000 -3.422169 -0.386666
5471 -351474.502023 0.000000 -3.422169 -0.386666
7972 -351474.502023 0.000000 -3.422169 -0.386666
7763 -351474.502023 0.000000 -3.422169 -0.386666
8048 -351474.502023 0.000000 -3.422169 -0.386666
7906 -351474.502023 0.000000 -3.422169 -0.386666
7634 -351474.502023 0.000000 -3.422169 -0.386666
10203 -351474.502023 0.000000 -3.422169 -0.386666
10514 -351474.502023 0.000000 -3.422169 -0.386666
10360 -351474.502023 0.000000 -3.422169 -0.386666
10256 -351474.502023 0.000000 -3.422169 -0.386666
10473 -351474.502023 0.000000 -3.422169 -0.386666
12965 -351474.502023 0.000000 -3.422169 -0.386666
12788 -351474.502023 0.000000 -3.422169 -0.386666
13019 -351474.502023 0.000000 -3.422169 -0.386666
12925 -351474.502023 0.000000 -3.422169 -0.386666
52253 -351474.502023 0.000000 -3.422169 -0.386666
15216 -351474.502023 0.000000 -3.422169 -0.386666
55168 -351474.502023 0.000000 -3.422169 -0.386666
15366 -351474.502023 0.000000 -3.422169 -0.386666
15146 -351474.502023 0.000000 -3.422169 -0.386666
15467 -351474.502023 0.000000 -3.422169 -0.386666
17477 -351474.502023 0.000000 -3.422169 -0.386666
17814 -351474.502023 0.000000 -3.422169 -0.386666
17604 -351474.502023 0.000000 -3.422169 -0.386666
17934 -351474.502023 0.000000 -3.422169 -0.386666
17734 -351474.502023 0.000000 -3.422169 -0.386666
276 -351474.259770 0.000000 -3.179916 -0.144412
574 -351474.259770 0.000000 -3.179916 -0.144412
433 -351474.259770 0.000000 -3.179916 -0.144412
610 -351474.259770 0.000000 -3.179916 -0.144412
552 -351474.259770 0.000000 -3.179916 -0.144412
3019 -351474.259770 0.000000 -3.179916 -0.144412
2874 -351474.259770 0.000000 -3.179916 -0.144412
3082 -351474.259770 0.000000 -3.179916 -0.144412
3003 -351474.259770 0.000000 -3.179916 -0.144412
42424 -351474.259770 0.000000 -3.179916 -0.144412
5306 -351474.259770 0.000000 -3.179916 -0.144412
5097 -351474.259770 0.000000 -3.179916 -0.144412
5458 -351474.259770 0.000000 -3.179916 -0.144412
5224 -351474.259770 0.000000 -3.179916 -0.144412
5553 -351474.259770 0.000000 -3.179916 -0.144412
7535 -351474.259770 0.000000 -3.179916 -0.144412
7885 -351474.259770 0.000000 -3.179916 -0.144412
7652 -351474.259770 0.000000 -3.179916 -0.144412
8004 -351474.259770 0.000000 -3.179916 -0.144412
7785 -351474.259770 0.000000 -3.179916 -0.144412
8057 -351474.259770 0.000000 -3.179916 -0.144412
10102 -351474.259770 0.000000 -3.179916 -0.144412
10460 -351474.259770 0.000000 -3.179916 -0.144412
10241 -351474.259770 0.000000 -3.179916 -0.144412
10530 -351474.259770 0.000000 -3.179916 -0.144412
10375 -351474.259770 0.000000 -3.179916 -0.144412
12897 -351474.259770 0.000000 -3.179916 -0.144412
12669 -351474.259770 0.000000 -3.179916 -0.144412
12997 -351474.259770 0.000000 -3.179916 -0.144412
12817 -351474.259770 0.000000 -3.179916 -0.144412
12648 -351474.259770 0.000000 -3.179916 -0.144412
15101 -351474.259770 0.000000 -3.179916 -0.144412
15449 -351474.259770 0.000000 -3.179916 -0.144412
15253 -351474.259770 0.000000 -3.179916 -0.144412
15378 -351474.259770 0.000000 -3.179916 -0.144412
15381 -351474.259770 0.000000 -3.179916 -0.144412
17906 -351474.259770 0.000000 -3.179916 -0.144412
17698 -351474.259770 0.000000 -3.179916 -0.144412
17976 -351474.259770 0.000000 -3.179916 -0.144412
17844 -351474.259770 0.000000 -3.179916 -0.144412
17478 -351474.259770 0.000000 -3.179916 -0.144412
250 -351474.307385 0.000000 -3.227531 -0.192028
83 -351474.307385 0.000000 -3.227531 -0.192028
418 -351474.307385 0.000000 -3.227531 -0.192028
190 -351474.307385 0.000000 -3.227531 -0.192028
548 -351474.307385 0.000000 -3.227531 -0.192028
2556 -351474.307385 0.000000 -3.227531 -0.192028
2854 -351474.307385 0.000000 -3.227531 -0.192028
2657 -351474.307385 0.000000 -3.227531 -0.192028
2995 -351474.307385 0.000000 -3.227531 -0.192028
2776 -351474.307385 0.000000 -3.227531 -0.192028
5279 -351474.307385 0.000000 -3.227531 -0.192028
5098 -351474.307385 0.000000 -3.227531 -0.192028
5442 -351474.307385 0.000000 -3.227531 -0.192028
5225 -351474.307385 0.000000 -3.227531 -0.192028
5549 -351474.307385 0.000000 -3.227531 -0.192028
5356 -351474.307385 0.000000 -3.227531 -0.192028
7861 -351474.307385 0.000000 -3.227531 -0.192028
7653 -351474.307385 0.000000 -3.227531 -0.192028
7992 -351474.307385 0.000000 -3.227531 -0.192028
7786 -351474.307385 0.000000 -3.227531 -0.192028
8056 -351474.307385 0.000000 -3.227531 -0.192028
10103 -351474.307385 0.000000 -3.227531 -0.192028
10444 -351474.307385 0.000000 -3.227531 -0.192028
10242 -351474.307385 0.000000 -3.227531 -0.192028
10526 -351474.307385 0.000000 -3.227531 -0.192028
10376 -351474.307385 0.000000 -3.227531 -0.192028
12873 -351474.307385 0.000000 -3.227531 -0.192028
12670 -351474.307385 0.000000 -3.227531 -0.192028
12985 -351474.307385 0.000000 -3.227531 -0.192028
12818 -351474.307385 0.000000 -3.227531 -0.192028
12693 -351474.307385 0.000000 -3.227531 -0.192028
15102 -351474.307385 0.000000 -3.227531 -0.192028
15429 -351474.307385 0.000000 -3.227531 -0.192028
15254 -351474.307385 0.000000 -3.227531 -0.192028
15495 -351474.307385 0.000000 -3.227531 -0.192028
15382 -351474.307385 0.000000 -3.227531 -0.192028
17882 -351474.307385 0.000000 -3.227531 -0.192028
17699 -351474.307385 0.000000 -3.227531 -0.192028
17964 -351474.307385 0.000000 -3.227531 -0.192028
17845 -351474.307385 0.000000 -3.227531 -0.192028
57276 -351474.307385 0.000000 -3.227531 -0.192028
145 -351474.653795 0.000000 -3.573941 -0.538438
518 -351474.653795 0.000000 -3.573941 -0.538438
295 -351474.653795 0.000000 -3.573941 -0.538438
603 -351474.653795 0.000000 -3.573941 -0.538438
441 -351474.653795 0.000000 -3.573941 -0.538438
2958 -351474.653795 0.000000 -3.573941 -0.538438
2738 -351474.653795 0.000000 -3.573941 -0.538438
3062 -351474.653795 0.000000 -3.573941 -0.538438
2889 -351474.653795 0.000000 -3.573941 -0.538438
2899 -351474.653795 0.000000 -3.573941 -0.538438
5165 -351474.653795 0.000000 -3.573941 -0.538438
5519 -351474.653795 0.000000 -3.573941 -0.538438
5329 -351474.653795 0.000000 -3.573941 -0.538438
5576 -351474.653795 0.000000 -3.573941 -0.538438
5469 -351474.653795 0.000000 -3.573941 -0.538438
7947 -351474.653795 0.000000 -3.573941 -0.538438
7746 -351474.653795 0.000000 -3.573941 -0.538438
47722 -351474.653795 0.000000 -3.573941 -0.538438
7901 -351474.653795 0.000000 -3.573941 -0.538438
7667 -351474.653795 0.000000 -3.573941 -0.538438
8010 -351474.653795 0.000000 -3.573941 -0.538438
10020 -351474.653795 0.000000 -3.573941 -0.538438
10347 -351474.653795 0.000000 -3.573941 -0.538438
10132 -351474.653795 0.000000 -3.573941 -0.538438
10471 -351474.653795 0.000000 -3.573941 -0.538438
10255 -351474.653795 0.000000 -3.573941 -0.538438
12767 -351474.653795 0.000000 -3.573941 -0.538438
12563 -351474.653795 0.000000 -3.573941 -0.538438
12916 -351474.653795 0.000000 -3.573941 -0.538438
12691 -351474.653795 0.000000 -3.573941 -0.538438
13004 -351474.653795 0.000000 -3.573941 -0.538438
15018 -351474.653795 0.000000 -3.573941 -0.538438
15353 -351474.653795 0.000000 -3.573941 -0.538438
15138 -351474.653795 0.000000 -3.573941 -0.538438
15464 -351474.653795 0.000000 -3.573941 -0.538438
15268 -351474.653795 0.000000 -3.573941 -0.538438
17793 -351474.653795 0.000000 -3.573941 -0.538438
17586 -351474.653795 0.000000 -3.573941 -0.538438
17925 -351474.653795 0.000000 -3.573941 -0.538438
17728 -351474.653795 0.000000 -3.573941 -0.538438
17853 -351474.653795 0.000000 -3.573941 -0.538438
169 -351474.818979 0.000000 -3.739125 -0.703621
517 -351474.818979 0.000000 -3.739125 -0.703622
307 -351474.818979 0.000000 -3.739125 -0.703622
602 -351474.818979 0.000000 -3.739125 -0.703622
442 -351474.818979 0.000000 -3.739125 -0.703622
2957 -351474.818979 0.000000 -3.739125 -0.703622
2758 -351474.818979 0.000000 -3.739125 -0.703622
3061 -351474.818979 0.000000 -3.739125 -0.703622
2897 -351474.818979 0.000000 -3.739125 -0.703622
2980 -351474.818979 0.000000 -3.739125 -0.703622
5192 -351474.818979 0.000000 -3.739125 -0.703622
5518 -351474.818979 0.000000 -3.739125 -0.703622
5345 -351474.818979 0.000000 -3.739125 -0.703622
5575 -351474.818979 0.000000 -3.739125 -0.703622
5473 -351474.818979 0.000000 -3.739125 -0.703622
7946 -351474.818979 0.000000 -3.739125 -0.703622
7766 -351474.818979 0.000000 -3.739125 -0.703622
8033 -351474.818979 0.000000 -3.739125 -0.703622
7909 -351474.818979 0.000000 -3.739125 -0.703622
7779 -351474.818979 0.000000 -3.739125 -0.703622
10206 -351474.818979 0.000000 -3.739125 -0.703622
10493 -351474.818979 0.000000 -3.739125 -0.703622
10363 -351474.818979 0.000000 -3.739125 -0.703622
10538 -351474.818979 0.000000 -3.739125 -0.703622
10475 -351474.818979 0.000000 -3.739125 -0.703622
49915 -351474.818979 0.000000 -3.739125 -0.703622
12791 -351474.818979 0.000000 -3.739125 -0.703622
52698 -351474.818979 0.000000 -3.739125 -0.703622
12928 -351474.818979 0.000000 -3.739125 -0.703622
12690 -351474.818979 0.000000 -3.739125 -0.703622
13005 -351474.818979 0.000000 -3.739125 -0.703622
15017 -351474.818979 0.000000 -3.739125 -0.703622
15369 -351474.818979 0.000000 -3.739125 -0.703622
15137 -351474.818979 0.000000 -3.739125 -0.703622
15469 -351474.818979 0.000000 -3.739125 -0.703622
15267 -351474.818979 0.000000 -3.739125 -0.703622
17817 -351474.818979 0.000000 -3.739125 -0.703622
17585 -351474.818979 0.000000 -3.739125 -0.703622
17937 -351474.818979 0.000000 -3.739125 -0.703622
17727 -351474.818979 0.000000 -3.739125 -0.703622
17834 -351474.818979 0.000000 -3.739125 -0.703622
77 -351474.820501 0.000000 -3.740647 -0.705143
417 -351474.820501 0.000000 -3.740647 -0.705143
187 -351474.820501 0.000000 -3.740647 -0.705143
547 -351474.820501 0.000000 -3.740647 -0.705143
313 -351474.820501 0.000000 -3.740647 -0.705143
2853 -351474.820501 0.000000 -3.740647 -0.705143
2644 -351474.820501 0.000000 -3.740647 -0.705143
2994 -351474.820501 0.000000 -3.740647 -0.705143
2772 -351474.820501 0.000000 -3.740647 -0.705143
3077 -351474.820501 0.000000 -3.740647 -0.705143
5075 -351474.820501 0.000000 -3.740647 -0.705143
5441 -351474.820501 0.000000 -3.740647 -0.705143
5214 -351474.820501 0.000000 -3.740647 -0.705143
5548 -351474.820501 0.000000 -3.740647 -0.705143
5355 -351474.820501 0.000000 -3.740647 -0.705143
7860 -351474.820501 0.000000 -3.740647 -0.705143
7635 -351474.820501 0.000000 -3.740647 -0.705143
7991 -351474.820501 0.000000 -3.740647 -0.705143
7780 -351474.820501 0.000000 -3.740647 -0.705143
8055 -351474.820501 0.000000 -3.740647 -0.705143
10078 -351474.820501 0.000000 -3.740647 -0.705143
10443 -351474.820501 0.000000 -3.740647 -0.705143
10228 -351474.820501 0.000000 -3.740647 -0.705143
10525 -351474.820501 0.000000 -3.740647 -0.705143
10373 -351474.820501 0.000000 -3.740647 -0.705143
12872 -351474.820501 0.000000 -3.740647 -0.705143
12649 -351474.820501 0.000000 -3.740647 -0.705143
12984 -351474.820501 0.000000 -3.740647 -0.705143
12809 -351474.820501 0.000000 -3.740647 -0.705143
12765 -351474.820501 0.000000 -3.740647 -0.705143
12934 -351474.820501 0.000000 -3.740647 -0.705143
15428 -351474.820501 0.000000 -3.740647 -0.705143
15240 -351474.820501 0.000000 -3.740647 -0.705143
15494 -351474.820501 0.000000 -3.740647 -0.705143
15379 -351474.820501 0.000000 -3.740647 -0.705143
54708 -351474.820501 0.000000 -3.740647 -0.705143
17677 -351474.820501 0.000000 -3.740647 -0.705143
17484 -351474.820501 0.000000 -3.740647 -0.705143
17835 -351474.820501 0.000000 -3.740647 -0.705143
17608 -351474.820501 0.000000 -3.740647 -0.705143
17943 -351474.820501 0.000000 -3.740647 -0.705143
576 -351475.187012 0.000000 -4.107158 -1.071655
416 -351475.187012 0.000000 -4.107158 -1.071655
40225 -351475.187012 0.000000 -4.107158 -1.071655
546 -351475.187012 0.000000 -4.107158 -1.071654
39874 -351475.187012 0.000000 -4.107158 -1.071655
2852 -351475.187012 0.000000 -4.107158 -1.071655
2659 -351475.187012 0.000000 -4.107158 -1.071655
2993 -351475.187012 0.000000 -4.107158 -1.071655
2778 -351475.187012 0.000000 -4.107158 -1.071655
3076 -351475.187012 0.000000 -4.107158 -1.071655
5100 -351475.187012 0.000000 -4.107158 -1.071655
5440 -351475.187012 0.000000 -4.107158 -1.071655
5227 -351475.187012 0.000000 -4.107158 -1.071655
5547 -351475.187012 0.000000 -4.107158 -1.071655
5357 -351475.187012 0.000000 -4.107158 -1.071655
7859 -351475.187012 0.000000 -4.107158 -1.071655
7655 -351475.187012 0.000000 -4.107158 -1.071655
7990 -351475.187012 0.000000 -4.107158 -1.071655
7788 -351475.187012 0.000000 -4.107158 -1.071655
8054 -351475.187012 0.000000 -4.107158 -1.071655
10105 -351475.187012 0.000000 -4.107158 -1.071655
10442 -351475.187012 0.000000 -4.107158 -1.071655
10244 -351475.187012 0.000000 -4.107158 -1.071655
10524 -351475.187012 0.000000 -4.107158 -1.071655
10377 -351475.187012 0.000000 -4.107158 -1.071655
12871 -351475.187012 0.000000 -4.107158 -1.071655
12672 -351475.187012 0.000000 -4.107158 -1.071655
12983 -351475.187012 0.000000 -4.107158 -1.071655
12820 -351475.187012 0.000000 -4.107158 -1.071655
12808 -351475.187012 0.000000 -4.107158 -1.071655
12935 -351475.187012 0.000000 -4.107158 -1.071655
15427 -351475.187012 0.000000 -4.107158 -1.071655
15256 -351475.187012 0.000000 -4.107158 -1.071655
15493 -351475.187012 0.000000 -4.107158 -1.071654
15383 -351475.187012 0.000000 -4.107158 -1.071655
15030 -351475.187012 0.000000 -4.107158 -1.071655
17701 -351475.187012 0.000000 -4.107158 -1.071655
17963 -351475.187012 0.000000 -4.107158 -1.071655
17847 -351475.187012 0.000000 -4.107158 -1.071655
17605 -351475.187012 0.000000 -4.107158 -1.071655
17944 -351475.187012 0.000000 -4.107158 -1.071655
496 -351475.112018 0.000000 -4.032164 -0.996660
294 -351475.112018 0.000000 -4.032164 -0.996660
593 -351475.112018 0.000000 -4.032164 -0.996660
440 -351475.112018 0.000000 -4.032164 -0.996660
293 -351475.112018 0.000000 -4.032164 -0.996660
2737 -351475.112018 0.000000 -4.032164 -0.996660
3044 -351475.112018 0.000000 -4.032164 -0.996660
2888 -351475.112018 0.000000 -4.032164 -0.996660
3095 -351475.112018 0.000000 -4.032164 -0.996660
3006 -351475.112018 0.000000 -4.032164 -0.996660
5497 -351475.112018 0.000000 -4.032164 -0.996660
5328 -351475.112018 0.000000 -4.032164 -0.996660
45254 -351475.112018 0.000000 -4.032164 -0.996660
5468 -351475.112018 0.000000 -4.032164 -0.996660
5229 -351475.112018 0.000000 -4.032164 -0.996660
7745 -351475.112018 0.000000 -4.032164 -0.996660
7555 -351475.112018 0.000000 -4.032164 -0.996660
7900 -351475.112018 0.000000 -4.032164 -0.996660
7665 -351475.112018 0.000000 -4.032164 -0.996660
8009 -351475.112018 0.000000 -4.032164 -0.996660
10013 -351475.112018 0.000000 -4.032164 -0.996660
10346 -351475.112018 0.000000 -4.032164 -0.996660
10126 -351475.112018 0.000000 -4.032164 -0.996660
10470 -351475.112018 0.000000 -4.032164 -0.996660
10253 -351475.112018 0.000000 -4.032164 -0.996660
12766 -351475.112018 0.000000 -4.032164 -0.996660
12550 -351475.112018 0.000000 -4.032164 -0.996660
12915 -351475.112018 0.000000 -4.032164 -0.996660
12685 -351475.112018 0.000000 -4.032164 -0.996660
13003 -351475.112018 0.000000 -4.032164 -0.996660
14993 -351475.112018 0.000000 -4.032164 -0.996660
15352 -351475.112018 0.000000 -4.032164 -0.996660
15124 -351475.112018 0.000000 -4.032164 -0.996660
15463 -351475.112018 0.000000 -4.032164 -0.996660
15265 -351475.112018 0.000000 -4.032164 -0.996660
15269 -351475.112018 0.000000 -4.032164 -0.996660
17564 -351475.112018 0.000000 -4.032164 -0.996660
17924 -351475.112018 0.000000 -4.032164 -0.996660
17718 -351475.112018 0.000000 -4.032164 -0.996660
17923 -351475.112018 0.000000 -4.032164 -0.996660
17852 -351475.112018 0.000000 -4.032164 -0.996660
37833 -351475.131445 0.000000 -4.051591 -1.016087
1053 -351475.131445 0.000000 -4.051591 -1.016087
692 -351475.131445 0.000000 -4.051591 -1.016087
893 -351475.131445 0.000000 -4.051591 -1.016087
634 -351475.131445 0.000000 -4.051591 -1.016087
752 -351475.131445 0.000000 -4.051591 -1.016087
3210 -351475.131445 0.000000 -4.051591 -1.016087
3415 -351475.131445 0.000000 -4.051591 -1.016087
42820 -351475.131445 0.000000 -4.051591 -1.016087
3266 -351475.131445 0.000000 -4.051591 -1.016087
42791 -351475.131445 0.000000 -4.051591 -1.016087
5949 -351475.131445 0.000000 -4.051591 -1.016087
6114 -351475.131445 0.000000 -4.051591 -1.016087
5785 -351475.131445 0.000000 -4.051591 -1.016087
6004 -351475.131445 0.000000 -4.051591 -1.016087
5655 -351475.131445 0.000000 -4.051591 -1.016087
8615 -351475.131445 0.000000 -4.051591 -1.016087
8326 -351475.131445 0.000000 -4.051591 -1.016087
8521 -351475.131445 0.000000 -4.051591 -1.016087
8178 -351475.131445 0.000000 -4.051591 -1.016087
8401 -351475.131445 0.000000 -4.051591 -1.016087
8094 -351475.131445 0.000000 -4.051591 -1.016087
11022 -351475.131445 0.000000 -4.051591 -1.016087
10693 -351475.131445 0.000000 -4.051591 -1.016087
10902 -351475.131445 0.000000 -4.051591 -1.016087
10590 -351475.131445 0.000000 -4.051591 -1.016087
10774 -351475.131445 0.000000 -4.051591 -1.016087
13232 -351475.131445 0.000000 -4.051591 -1.016087
13438 -351475.131445 0.000000 -4.051591 -1.016087
13100 -351475.131445 0.000000 -4.051591 -1.016087
13297 -351475.131445 0.000000 -4.051591 -1.016087
13035 -351475.131445 0.000000 -4.051591 -1.016087
15960 -351475.131445 0.000000 -4.051591 -1.016087
15623 -351475.131445 0.000000 -4.051591 -1.016087
15819 -351475.131445 0.000000 -4.051591 -1.016087
15533 -351475.131445 0.000000 -4.051591 -1.016087
15687 -351475.131445 0.000000 -4.051591 -1.016087
18133 -351475.131445 0.000000 -4.051591 -1.016087
18331 -351475.131445 0.000000 -4.051591 -1.016087
18025 -351475.131445 0.000000 -4.051591 -1.016087
18184 -351475.131445 0.000000 -4.051591 -1.016087
779 -351474.655761 0.000000 -3.575907 -0.540403
619 -351474.613024 0.000000 -3.533170 -0.497666
1011 -351474.655761 0.000000 -3.575907 -0.540403
617 -351474.613024 0.000000 -3.533170 -0.497666
665 -351474.655761 0.000000 -3.575907 -0.540403
620 -351474.613024 0.000000 -3.533170 -0.497666
873 -351474.655761 0.000000 -3.575907 -0.540403
618 -351474.613024 0.000000 -3.533170 -0.497666
628 -351474.655761 0.000000 -3.575907 -0.540403
622 -351474.613024 0.000000 -3.533170 -0.497666
3521 -351474.655761 0.000000 -3.575907 -0.540403
3097 -351474.613024 0.000000 -3.533170 -0.497666
3171 -351474.655761 0.000000 -3.575907 -0.540403
3100 -351474.613024 0.000000 -3.533170 -0.497666
3379 -351474.655761 0.000000 -3.575907 -0.540403
3098 -351474.613024 0.000000 -3.533170 -0.497666
3116 -351474.655761 0.000000 -3.575907 -0.540403
3101 -351474.613024 0.000000 -3.533170 -0.497666
3254 -351474.655761 0.000000 -3.575907 -0.540403
3099 -351474.613024 0.000000 -3.533170 -0.497666
5682 -351474.655761 0.000000 -3.575907 -0.540403
5580 -351474.613024 0.000000 -3.533170 -0.497666
5900 -351474.655761 0.000000 -3.575907 -0.540403
5578 -351474.613024 0.000000 -3.533170 -0.497666
5604 -351474.655761 0.000000 -3.575907 -0.540403
5581 -351474.613024 0.000000 -3.533170 -0.497666
5757 -351474.655761 0.000000 -3.575907 -0.540403
5579 -351474.613024 0.000000 -3.533170 -0.497666
5583 -351474.655761 0.000000 -3.575907 -0.540403
5582 -351474.613024 0.000000 -3.533170 -0.497666
8443 -351474.655761 0.000000 -3.575907 -0.540403
8058 -351474.613024 0.000000 -3.533170 -0.497666
8113 -351474.655761 0.000000 -3.575907 -0.540403
8061 -351474.613024 0.000000 -3.533170 -0.497666
8289 -351474.655761 0.000000 -3.575907 -0.540403
8059 -351474.613024 0.000000 -3.533170 -0.497666
8067 -351474.655761 0.000000 -3.575907 -0.540403
8062 -351474.613024 0.000000 -3.533170 -0.497666
8164 -351474.655761 0.000000 -3.575907 -0.540403
8060 -351474.613024 0.000000 -3.533170 -0.497666
10617 -351474.655761 0.000000 -3.575907 -0.540403
10541 -351474.613024 0.000000 -3.533170 -0.497666
10804 -351474.655761 0.000000 -3.575907 -0.540403
10539 -351474.613024 0.000000 -3.533170 -0.497666
10555 -351474.655761 0.000000 -3.575907 -0.540403
10542 -351474.613024 0.000000 -3.533170 -0.497666
10665 -351474.655761 0.000000 -3.575907 -0.540403
10540 -351474.613024 0.000000 -3.533170 -0.497666
10545 -351474.655761 0.000000 -3.575907 -0.540403
10543 -351474.613024 0.000000 -3.533170 -0.497666
13346 -351474.655761 0.000000 -3.575907 -0.540403
13020 -351474.613024 0.000000 -3.533170 -0.497666
13054 -351474.655761 0.000000 -3.575906 -0.540403
13023 -351474.613024 0.000000 -3.533170 -0.497666
13188 -351474.655761 0.000000 -3.575906 -0.540403
13021 -351474.613024 0.000000 -3.533170 -0.497666
13027 -351474.655761 0.000000 -3.575906 -0.540403
13024 -351474.613024 0.000000 -3.533170 -0.497666
13080 -351474.655761 0.000000 -3.575907 -0.540403
13022 -351474.613024 0.000000 -3.533170 -0.497666
55255 -351474.655761 0.000000 -3.575907 -0.540403
15503 -351474.613024 0.000000 -3.533170 -0.497666
15717 -351474.655761 0.000000 -3.575907 -0.540403
15501 -351474.613024 0.000000 -3.533170 -0.497666
15928 -351474.655761 0.000000 -3.575907 -0.540403
15504 -351474.613024 0.000000 -3.533170 -0.497666
15591 -351474.655761 0.000000 -3.575907 -0.540403
15502 -351474.613024 0.000000 -3.533170 -0.497666
15808 -351474.655761 0.000000 -3.575907 -0.540403
15505 -351474.613024 0.000000 -3.533170 -0.497666
18237 -351474.655761 0.000000 -3.575907 -0.540403
17980 -351474.613024 0.000000 -3.533170 -0.497666
18434 -351474.655761 0.000000 -3.575907 -0.540403
17983 -351474.613024 0.000000 -3.533170 -0.497666
18091 -351474.655761 0.000000 -3.575907 -0.540403
17981 -351474.613024 0.000000 -3.533170 -0.497666
18304 -351474.655761 0.000000 -3.575907 -0.540403
57672 -351474.613024 0.000000 -3.533170 -0.497666
18005 -351474.655761 0.000000 -3.575907 -0.540403
17982 -351474.613024 0.000000 -3.533170 -0.497666
18178 -351474.655761 0.000000 -3.575907 -0.540403
60153 -351474.613024 0.000000 -3.533170 -0.497666
801 -351474.857046 0.000000 -3.777192 -0.741688
1010 -351474.857046 0.000000 -3.777192 -0.741688
675 -351474.857046 0.000000 -3.777192 -0.741688
872 -351474.857046 0.000000 -3.777192 -0.741688
629 -351474.857046 0.000000 -3.777192 -0.741688
3520 -351474.857046 0.000000 -3.777192 -0.741688
3186 -351474.857046 0.000000 -3.777192 -0.741688
3378 -351474.857046 0.000000 -3.777192 -0.741688
3119 -351474.857046 0.000000 -3.777192 -0.741688
3253 -351474.857046 0.000000 -3.777192 -0.741688
5704 -351474.857046 0.000000 -3.777192 -0.741688
5899 -351474.857046 0.000000 -3.777192 -0.741688
5614 -351474.857046 0.000000 -3.777192 -0.741688
5756 -351474.857046 0.000000 -3.777192 -0.741688
5584 -351474.857046 0.000000 -3.777192 -0.741688
8442 -351474.857046 0.000000 -3.777192 -0.741688
8131 -351474.857046 0.000000 -3.777192 -0.741688
8288 -351474.857046 0.000000 -3.777192 -0.741688
8073 -351474.857046 0.000000 -3.777192 -0.741688
8163 -351474.857046 0.000000 -3.777192 -0.741688
10641 -351474.857046 0.000000 -3.777192 -0.741688
10803 -351474.857046 0.000000 -3.777192 -0.741688
50256 -351474.857046 0.000000 -3.777192 -0.741688
10664 -351474.857046 0.000000 -3.777192 -0.741688
10895 -351474.857046 0.000000 -3.777192 -0.741688
13345 -351474.857046 0.000000 -3.777192 -0.741688
13538 -351474.857046 0.000000 -3.777192 -0.741688
13187 -351474.857046 0.000000 -3.777192 -0.741688
13425 -351474.857046 0.000000 -3.777192 -0.741688
13079 -351474.857046 0.000000 -3.777192 -0.741688
16041 -351474.857046 0.000000 -3.777192 -0.741688
15716 -351474.857046 0.000000 -3.777192 -0.741688
15939 -351474.857046 0.000000 -3.777192 -0.741688
15590 -351474.857046 0.000000 -3.777192 -0.741688
15810 -351474.857046 0.000000 -3.777192 -0.741688
15522 -351474.857046 0.000000 -3.777192 -0.741688
18456 -351474.857046 0.000000 -3.777192 -0.741688
18090 -351474.857046 0.000000 -3.777192 -0.741688
18314 -351474.857046 0.000000 -3.777192 -0.741688
18004 -351474.857046 0.000000 -3.777192 -0.741688
18179 -351474.857046 0.000000 -3.777192 -0.741688
716 -351475.458779 0.000000 -4.378925 -1.343422
891 -351475.458779 0.000000 -4.378925 -1.343422
646 -351475.458779 0.000000 -4.378925 -1.343422
750 -351475.458779 0.000000 -4.378925 -1.343422
624 -351475.458779 0.000000 -4.378925 -1.343422
3413 -351475.458779 0.000000 -4.378925 -1.343422
3601 -351475.458779 0.000000 -4.378925 -1.343422
3264 -351475.458779 0.000000 -4.378925 -1.343422
3490 -351475.458779 0.000000 -4.378925 -1.343422
3158 -351475.458779 0.000000 -4.378925 -1.343422
6120 -351475.458779 0.000000 -4.378925 -1.343422
5783 -351475.458779 0.000000 -4.378925 -1.343422
6007 -351475.458779 0.000000 -4.378925 -1.343422
5653 -351475.458779 0.000000 -4.378925 -1.343422
5877 -351475.458779 0.000000 -4.378925 -1.343422
8324 -351475.458779 0.000000 -4.378925 -1.343422
8536 -351475.458779 0.000000 -4.378925 -1.343422
8176 -351475.458779 0.000000 -4.378925 -1.343422
8409 -351475.458779 0.000000 -4.378925 -1.343422
8092 -351475.458779 0.000000 -4.378925 -1.343422
11049 -351475.458779 0.000000 -4.378925 -1.343422
10691 -351475.458779 0.000000 -4.378925 -1.343422
10918 -351475.458779 0.000000 -4.378925 -1.343422
10588 -351475.458779 0.000000 -4.378925 -1.343422
10778 -351475.458779 0.000000 -4.378925 -1.343422
13230 -351475.458779 0.000000 -4.378925 -1.343422
13458 -351475.458779 0.000000 -4.378925 -1.343422
13098 -351475.458779 0.000000 -4.378925 -1.343422
13305 -351475.458779 0.000000 -4.378925 -1.343422
13033 -351475.458779 0.000000 -4.378925 -1.343422
13170 -351475.458779 0.000000 -4.378925 -1.343422
15621 -351475.458779 0.000000 -4.378925 -1.343422
15835 -351475.458779 0.000000 -4.378925 -1.343422
15531 -351475.458779 0.000000 -4.378925 -1.343422
15691 -351475.458779 0.000000 -4.378925 -1.343422
15507 -351475.458779 0.000000 -4.378925 -1.343422
18355 -351475.458779 0.000000 -4.378925 -1.343422
18023 -351475.458779 0.000000 -4.378925 -1.343422
18196 -351475.458779 0.000000 -4.378925 -1.343422
17987 -351475.458779 0.000000 -4.378925 -1.343422
18073 -351475.458779 0.000000 -4.378925 -1.343422
1119 -351474.684604 0.000000 -3.604749 -0.569246
778 -351474.684604 0.000000 -3.604749 -0.569246
1000 -351474.684604 0.000000 -3.604749 -0.569246
664 -351474.684604 0.000000 -3.604749 -0.569246
871 -351474.684604 0.000000 -3.604749 -0.569246
3300 -351474.684603 0.000000 -3.604749 -0.569246
3502 -351474.684604 0.000000 -3.604749 -0.569246
3170 -351474.684604 0.000000 -3.604749 -0.569246
3372 -351474.684604 0.000000 -3.604749 -0.569246
3115 -351474.684604 0.000000 -3.604749 -0.569246
6027 -351474.684604 0.000000 -3.604749 -0.569246
5681 -351474.684604 0.000000 -3.604749 -0.569246
5885 -351474.684604 0.000000 -3.604749 -0.569246
5603 -351474.684604 0.000000 -3.604749 -0.569246
5754 -351474.684604 0.000000 -3.604749 -0.569246
8220 -351474.684604 0.000000 -3.604749 -0.569246
8424 -351474.684604 0.000000 -3.604749 -0.569246
8112 -351474.684604 0.000000 -3.604749 -0.569246
8282 -351474.684604 0.000000 -3.604749 -0.569246
8066 -351474.684604 0.000000 -3.604749 -0.569246
10941 -351474.684604 0.000000 -3.604749 -0.569246
10616 -351474.684604 0.000000 -3.604749 -0.569246
10789 -351474.684604 0.000000 -3.604749 -0.569246
10554 -351474.684604 0.000000 -3.604749 -0.569246
10662 -351474.684604 0.000000 -3.604749 -0.569246
13141 -351474.684604 0.000000 -3.604749 -0.569246
13323 -351474.684604 0.000000 -3.604749 -0.569246
13053 -351474.684604 0.000000 -3.604749 -0.569246
13177 -351474.684604 0.000000 -3.604749 -0.569246
13026 -351474.684604 0.000000 -3.604749 -0.569246
13078 -351474.684604 0.000000 -3.604749 -0.569246
15566 -351474.684604 0.000000 -3.604749 -0.569246
15702 -351474.684604 0.000000 -3.604749 -0.569246
15518 -351474.684604 0.000000 -3.604749 -0.569246
15588 -351474.684604 0.000000 -3.604749 -0.569246
15506 -351474.684604 0.000000 -3.604749 -0.569246
18215 -351474.684604 0.000000 -3.604749 -0.569246
58121 -351474.684604 0.000000 -3.604749 -0.569246
18080 -351474.684604 0.000000 -3.604749 -0.569246
18303 -351474.684604 0.000000 -3.604749 -0.569246
18003 -351474.684604 0.000000 -3.604749 -0.569246
1141 -351474.663634 0.000000 -3.583779 -0.548276
777 -351474.663634 0.000000 -3.583779 -0.548276
1012 -351474.663634 0.000000 -3.583779 -0.548276
663 -351474.663634 0.000000 -3.583779 -0.548276
874 -351474.663634 0.000000 -3.583779 -0.548276
3299 -351474.663634 0.000000 -3.583779 -0.548276
3522 -351474.663634 0.000000 -3.583779 -0.548276
3169 -351474.663634 0.000000 -3.583779 -0.548276
3380 -351474.663634 0.000000 -3.583779 -0.548276
3114 -351474.663634 0.000000 -3.583779 -0.548276
6052 -351474.663634 0.000000 -3.583779 -0.548276
5680 -351474.663634 0.000000 -3.583779 -0.548276
5901 -351474.663634 0.000000 -3.583779 -0.548276
5602 -351474.663634 0.000000 -3.583779 -0.548276
5758 -351474.663634 0.000000 -3.583779 -0.548276
8219 -351474.663634 0.000000 -3.583779 -0.548276
8444 -351474.663634 0.000000 -3.583779 -0.548276
8111 -351474.663634 0.000000 -3.583779 -0.548276
8290 -351474.663634 0.000000 -3.583779 -0.548276
8065 -351474.663634 0.000000 -3.583779 -0.548276
10966 -351474.663634 0.000000 -3.583779 -0.548276
10615 -351474.663634 0.000000 -3.583779 -0.548276
10805 -351474.663634 0.000000 -3.583779 -0.548276
10553 -351474.663634 0.000000 -3.583779 -0.548276
10666 -351474.663634 0.000000 -3.583779 -0.548276
10544 -351474.663634 0.000000 -3.583779 -0.548276
13347 -351474.663634 0.000000 -3.583779 -0.548276
13052 -351474.663634 0.000000 -3.583779 -0.548276
13189 -351474.663634 0.000000 -3.583779 -0.548276
53111 -351474.663634 0.000000 -3.583779 -0.548276
13081 -351474.663634 0.000000 -3.583779 -0.548276
16034 -351474.663634 0.000000 -3.583779 -0.548276
15718 -351474.663634 0.000000 -3.583779 -0.548276
15927 -351474.663634 0.000000 -3.583779 -0.548276
15592 -351474.663634 0.000000 -3.583779 -0.548276
15807 -351474.663634 0.000000 -3.583779 -0.548276
18238 -351474.663634 0.000000 -3.583779 -0.548276
18432 -351474.663634 0.000000 -3.583779 -0.548276
18092 -351474.663634 0.000000 -3.583779 -0.548276
18302 -351474.663634 0.000000 -3.583779 -0.548276
18006 -351474.663634 0.000000 -3.583779 -0.548276
1031 -351474.793758 0.000000 -3.713904 -0.678400
693 -351474.793758 0.000000 -3.713904 -0.678400
881 -351474.793758 0.000000 -3.713904 -0.678400
635 -351474.793758 0.000000 -3.713904 -0.678400
749 -351474.793758 0.000000 -3.713904 -0.678400
3211 -351474.793758 0.000000 -3.713904 -0.678400
3395 -351474.793758 0.000000 -3.713904 -0.678400
3133 -351474.793758 0.000000 -3.713904 -0.678400
3258 -351474.793758 0.000000 -3.713904 -0.678400
3104 -351474.793758 0.000000 -3.713904 -0.678400
5924 -351474.793758 0.000000 -3.713904 -0.678400
5631 -351474.793758 0.000000 -3.713904 -0.678400
5769 -351474.793758 0.000000 -3.713904 -0.678400
5589 -351474.793758 0.000000 -3.713904 -0.678400
5651 -351474.793758 0.000000 -3.713904 -0.678400
8156 -351474.793758 0.000000 -3.713904 -0.678400
8305 -351474.793758 0.000000 -3.713904 -0.678400
8086 -351474.793758 0.000000 -3.713904 -0.678400
8168 -351474.793758 0.000000 -3.713904 -0.678400
48090 -351474.793758 0.000000 -3.713904 -0.678400
8091 -351474.793758 0.000000 -3.713904 -0.678400
11023 -351474.793758 0.000000 -3.713904 -0.678400
10677 -351474.793758 0.000000 -3.713904 -0.678400
10903 -351474.793758 0.000000 -3.713904 -0.678400
10586 -351474.793758 0.000000 -3.713904 -0.678400
10775 -351474.793758 0.000000 -3.713904 -0.678400
13208 -351474.793758 0.000000 -3.713904 -0.678400
13439 -351474.793758 0.000000 -3.713904 -0.678400
13088 -351474.793758 0.000000 -3.713904 -0.678400
13298 -351474.793758 0.000000 -3.713904 -0.678400
13032 -351474.793758 0.000000 -3.713904 -0.678400
15961 -351474.793758 0.000000 -3.713904 -0.678400
15604 -351474.793758 0.000000 -3.713904 -0.678400
15820 -351474.793758 0.000000 -3.713904 -0.678400
15525 -351474.793758 0.000000 -3.713904 -0.678400
15688 -351474.793758 0.000000 -3.713904 -0.678400
18111 -351474.793758 0.000000 -3.713904 -0.678400
18332 -351474.793758 0.000000 -3.713904 -0.678400
18013 -351474.793758 0.000000 -3.713904 -0.678400
18185 -351474.793758 0.000000 -3.713904 -0.678400
17986 -351474.793758 0.000000 -3.713904 -0.678400
37916 -351474.707709 0.000000 -3.627854 -0.592351
694 -351474.707709 0.000000 -3.627854 -0.592351
892 -351474.707709 0.000000 -3.627854 -0.592351
636 -351474.707709 0.000000 -3.627854 -0.592351
751 -351474.707709 0.000000 -3.627854 -0.592351
623 -351474.707709 0.000000 -3.627854 -0.592351
3414 -351474.707709 0.000000 -3.627854 -0.592351
3134 -351474.707709 0.000000 -3.627854 -0.592351
3265 -351474.707709 0.000000 -3.627854 -0.592351
3105 -351474.707709 0.000000 -3.627854 -0.592351
3159 -351474.707709 0.000000 -3.627854 -0.592351
5632 -351474.707709 0.000000 -3.627854 -0.592351
5784 -351474.707709 0.000000 -3.627854 -0.592351
45278 -351474.707709 0.000000 -3.627854 -0.592351
5654 -351474.707709 0.000000 -3.627854 -0.592351
5876 -351474.707709 0.000000 -3.627854 -0.592351
8325 -351474.707709 0.000000 -3.627854 -0.592351
8522 -351474.707709 0.000000 -3.627854 -0.592351
8177 -351474.707709 0.000000 -3.627854 -0.592351
8403 -351474.707709 0.000000 -3.627854 -0.592351
8093 -351474.707709 0.000000 -3.627854 -0.592351
11024 -351474.707709 0.000000 -3.627854 -0.592351
10692 -351474.707709 0.000000 -3.627854 -0.592351
10904 -351474.707709 0.000000 -3.627854 -0.592351
10589 -351474.707709 0.000000 -3.627854 -0.592351
10776 -351474.707709 0.000000 -3.627854 -0.592351
13231 -351474.707709 0.000000 -3.627854 -0.592351
13440 -351474.707709 0.000000 -3.627854 -0.592351
13099 -351474.707709 0.000000 -3.627854 -0.592351
13299 -351474.707709 0.000000 -3.627854 -0.592351
13034 -351474.707709 0.000000 -3.627854 -0.592351
15962 -351474.707709 0.000000 -3.627854 -0.592351
15622 -351474.707709 0.000000 -3.627854 -0.592351
15821 -351474.707709 0.000000 -3.627854 -0.592351
15532 -351474.707709 0.000000 -3.627854 -0.592351
15689 -351474.707709 0.000000 -3.627854 -0.592351
15508 -351474.707709 0.000000 -3.627854 -0.592351
18333 -351474.707709 0.000000 -3.627854 -0.592351
18024 -351474.707709 0.000000 -3.627854 -0.592351
18186 -351474.707709 0.000000 -3.627854 -0.592351
17988 -351474.707709 0.000000 -3.627854 -0.592351
915 -351474.503807 0.000000 -3.423952 -0.388449
40806 -351474.503807 0.000000 -3.423952 -0.388449
763 -351474.503807 0.000000 -3.423952 -0.388449
999 -351474.503807 0.000000 -3.423952 -0.388449
661 -351474.503807 0.000000 -3.423952 -0.388449
3621 -351474.503807 0.000000 -3.423952 -0.388449
3281 -351474.503807 0.000000 -3.423952 -0.388449
3501 -351474.503807 0.000000 -3.423952 -0.388449
3163 -351474.503807 0.000000 -3.423952 -0.388449
3371 -351474.503807 0.000000 -3.423952 -0.388449
5808 -351474.503807 0.000000 -3.423952 -0.388449
6026 -351474.503807 0.000000 -3.423952 -0.388449
5666 -351474.503807 0.000000 -3.423952 -0.388449
5884 -351474.503807 0.000000 -3.423952 -0.388449
5600 -351474.503807 0.000000 -3.423952 -0.388449
5753 -351474.503807 0.000000 -3.423952 -0.388449
8197 -351474.503807 0.000000 -3.423952 -0.388449
8423 -351474.503807 0.000000 -3.423952 -0.388449
8101 -351474.503807 0.000000 -3.423952 -0.388449
8281 -351474.503807 0.000000 -3.423952 -0.388449
8064 -351474.503807 0.000000 -3.423952 -0.388449
10940 -351474.503807 0.000000 -3.423952 -0.388449
10601 -351474.503807 0.000000 -3.423952 -0.388449
10788 -351474.503807 0.000000 -3.423952 -0.388449
10551 -351474.503807 0.000000 -3.423952 -0.388449
10661 -351474.503807 0.000000 -3.423952 -0.388449
13119 -351474.503807 0.000000 -3.423952 -0.388449
13322 -351474.503807 0.000000 -3.423952 -0.388449
13042 -351474.503807 0.000000 -3.423952 -0.388449
13176 -351474.503807 0.000000 -3.423952 -0.388449
13025 -351474.503807 0.000000 -3.423952 -0.388449
15857 -351474.503807 0.000000 -3.423952 -0.388449
15548 -351474.503807 0.000000 -3.423952 -0.388449
15701 -351474.503807 0.000000 -3.423952 -0.388449
15512 -351474.503807 0.000000 -3.423952 -0.388449
15587 -351474.503807 0.000000 -3.423952 -0.388449
18044 -351474.503807 0.000000 -3.423952 -0.388449
18214 -351474.503807 0.000000 -3.423952 -0.388449
17995 -351474.503807 0.000000 -3.423952 -0.388449
18079 -351474.503807 0.000000 -3.423952 -0.388449
17985 -351474.503807 0.000000 -3.423952 -0.388449
939 -351474.373100 0.000000 -3.293245 -0.257742
1117 -351474.373100 0.000000 -3.293245 -0.257742
780 -351474.373100 0.000000 -3.293245 -0.257742
998 -351474.373099 0.000000 -3.293245 -0.257742
666 -351474.373100 0.000000 -3.293245 -0.257742
3620 -351474.373100 0.000000 -3.293245 -0.257742
3301 -351474.373099 0.000000 -3.293245 -0.257742
3500 -351474.373100 0.000000 -3.293245 -0.257742
3172 -351474.373100 0.000000 -3.293245 -0.257742
3370 -351474.373100 0.000000 -3.293245 -0.257742
5832 -351474.373100 0.000000 -3.293245 -0.257742
6025 -351474.373100 0.000000 -3.293245 -0.257742
5683 -351474.373100 0.000000 -3.293245 -0.257742
5883 -351474.373100 0.000000 -3.293245 -0.257742
5605 -351474.373100 0.000000 -3.293245 -0.257742
5752 -351474.373100 0.000000 -3.293245 -0.257742
8221 -351474.373100 0.000000 -3.293245 -0.257742
8422 -351474.373100 0.000000 -3.293245 -0.257742
8114 -351474.373099 0.000000 -3.293245 -0.257742
8280 -351474.373100 0.000000 -3.293245 -0.257742
8068 -351474.373100 0.000000 -3.293245 -0.257742
10939 -351474.373100 0.000000 -3.293245 -0.257742
10618 -351474.373100 0.000000 -3.293245 -0.257742
10787 -351474.373099 0.000000 -3.293245 -0.257742
10556 -351474.373099 0.000000 -3.293245 -0.257742
10660 -351474.373100 0.000000 -3.293245 -0.257742
13142 -351474.373100 0.000000 -3.293245 -0.257742
13321 -351474.373100 0.000000 -3.293245 -0.257742
13055 -351474.373100 0.000000 -3.293245 -0.257742
13175 -351474.373099 0.000000 -3.293245 -0.257742
13028 -351474.373100 0.000000 -3.293245 -0.257742
15856 -351474.373100 0.000000 -3.293245 -0.257742
15568 -351474.373099 0.000000 -3.293245 -0.257742
15700 -351474.373100 0.000000 -3.293245 -0.257742
55617 -351474.373100 0.000000 -3.293245 -0.257742
15586 -351474.373100 0.000000 -3.293245 -0.257742
18538 -351474.373100 0.000000 -3.293245 -0.257742
18213 -351474.373100 0.000000 -3.293245 -0.257742
18435 -351474.373100 0.000000 -3.293245 -0.257742
18078 -351474.373100 0.000000 -3.293245 -0.257742
18305 -351474.373100 0.000000 -3.293245 -0.257742
804 -351474.497961 0.000000 -3.418106 -0.382603
1030 -351474.497961 0.000000 -3.418106 -0.382603
678 -351474.497961 0.000000 -3.418106 -0.382603
880 -351474.497961 0.000000 -3.418106 -0.382603
632 -351474.497961 0.000000 -3.418106 -0.382603
3546 -351474.497961 0.000000 -3.418106 -0.382603
3189 -351474.497961 0.000000 -3.418106 -0.382603
3394 -351474.497961 0.000000 -3.418106 -0.382603
3122 -351474.497961 0.000000 -3.418106 -0.382603
3257 -351474.497961 0.000000 -3.418106 -0.382603
3102 -351474.497961 0.000000 -3.418106 -0.382603
5923 -351474.497961 0.000000 -3.418106 -0.382603
5617 -351474.497961 0.000000 -3.418106 -0.382603
5768 -351474.497961 0.000000 -3.418106 -0.382603
5587 -351474.497961 0.000000 -3.418106 -0.382603
5650 -351474.497961 0.000000 -3.418106 -0.382603
8134 -351474.497960 0.000000 -3.418106 -0.382603
8304 -351474.497961 0.000000 -3.418106 -0.382603
8076 -351474.497961 0.000000 -3.418106 -0.382603
8167 -351474.497961 0.000000 -3.418106 -0.382603
8063 -351474.497961 0.000000 -3.418106 -0.382603
10827 -351474.497961 0.000000 -3.418106 -0.382603
10570 -351474.497961 0.000000 -3.418106 -0.382603
10676 -351474.497961 0.000000 -3.418106 -0.382603
50585 -351474.497961 0.000000 -3.418106 -0.382603
10585 -351474.497961 0.000000 -3.418106 -0.382603
13540 -351474.497961 0.000000 -3.418106 -0.382603
13207 -351474.497961 0.000000 -3.418106 -0.382603
13428 -351474.497961 0.000000 -3.418106 -0.382603
13087 -351474.497961 0.000000 -3.418106 -0.382603
13296 -351474.497961 0.000000 -3.418106 -0.382603
15740 -351474.497961 0.000000 -3.418106 -0.382603
15942 -351474.497961 0.000000 -3.418106 -0.382603
15603 -351474.497961 0.000000 -3.418106 -0.382603
15813 -351474.497961 0.000000 -3.418106 -0.382603
15524 -351474.497961 0.000000 -3.418106 -0.382603
18459 -351474.497961 0.000000 -3.418106 -0.382603
18110 -351474.497961 0.000000 -3.418106 -0.382603
18317 -351474.497961 0.000000 -3.418106 -0.382603
18012 -351474.497961 0.000000 -3.418106 -0.382603
18182 -351474.497961 0.000000 -3.418106 -0.382603
827 -351474.508603 0.000000 -3.428749 -0.393245
1029 -351474.508603 0.000000 -3.428749 -0.393245
695 -351474.508603 0.000000 -3.428749 -0.393245
879 -351474.508603 0.000000 -3.428749 -0.393245
637 -351474.508603 0.000000 -3.428749 -0.393245
748 -351474.508603 0.000000 -3.428749 -0.393245
3212 -351474.508603 0.000000 -3.428749 -0.393245
3393 -351474.508603 0.000000 -3.428749 -0.393245
3135 -351474.508603 0.000000 -3.428749 -0.393245
3256 -351474.508603 0.000000 -3.428749 -0.393245
3106 -351474.508603 0.000000 -3.428749 -0.393245
5922 -351474.508603 0.000000 -3.428749 -0.393245
5633 -351474.508603 0.000000 -3.428749 -0.393245
5767 -351474.508603 0.000000 -3.428749 -0.393245
5591 -351474.508603 0.000000 -3.428749 -0.393245
5649 -351474.508603 0.000000 -3.428749 -0.393245
8616 -351474.508603 0.000000 -3.428749 -0.393245
8303 -351474.508603 0.000000 -3.428749 -0.393245
8523 -351474.508603 0.000000 -3.428749 -0.393245
8166 -351474.508603 0.000000 -3.428749 -0.393245
8404 -351474.508603 0.000000 -3.428749 -0.393245
10826 -351474.508603 0.000000 -3.428749 -0.393245
11025 -351474.508603 0.000000 -3.428749 -0.393245
10675 -351474.508603 0.000000 -3.428749 -0.393245
10905 -351474.508603 0.000000 -3.428749 -0.393245
10584 -351474.508603 0.000000 -3.428749 -0.393245
13557 -351474.508603 0.000000 -3.428749 -0.393245
13206 -351474.508603 0.000000 -3.428749 -0.393245
13441 -351474.508603 0.000000 -3.428749 -0.393245
13086 -351474.508603 0.000000 -3.428749 -0.393245
13300 -351474.508603 0.000000 -3.428749 -0.393245
15739 -351474.508603 0.000000 -3.428749 -0.393245
15963 -351474.508603 0.000000 -3.428749 -0.393245
15602 -351474.508603 0.000000 -3.428749 -0.393245
15822 -351474.508603 0.000000 -3.428749 -0.393245
15523 -351474.508603 0.000000 -3.428749 -0.393245
18482 -351474.508603 0.000000 -3.428749 -0.393245
18109 -351474.508603 0.000000 -3.428749 -0.393245
18334 -351474.508603 0.000000 -3.428749 -0.393245
18011 -351474.508603 0.000000 -3.428749 -0.393245
18187 -351474.508603 0.000000 -3.428749 -0.393245
719 -351474.782465 0.000000 -3.702611 -0.667107
914 -351474.782465 0.000000 -3.702611 -0.667107
648 -351474.782465 0.000000 -3.702611 -0.667107
762 -351474.782465 0.000000 -3.702611 -0.667107
626 -351474.782465 0.000000 -3.702611 -0.667107
660 -351474.782465 0.000000 -3.702611 -0.667107
43291 -351474.782465 0.000000 -3.702611 -0.667107
3280 -351474.782465 0.000000 -3.702611 -0.667107
3492 -351474.782465 0.000000 -3.702611 -0.667107
3162 -351474.782465 0.000000 -3.702611 -0.667107
3369 -351474.782465 0.000000 -3.702611 -0.667107
5807 -351474.782465 0.000000 -3.702611 -0.667107
6010 -351474.782465 0.000000 -3.702611 -0.667107
5665 -351474.782465 0.000000 -3.702611 -0.667107
5880 -351474.782465 0.000000 -3.702611 -0.667107
5599 -351474.782465 0.000000 -3.702611 -0.667107
8539 -351474.782465 0.000000 -3.702611 -0.667107
8196 -351474.782465 0.000000 -3.702611 -0.667107
8412 -351474.782465 0.000000 -3.702611 -0.667107
8100 -351474.782465 0.000000 -3.702611 -0.667107
8279 -351474.782465 0.000000 -3.702611 -0.667107
10715 -351474.782465 0.000000 -3.702611 -0.667107
10921 -351474.782465 0.000000 -3.702611 -0.667107
10600 -351474.782465 0.000000 -3.702611 -0.667107
10781 -351474.782465 0.000000 -3.702611 -0.667107
10550 -351474.782465 0.000000 -3.702611 -0.667107
13461 -351474.782465 0.000000 -3.702611 -0.667107
13118 -351474.782465 0.000000 -3.702611 -0.667107
13308 -351474.782465 0.000000 -3.702611 -0.667107
13041 -351474.782465 0.000000 -3.702611 -0.667107
13173 -351474.782465 0.000000 -3.702611 -0.667107
15648 -351474.782465 0.000000 -3.702611 -0.667107
15838 -351474.782465 0.000000 -3.702611 -0.667107
15547 -351474.782465 0.000000 -3.702611 -0.667107
15694 -351474.782465 0.000000 -3.702611 -0.667107
15511 -351474.782465 0.000000 -3.702611 -0.667107
18358 -351474.782465 0.000000 -3.702611 -0.667107
18043 -351474.782465 0.000000 -3.702611 -0.667107
18199 -351474.782465 0.000000 -3.702611 -0.667107
17994 -351474.782465 0.000000 -3.702611 -0.667107
18076 -351474.782465 0.000000 -3.702611 -0.667107
38145 -351474.448649 0.000000 -3.368795 -0.333291
913 -351474.448649 0.000000 -3.368795 -0.333291
1120 -351474.448649 0.000000 -3.368795 -0.333291
761 -351474.448649 0.000000 -3.368795 -0.333291
1001 -351474.448649 0.000000 -3.368795 -0.333291
659 -351474.448649 0.000000 -3.368795 -0.333291
3622 -351474.448649 0.000000 -3.368795 -0.333291
3279 -351474.448649 0.000000 -3.368795 -0.333291
3503 -351474.448649 0.000000 -3.368795 -0.333291
3161 -351474.448649 0.000000 -3.368795 -0.333291
3373 -351474.448649 0.000000 -3.368795 -0.333291
5806 -351474.448649 0.000000 -3.368795 -0.333291
6028 -351474.448649 0.000000 -3.368795 -0.333291
5664 -351474.448649 0.000000 -3.368795 -0.333291
5886 -351474.448649 0.000000 -3.368795 -0.333291
5598 -351474.448649 0.000000 -3.368795 -0.333291
8561 -351474.448649 0.000000 -3.368795 -0.333291
8195 -351474.448649 0.000000 -3.368795 -0.333291
8425 -351474.448649 0.000000 -3.368795 -0.333291
8099 -351474.448649 0.000000 -3.368795 -0.333291
8283 -351474.448649 0.000000 -3.368795 -0.333291
10714 -351474.448649 0.000000 -3.368795 -0.333291
10942 -351474.448649 0.000000 -3.368795 -0.333291
10599 -351474.448649 0.000000 -3.368795 -0.333291
10790 -351474.448649 0.000000 -3.368795 -0.333291
10549 -351474.448649 0.000000 -3.368795 -0.333291
13484 -351474.448649 0.000000 -3.368795 -0.333291
13117 -351474.448649 0.000000 -3.368795 -0.333291
13324 -351474.448649 0.000000 -3.368795 -0.333291
13040 -351474.448649 0.000000 -3.368795 -0.333291
13178 -351474.448649 0.000000 -3.368795 -0.333291
15647 -351474.448649 0.000000 -3.368795 -0.333291
15858 -351474.448649 0.000000 -3.368795 -0.333291
15546 -351474.448649 0.000000 -3.368795 -0.333291
15703 -351474.448649 0.000000 -3.368795 -0.333291
15510 -351474.448649 0.000000 -3.368795 -0.333291
18381 -351474.448649 0.000000 -3.368795 -0.333291
18042 -351474.448649 0.000000 -3.368795 -0.333291
18216 -351474.448649 0.000000 -3.368795 -0.333291
58116 -351474.448649 0.000000 -3.368795 -0.333291
18081 -351474.448649 0.000000 -3.368795 -0.333291
38025 -351474.431165 0.000000 -3.351310 -0.315807
803 -351474.431165 0.000000 -3.351310 -0.315807
1015 -351474.431165 0.000000 -3.351310 -0.315807
677 -351474.431165 0.000000 -3.351310 -0.315807
877 -351474.431165 0.000000 -3.351310 -0.315807
631 -351474.431165 0.000000 -3.351310 -0.315807
3525 -351474.431165 0.000000 -3.351310 -0.315807
3188 -351474.431165 0.000000 -3.351310 -0.315807
3383 -351474.431165 0.000000 -3.351310 -0.315807
3121 -351474.431164 0.000000 -3.351310 -0.315807
3255 -351474.431165 0.000000 -3.351310 -0.315807
5706 -351474.431165 0.000000 -3.351310 -0.315807
5904 -351474.431165 0.000000 -3.351310 -0.315807
5616 -351474.431165 0.000000 -3.351310 -0.315807
5761 -351474.431165 0.000000 -3.351310 -0.315807
5586 -351474.431165 0.000000 -3.351310 -0.315807
8447 -351474.431165 0.000000 -3.351310 -0.315807
8133 -351474.431165 0.000000 -3.351310 -0.315807
8293 -351474.431165 0.000000 -3.351310 -0.315807
8075 -351474.431165 0.000000 -3.351310 -0.315807
8165 -351474.431165 0.000000 -3.351310 -0.315807
10642 -351474.431165 0.000000 -3.351310 -0.315807
10808 -351474.431165 0.000000 -3.351310 -0.315807
10569 -351474.431165 0.000000 -3.351310 -0.315807
10669 -351474.431165 0.000000 -3.351310 -0.315807
10547 -351474.431165 0.000000 -3.351310 -0.315807
13350 -351474.431165 0.000000 -3.351310 -0.315807
13072 -351474.431165 0.000000 -3.351310 -0.315807
13192 -351474.431165 0.000000 -3.351310 -0.315807
53115 -351474.431165 0.000000 -3.351310 -0.315807
13084 -351474.431165 0.000000 -3.351310 -0.315807
16043 -351474.431165 0.000000 -3.351310 -0.315807
15721 -351474.431165 0.000000 -3.351310 -0.315807
15941 -351474.431165 0.000000 -3.351310 -0.315807
15595 -351474.431165 0.000000 -3.351310 -0.315807
15812 -351474.431165 0.000000 -3.351310 -0.315807
18241 -351474.431165 0.000000 -3.351310 -0.315807
18458 -351474.431165 0.000000 -3.351310 -0.315807
18095 -351474.431165 0.000000 -3.351310 -0.315807
18316 -351474.431165 0.000000 -3.351310 -0.315807
18009 -351474.431165 0.000000 -3.351310 -0.315807
802 -351474.541887 0.000000 -3.462033 -0.426530
1032 -351474.541887 0.000000 -3.462033 -0.426530
676 -351474.541887 0.000000 -3.462033 -0.426530
882 -351474.541887 0.000000 -3.462033 -0.426530
630 -351474.541887 0.000000 -3.462033 -0.426530
3547 -351474.541887 0.000000 -3.462033 -0.426530
3187 -351474.541887 0.000000 -3.462033 -0.426530
3396 -351474.541887 0.000000 -3.462033 -0.426530
3120 -351474.541887 0.000000 -3.462033 -0.426530
3259 -351474.541887 0.000000 -3.462033 -0.426530
5705 -351474.541887 0.000000 -3.462033 -0.426530
5925 -351474.541887 0.000000 -3.462033 -0.426530
5615 -351474.541887 0.000000 -3.462033 -0.426530
5770 -351474.541887 0.000000 -3.462033 -0.426530
5585 -351474.541887 0.000000 -3.462033 -0.426530
8468 -351474.541887 0.000000 -3.462033 -0.426530
8132 -351474.541887 0.000000 -3.462033 -0.426530
8306 -351474.541887 0.000000 -3.462033 -0.426530
8074 -351474.541887 0.000000 -3.462033 -0.426530
8169 -351474.541887 0.000000 -3.462033 -0.426530
50799 -351474.541887 0.000000 -3.462033 -0.426530
10828 -351474.541887 0.000000 -3.462033 -0.426530
11017 -351474.541887 0.000000 -3.462033 -0.426530
10678 -351474.541887 0.000000 -3.462033 -0.426530
10896 -351474.541887 0.000000 -3.462033 -0.426530
13372 -351474.541887 0.000000 -3.462033 -0.426530
13539 -351474.541887 0.000000 -3.462033 -0.426530
13209 -351474.541887 0.000000 -3.462033 -0.426530
13426 -351474.541887 0.000000 -3.462033 -0.426530
13089 -351474.541887 0.000000 -3.462033 -0.426530
16042 -351474.541887 0.000000 -3.462033 -0.426530
15741 -351474.541887 0.000000 -3.462033 -0.426530
15940 -351474.541887 0.000000 -3.462033 -0.426530
15605 -351474.541887 0.000000 -3.462033 -0.426530
15811 -351474.541887 0.000000 -3.462033 -0.426530
15526 -351474.541887 0.000000 -3.462033 -0.426530
18457 -351474.541887 0.000000 -3.462033 -0.426530
18112 -351474.541887 0.000000 -3.462033 -0.426530
18315 -351474.541887 0.000000 -3.462033 -0.426530
18014 -351474.541887 0.000000 -3.462033 -0.426530
18180 -351474.541887 0.000000 -3.462033 -0.426530
718 -351474.622406 0.000000 -3.542551 -0.507048
896 -351474.622406 0.000000 -3.542551 -0.507048
647 -351474.622405 0.000000 -3.542551 -0.507048
755 -351474.622406 0.000000 -3.542551 -0.507048
625 -351474.622406 0.000000 -3.542551 -0.507048
3418 -351474.622406 0.000000 -3.542551 -0.507048
3152 -351474.622406 0.000000 -3.542551 -0.507048
3269 -351474.622406 0.000000 -3.542551 -0.507048
3111 -351474.622406 0.000000 -3.542551 -0.507048
3160 -351474.622406 0.000000 -3.542551 -0.507048
45810 -351474.622406 0.000000 -3.542551 -0.507048
5788 -351474.622406 0.000000 -3.542551 -0.507048
6009 -351474.622406 0.000000 -3.542551 -0.507048
5658 -351474.622406 0.000000 -3.542551 -0.507048
5879 -351474.622406 0.000000 -3.542551 -0.507048
8329 -351474.622406 0.000000 -3.542551 -0.507048
8538 -351474.622405 0.000000 -3.542551 -0.507048
8181 -351474.622406 0.000000 -3.542551 -0.507048
8411 -351474.622406 0.000000 -3.542551 -0.507048
8097 -351474.622405 0.000000 -3.542551 -0.507048
11051 -351474.622406 0.000000 -3.542551 -0.507048
10696 -351474.622406 0.000000 -3.542551 -0.507048
10920 -351474.622406 0.000000 -3.542551 -0.507048
10593 -351474.622406 0.000000 -3.542551 -0.507048
10780 -351474.622406 0.000000 -3.542551 -0.507048
13235 -351474.622406 0.000000 -3.542551 -0.507048
13460 -351474.622406 0.000000 -3.542551 -0.507048
13103 -351474.622406 0.000000 -3.542551 -0.507048
13307 -351474.622406 0.000000 -3.542551 -0.507048
13038 -351474.622406 0.000000 -3.542551 -0.507048
13172 -351474.622406 0.000000 -3.542551 -0.507048
15626 -351474.622406 0.000000 -3.542551 -0.507048
15837 -351474.622406 0.000000 -3.542551 -0.507048
15536 -351474.622406 0.000000 -3.542551 -0.507048
15693 -351474.622406 0.000000 -3.542551 -0.507048
15509 -351474.622406 0.000000 -3.542551 -0.507048
18357 -351474.622406 0.000000 -3.542551 -0.507048
18028 -351474.622406 0.000000 -3.542551 -0.507048
18198 -351474.622406 0.000000 -3.542551 -0.507048
17992 -351474.622406 0.000000 -3.542551 -0.507048
18075 -351474.622406 0.000000 -3.542551 -0.507048
