#ID      EIGB 	      EIPGB 	   GBbin        GBseg
2178 -870685.400481 0.000000 -3.513277 -0.479734
2779 -870685.400482 0.000000 -3.513277 -0.479735
2885 -870685.400482 0.000000 -3.513277 -0.479735
2701 -870685.400482 0.000000 -3.513277 -0.479735
14280 -870685.400482 0.000000 -3.513277 -0.479735
14907 -870685.400482 0.000000 -3.513277 -0.479735
15030 -870685.400482 0.000000 -3.513277 -0.479735
15290 -870685.400482 0.000000 -3.513277 -0.479734
26382 -870685.400482 0.000000 -3.513277 -0.479735
27022 -870685.400481 0.000000 -3.513277 -0.479734
27158 -870685.400481 0.000000 -3.513277 -0.479734
27489 -870685.400482 0.000000 -3.513277 -0.479734
136989 -870685.400482 0.000000 -3.513277 -0.479735
39131 -870685.400482 0.000000 -3.513277 -0.479735
39577 -870685.400482 0.000000 -3.513277 -0.479735
39669 -870685.400482 0.000000 -3.513277 -0.479735
51028 -870685.400481 0.000000 -3.513277 -0.479734
2324 -870685.416947 0.000000 -3.529743 -0.496200
2468 -870685.416947 0.000000 -3.529743 -0.496200
2859 -870685.416947 0.000000 -3.529743 -0.496200
2918 -870685.416947 0.000000 -3.529743 -0.496200
14434 -870685.416947 0.000000 -3.529742 -0.496200
112849 -870685.416947 0.000000 -3.529743 -0.496200
14999 -870685.416947 0.000000 -3.529742 -0.496200
15259 -870685.416947 0.000000 -3.529742 -0.496200
26543 -870685.416947 0.000000 -3.529743 -0.496200
26976 -870685.416947 0.000000 -3.529743 -0.496200
27120 -870685.416947 0.000000 -3.529742 -0.496200
27537 -870685.416947 0.000000 -3.529742 -0.496200
38662 -870685.416947 0.000000 -3.529742 -0.496200
39085 -870685.416947 0.000000 -3.529742 -0.496200
39230 -870685.416947 0.000000 -3.529742 -0.496200
39743 -870685.416947 0.000000 -3.529743 -0.496200
39779 -870685.416947 0.000000 -3.529742 -0.496200
100263 -870685.395073 0.000000 -3.507869 -0.474326
2419 -870685.395073 0.000000 -3.507869 -0.474326
2938 -870685.395073 0.000000 -3.507869 -0.474326
3009 -870685.395073 0.000000 -3.507869 -0.474326
14385 -870685.395073 0.000000 -3.507869 -0.474326
14529 -870685.395073 0.000000 -3.507868 -0.474326
15101 -870685.395073 0.000000 -3.507869 -0.474326
15194 -870685.395073 0.000000 -3.507869 -0.474326
26495 -870685.395073 0.000000 -3.507869 -0.474326
26626 -870685.395073 0.000000 -3.507869 -0.474326
27250 -870685.395073 0.000000 -3.507869 -0.474326
27356 -870685.395073 0.000000 -3.507869 -0.474326
27475 -870685.395073 0.000000 -3.507869 -0.474326
38723 -870685.395073 0.000000 -3.507869 -0.474326
39369 -870685.395073 0.000000 -3.507869 -0.474326
39489 -870685.395073 0.000000 -3.507869 -0.474326
39773 -870685.395073 0.000000 -3.507869 -0.474326
1901 -870685.630192 0.000000 -3.742987 -0.709445
2564 -870685.630192 0.000000 -3.742987 -0.709445
2700 -870685.630192 0.000000 -3.742987 -0.709445
2995 -870685.630192 0.000000 -3.742987 -0.709445
14044 -870685.630192 0.000000 -3.742987 -0.709445
14674 -870685.630192 0.000000 -3.742987 -0.709445
14815 -870685.630192 0.000000 -3.742987 -0.709445
15172 -870685.630192 0.000000 -3.742987 -0.709445
15217 -870685.630192 0.000000 -3.742987 -0.709445
26783 -870685.630192 0.000000 -3.742987 -0.709445
125193 -870685.630192 0.000000 -3.742987 -0.709445
27330 -870685.630192 0.000000 -3.742987 -0.709445
26830 -870685.630192 0.000000 -3.742987 -0.709445
38892 -870685.630192 0.000000 -3.742987 -0.709444
39323 -870685.630192 0.000000 -3.742987 -0.709445
39459 -870685.630192 0.000000 -3.742987 -0.709445
39649 -870685.630192 0.000000 -3.742987 -0.709445
2033 -870685.280127 0.000000 -3.392922 -0.359380
2177 -870685.280127 0.000000 -3.392922 -0.359380
2658 -870685.280127 0.000000 -3.392922 -0.359380
2734 -870685.280127 0.000000 -3.392922 -0.359380
2822 -870685.280127 0.000000 -3.392922 -0.359380
112613 -870685.280127 0.000000 -3.392922 -0.359380
14769 -870685.280127 0.000000 -3.392922 -0.359380
15233 -870685.280127 0.000000 -3.392922 -0.359380
15289 -870685.280127 0.000000 -3.392922 -0.359380
26734 -870685.280127 0.000000 -3.392922 -0.359380
26878 -870685.280127 0.000000 -3.392922 -0.359380
27418 -870685.280127 0.000000 -3.392922 -0.359380
27488 -870685.280127 0.000000 -3.392922 -0.359379
38843 -870685.280127 0.000000 -3.392922 -0.359380
38975 -870685.280127 0.000000 -3.392922 -0.359380
39576 -870685.280127 0.000000 -3.392922 -0.359380
39668 -870685.280127 0.000000 -3.392922 -0.359380
2131 -870685.268610 0.000000 -3.381406 -0.347863
2781 -870685.268610 0.000000 -3.381406 -0.347863
2888 -870685.268610 0.000000 -3.381406 -0.347863
3021 -870685.268610 0.000000 -3.381406 -0.347863
14245 -870685.268610 0.000000 -3.381406 -0.347863
14910 -870685.268611 0.000000 -3.381406 -0.347863
15033 -870685.268611 0.000000 -3.381406 -0.347863
15279 -870685.268610 0.000000 -3.381406 -0.347863
26370 -870685.268610 0.000000 -3.381406 -0.347863
27025 -870685.268610 0.000000 -3.381406 -0.347863
27161 -870685.268611 0.000000 -3.381406 -0.347863
27474 -870685.268611 0.000000 -3.381406 -0.347863
38501 -870685.268611 0.000000 -3.381406 -0.347863
39134 -870685.268611 0.000000 -3.381406 -0.347863
137522 -870685.268610 0.000000 -3.381406 -0.347863
39648 -870685.268611 0.000000 -3.381406 -0.347863
38893 -870685.268611 0.000000 -3.381406 -0.347863
2274 -870685.198857 0.000000 -3.311652 -0.278110
2418 -870685.198857 0.000000 -3.311652 -0.278110
2858 -870685.198857 0.000000 -3.311652 -0.278110
2917 -870685.198856 0.000000 -3.311652 -0.278109
14384 -870685.198856 0.000000 -3.311652 -0.278109
14528 -870685.198857 0.000000 -3.311652 -0.278109
14998 -870685.198856 0.000000 -3.311652 -0.278109
15058 -870685.198857 0.000000 -3.311652 -0.278109
26494 -870685.198856 0.000000 -3.311652 -0.278109
124963 -870685.198857 0.000000 -3.311652 -0.278110
27119 -870685.198856 0.000000 -3.311652 -0.278109
27516 -870685.198856 0.000000 -3.311652 -0.278109
27500 -870685.198857 0.000000 -3.311652 -0.278109
39084 -870685.198856 0.000000 -3.311652 -0.278109
39229 -870685.198856 0.000000 -3.311651 -0.278109
39717 -870685.198856 0.000000 -3.311651 -0.278109
39772 -870685.198856 0.000000 -3.311652 -0.278109
1937 -870685.220287 0.000000 -3.333083 -0.299540
2373 -870685.220287 0.000000 -3.333083 -0.299540
100927 -870685.220287 0.000000 -3.333083 -0.299540
3012 -870685.220287 0.000000 -3.333083 -0.299540
14339 -870685.220287 0.000000 -3.333083 -0.299540
14483 -870685.220287 0.000000 -3.333083 -0.299540
15103 -870685.220287 0.000000 -3.333083 -0.299540
15197 -870685.220287 0.000000 -3.333083 -0.299540
14295 -870685.220287 0.000000 -3.333083 -0.299540
26592 -870685.220287 0.000000 -3.333082 -0.299540
27253 -870685.220287 0.000000 -3.333083 -0.299540
27359 -870685.220287 0.000000 -3.333083 -0.299540
27551 -870685.220287 0.000000 -3.333082 -0.299540
38711 -870685.220287 0.000000 -3.333082 -0.299540
39372 -870685.220287 0.000000 -3.333082 -0.299540
39492 -870685.220287 0.000000 -3.333083 -0.299540
39763 -870685.220287 0.000000 -3.333083 -0.299540
1900 -870685.250701 0.000000 -3.363497 -0.329954
2515 -870685.250701 0.000000 -3.363496 -0.329954
2657 -870685.250701 0.000000 -3.363497 -0.329954
2994 -870685.250701 0.000000 -3.363496 -0.329954
3025 -870685.250701 0.000000 -3.363497 -0.329954
14624 -870685.250701 0.000000 -3.363497 -0.329954
14768 -870685.250701 0.000000 -3.363497 -0.329954
15171 -870685.250701 0.000000 -3.363497 -0.329954
15216 -870685.250701 0.000000 -3.363497 -0.329954
26733 -870685.250701 0.000000 -3.363497 -0.329954
26877 -870685.250701 0.000000 -3.363497 -0.329954
27329 -870685.250701 0.000000 -3.363496 -0.329954
27380 -870685.250701 0.000000 -3.363497 -0.329954
38842 -870685.250701 0.000000 -3.363497 -0.329954
137310 -870685.250701 0.000000 -3.363497 -0.329954
39458 -870685.250701 0.000000 -3.363497 -0.329954
39790 -870685.250701 0.000000 -3.363497 -0.329954
2180 -870685.436448 0.000000 -3.549243 -0.515701
2613 -870685.436448 0.000000 -3.549243 -0.515701
2727 -870685.436448 0.000000 -3.549243 -0.515701
2565 -870685.436448 0.000000 -3.549243 -0.515701
14282 -870685.436448 0.000000 -3.549243 -0.515701
14723 -870685.436448 0.000000 -3.549243 -0.515701
113222 -870685.436448 0.000000 -3.549243 -0.515701
15292 -870685.436448 0.000000 -3.549243 -0.515701
26688 -870685.436448 0.000000 -3.549243 -0.515701
26832 -870685.436448 0.000000 -3.549243 -0.515701
27420 -870685.436448 0.000000 -3.549243 -0.515701
27491 -870685.436448 0.000000 -3.549243 -0.515701
38797 -870685.436448 0.000000 -3.549243 -0.515701
38941 -870685.436448 0.000000 -3.549243 -0.515701
39579 -870685.436448 0.000000 -3.549243 -0.515701
39671 -870685.436448 0.000000 -3.549243 -0.515701
39037 -870685.436448 0.000000 -3.549243 -0.515701
2130 -870685.567416 0.000000 -3.680211 -0.646669
100734 -870685.567416 0.000000 -3.680211 -0.646669
2857 -870685.567416 0.000000 -3.680211 -0.646669
3056 -870685.567416 0.000000 -3.680211 -0.646669
14244 -870685.567416 0.000000 -3.680211 -0.646668
14860 -870685.567416 0.000000 -3.680211 -0.646669
14997 -870685.567416 0.000000 -3.680211 -0.646669
15278 -870685.567416 0.000000 -3.680211 -0.646668
26369 -870685.567416 0.000000 -3.680211 -0.646669
26974 -870685.567416 0.000000 -3.680211 -0.646668
27118 -870685.567415 0.000000 -3.680211 -0.646668
27473 -870685.567416 0.000000 -3.680211 -0.646669
27502 -870685.567416 0.000000 -3.680211 -0.646669
39083 -870685.567416 0.000000 -3.680211 -0.646669
39228 -870685.567416 0.000000 -3.680211 -0.646669
39647 -870685.567416 0.000000 -3.680211 -0.646669
39685 -870685.567416 0.000000 -3.680211 -0.646669
2277 -870685.610134 0.000000 -3.722929 -0.689387
2421 -870685.610134 0.000000 -3.722929 -0.689387
2824 -870685.610134 0.000000 -3.722929 -0.689386
2911 -870685.610134 0.000000 -3.722929 -0.689387
14387 -870685.610134 0.000000 -3.722929 -0.689387
14531 -870685.610134 0.000000 -3.722929 -0.689387
14958 -870685.610134 0.000000 -3.722929 -0.689387
15053 -870685.610133 0.000000 -3.722929 -0.689386
14246 -870685.610134 0.000000 -3.722929 -0.689387
26628 -870685.610134 0.000000 -3.722929 -0.689387
27074 -870685.610134 0.000000 -3.722929 -0.689387
125505 -870685.610134 0.000000 -3.722929 -0.689387
27450 -870685.610134 0.000000 -3.722929 -0.689387
39038 -870685.610134 0.000000 -3.722929 -0.689387
39183 -870685.610134 0.000000 -3.722929 -0.689387
39719 -870685.610134 0.000000 -3.722929 -0.689387
39775 -870685.610134 0.000000 -3.722929 -0.689387
1899 -870685.694469 0.000000 -3.807264 -0.773722
2372 -870685.694469 0.000000 -3.807264 -0.773722
2481 -870685.694469 0.000000 -3.807264 -0.773722
2993 -870685.694469 0.000000 -3.807264 -0.773721
3024 -870685.694469 0.000000 -3.807264 -0.773721
14482 -870685.694469 0.000000 -3.807264 -0.773721
113058 -870685.694469 0.000000 -3.807264 -0.773722
15170 -870685.694469 0.000000 -3.807264 -0.773722
14579 -870685.694469 0.000000 -3.807264 -0.773721
26591 -870685.694469 0.000000 -3.807264 -0.773722
27204 -870685.694469 0.000000 -3.807264 -0.773722
27328 -870685.694469 0.000000 -3.807264 -0.773722
27550 -870685.694469 0.000000 -3.807264 -0.773722
38710 -870685.694469 0.000000 -3.807264 -0.773722
39321 -870685.694469 0.000000 -3.807264 -0.773722
39457 -870685.694469 0.000000 -3.807264 -0.773722
39762 -870685.694469 0.000000 -3.807264 -0.773722
2517 -870685.835716 0.000000 -3.948511 -0.914969
2660 -870685.835716 0.000000 -3.948511 -0.914969
2971 -870685.835716 0.000000 -3.948511 -0.914969
3022 -870685.835716 0.000000 -3.948511 -0.914969
14627 -870685.835716 0.000000 -3.948511 -0.914969
14771 -870685.835715 0.000000 -3.948511 -0.914968
15141 -870685.835716 0.000000 -3.948511 -0.914968
15213 -870685.835715 0.000000 -3.948511 -0.914968
26736 -870685.835716 0.000000 -3.948511 -0.914969
26880 -870685.835715 0.000000 -3.948511 -0.914968
27295 -870685.835716 0.000000 -3.948511 -0.914969
27376 -870685.835716 0.000000 -3.948511 -0.914969
38845 -870685.835716 0.000000 -3.948511 -0.914969
38977 -870685.835715 0.000000 -3.948511 -0.914968
39419 -870685.835716 0.000000 -3.948511 -0.914969
137779 -870685.835716 0.000000 -3.948511 -0.914969
38939 -870685.835716 0.000000 -3.948511 -0.914969
2129 -870686.000198 0.000000 -4.112993 -1.079451
2612 -870686.000198 0.000000 -4.112993 -1.079451
2726 -870686.000198 0.000000 -4.112993 -1.079451
3055 -870686.000198 0.000000 -4.112994 -1.079451
14243 -870686.000198 0.000000 -4.112993 -1.079451
14722 -870686.000198 0.000000 -4.112993 -1.079451
14826 -870686.000198 0.000000 -4.112994 -1.079451
15277 -870686.000198 0.000000 -4.112993 -1.079451
26368 -870686.000198 0.000000 -4.112993 -1.079451
26831 -870686.000198 0.000000 -4.112993 -1.079451
125380 -870686.000198 0.000000 -4.112993 -1.079451
27472 -870686.000198 0.000000 -4.112994 -1.079451
26687 -870686.000198 0.000000 -4.112993 -1.079451
38940 -870686.000198 0.000000 -4.112994 -1.079451
39533 -870686.000198 0.000000 -4.112993 -1.079451
39646 -870686.000198 0.000000 -4.112994 -1.079451
39181 -870686.000198 0.000000 -4.112993 -1.079451
2084 -870685.904643 0.000000 -4.017439 -0.983896
2205 -870685.904644 0.000000 -4.017440 -0.983897
2860 -870685.904644 0.000000 -4.017440 -0.983897
101030 -870685.904644 0.000000 -4.017440 -0.983897
14198 -870685.904644 0.000000 -4.017440 -0.983897
14862 -870685.904644 0.000000 -4.017440 -0.983897
15000 -870685.904644 0.000000 -4.017440 -0.983897
15260 -870685.904644 0.000000 -4.017440 -0.983897
15298 -870685.904644 0.000000 -4.017439 -0.983897
26977 -870685.904644 0.000000 -4.017440 -0.983897
27121 -870685.904644 0.000000 -4.017440 -0.983897
27451 -870685.904644 0.000000 -4.017440 -0.983897
27501 -870685.904644 0.000000 -4.017440 -0.983897
39086 -870685.904644 0.000000 -4.017440 -0.983897
39231 -870685.904644 0.000000 -4.017440 -0.983897
39617 -870685.904644 0.000000 -4.017440 -0.983897
39683 -870685.904644 0.000000 -4.017440 -0.983897
2229 -870686.091612 0.000000 -4.204408 -1.170865
2371 -870686.091612 0.000000 -4.204408 -1.170865
2823 -870686.091612 0.000000 -4.204407 -1.170865
2910 -870686.091612 0.000000 -4.204407 -1.170865
1949 -870686.091612 0.000000 -4.204407 -1.170865
14481 -870686.091612 0.000000 -4.204408 -1.170865
14957 -870686.091612 0.000000 -4.204407 -1.170865
15052 -870686.091612 0.000000 -4.204407 -1.170865
14675 -870686.091612 0.000000 -4.204408 -1.170865
26590 -870686.091612 0.000000 -4.204408 -1.170865
27073 -870686.091612 0.000000 -4.204408 -1.170865
27170 -870686.091612 0.000000 -4.204408 -1.170865
27549 -870686.091612 0.000000 -4.204408 -1.170865
38709 -870686.091612 0.000000 -4.204408 -1.170865
39182 -870686.091612 0.000000 -4.204407 -1.170865
39695 -870686.091612 0.000000 -4.204408 -1.170865
39761 -870686.091612 0.000000 -4.204407 -1.170865
2325 -870685.972540 0.000000 -4.085335 -1.051792
2469 -870685.972540 0.000000 -4.085335 -1.051793
2996 -870685.972539 0.000000 -4.085335 -1.051792
3026 -870685.972540 0.000000 -4.085335 -1.051793
14435 -870685.972539 0.000000 -4.085335 -1.051792
14555 -870685.972540 0.000000 -4.085335 -1.051793
15173 -870685.972540 0.000000 -4.085335 -1.051793
113200 -870685.972540 0.000000 -4.085335 -1.051793
26544 -870685.972540 0.000000 -4.085335 -1.051793
27206 -870685.972540 0.000000 -4.085335 -1.051793
27331 -870685.972540 0.000000 -4.085335 -1.051793
27538 -870685.972540 0.000000 -4.085335 -1.051793
38663 -870685.972540 0.000000 -4.085335 -1.051793
39324 -870685.972540 0.000000 -4.085335 -1.051793
39460 -870685.972540 0.000000 -4.085335 -1.051793
39744 -870685.972540 0.000000 -4.085335 -1.051793
39780 -870685.972539 0.000000 -4.085335 -1.051792
4075 -870685.875513 0.000000 -3.988309 -0.954766
3593 -870685.875513 0.000000 -3.988309 -0.954766
3139 -870685.875513 0.000000 -3.988308 -0.954766
3088 -870685.875513 0.000000 -3.988308 -0.954766
16122 -870685.875513 0.000000 -3.988308 -0.954766
15978 -870685.875513 0.000000 -3.988309 -0.954766
15449 -870685.875513 0.000000 -3.988308 -0.954766
15374 -870685.875513 0.000000 -3.988308 -0.954766
28509 -870685.875513 0.000000 -3.988308 -0.954766
28365 -870685.875513 0.000000 -3.988309 -0.954766
27779 -870685.875513 0.000000 -3.988309 -0.954766
27691 -870685.875513 0.000000 -3.988309 -0.954766
27561 -870685.875513 0.000000 -3.988308 -0.954766
40772 -870685.875513 0.000000 -3.988308 -0.954766
40140 -870685.875513 0.000000 -3.988309 -0.954766
40033 -870685.875513 0.000000 -3.988308 -0.954766
39817 -870685.875513 0.000000 -3.988309 -0.954766
4122 -870685.452747 0.000000 -3.565543 -0.532000
3457 -870685.452747 0.000000 -3.565543 -0.532000
3332 -870685.452747 0.000000 -3.565543 -0.532000
3099 -870685.452747 0.000000 -3.565543 -0.532000
16487 -870685.452747 0.000000 -3.565543 -0.532000
15837 -870685.452747 0.000000 -3.565543 -0.532000
15703 -870685.452747 0.000000 -3.565543 -0.532000
15392 -870685.452747 0.000000 -3.565543 -0.532000
15358 -870685.452747 0.000000 -3.565543 -0.532000
28223 -870685.452747 0.000000 -3.565543 -0.532000
28091 -870685.452747 0.000000 -3.565543 -0.532000
27713 -870685.452747 0.000000 -3.565543 -0.532000
125547 -870685.452747 0.000000 -3.565543 -0.532000
40609 -870685.452747 0.000000 -3.565543 -0.532000
40187 -870685.452747 0.000000 -3.565543 -0.532000
40060 -870685.452747 0.000000 -3.565543 -0.532000
39808 -870685.452747 0.000000 -3.565543 -0.532000
4307 -870686.028704 0.000000 -4.141499 -1.107957
3643 -870686.028704 0.000000 -4.141499 -1.107957
101252 -870686.028704 0.000000 -4.141499 -1.107957
3175 -870686.028704 0.000000 -4.141499 -1.107957
114159 -870686.028704 0.000000 -4.141499 -1.107957
16028 -870686.028704 0.000000 -4.141499 -1.107957
15616 -870686.028704 0.000000 -4.141499 -1.107957
15505 -870686.028704 0.000000 -4.141499 -1.107957
15309 -870686.028704 0.000000 -4.141499 -1.107957
28415 -870686.028704 0.000000 -4.141499 -1.107957
27986 -870686.028704 0.000000 -4.141499 -1.107957
27862 -870686.028704 0.000000 -4.141499 -1.107957
27564 -870686.028704 0.000000 -4.141499 -1.107957
40798 -870686.028704 0.000000 -4.141499 -1.107957
40369 -870686.028704 0.000000 -4.141499 -1.107957
40245 -870686.028704 0.000000 -4.141499 -1.107957
39825 -870686.028704 0.000000 -4.141499 -1.107957
4171 -870686.512502 0.000000 -4.625297 -1.591755
3689 -870686.512502 0.000000 -4.625297 -1.591755
3546 -870686.512502 0.000000 -4.625297 -1.591755
3118 -870686.512502 0.000000 -4.625297 -1.591755
3084 -870686.512502 0.000000 -4.625297 -1.591755
16074 -870686.512502 0.000000 -4.625297 -1.591755
15942 -870686.512502 0.000000 -4.625297 -1.591755
15418 -870686.512502 0.000000 -4.625297 -1.591755
15362 -870686.512502 0.000000 -4.625297 -1.591755
28461 -870686.512502 0.000000 -4.625297 -1.591755
28353 -870686.512502 0.000000 -4.625297 -1.591755
27743 -870686.512502 0.000000 -4.625297 -1.591755
27675 -870686.512502 0.000000 -4.625297 -1.591755
40844 -870686.512502 0.000000 -4.625297 -1.591755
138211 -870686.512502 0.000000 -4.625297 -1.591755
40096 -870686.512502 0.000000 -4.625297 -1.591755
137823 -870686.512502 0.000000 -4.625297 -1.591755
3979 -870685.701147 0.000000 -3.813942 -0.780400
3834 -870685.701147 0.000000 -3.813942 -0.780399
3366 -870685.701147 0.000000 -3.813942 -0.780399
3296 -870685.701147 0.000000 -3.813942 -0.780400
3063 -870685.701147 0.000000 -3.813942 -0.780400
16219 -870685.701147 0.000000 -3.813942 -0.780400
15741 -870685.701147 0.000000 -3.813942 -0.780400
113339 -870685.701147 0.000000 -3.813942 -0.780400
15317 -870685.701147 0.000000 -3.813942 -0.780399
28269 -870685.701147 0.000000 -3.813942 -0.780400
28125 -870685.701146 0.000000 -3.813942 -0.780399
27646 -870685.701147 0.000000 -3.813942 -0.780400
27592 -870685.701147 0.000000 -3.813942 -0.780400
40655 -870685.701147 0.000000 -3.813942 -0.780400
40511 -870685.701147 0.000000 -3.813942 -0.780400
39962 -870685.701147 0.000000 -3.813942 -0.780400
39886 -870685.701147 0.000000 -3.813942 -0.780399
3881 -870686.042615 0.000000 -4.155410 -1.121868
3263 -870686.042615 0.000000 -4.155410 -1.121868
3174 -870686.042615 0.000000 -4.155410 -1.121868
3065 -870686.042615 0.000000 -4.155410 -1.121868
16266 -870686.042615 0.000000 -4.155410 -1.121868
15615 -870686.042615 0.000000 -4.155410 -1.121868
15504 -870686.042615 0.000000 -4.155410 -1.121868
15323 -870686.042615 0.000000 -4.155410 -1.121868
28647 -870686.042615 0.000000 -4.155410 -1.121868
27985 -870686.042615 0.000000 -4.155410 -1.121868
27861 -870686.042615 0.000000 -4.155410 -1.121868
27602 -870686.042615 0.000000 -4.155410 -1.121868
41022 -870686.042615 0.000000 -4.155410 -1.121868
40368 -870686.042615 0.000000 -4.155410 -1.121868
40244 -870686.042615 0.000000 -4.155410 -1.121868
39904 -870686.042615 0.000000 -4.155410 -1.121868
151008 -870686.042615 0.000000 -4.155410 -1.121868
3930 -870686.041532 0.000000 -4.154328 -1.120785
3797 -870686.041532 0.000000 -4.154328 -1.120785
3226 -870686.041533 0.000000 -4.154328 -1.120785
3157 -870686.041533 0.000000 -4.154328 -1.120785
16315 -870686.041533 0.000000 -4.154328 -1.120785
16206 -870686.041533 0.000000 -4.154328 -1.120785
15570 -870686.041533 0.000000 -4.154328 -1.120785
15482 -870686.041532 0.000000 -4.154328 -1.120785
28696 -870686.041533 0.000000 -4.154328 -1.120785
126056 -870686.041532 0.000000 -4.154328 -1.120785
27937 -870686.041533 0.000000 -4.154328 -1.120785
125608 -870686.041532 0.000000 -4.154328 -1.120785
27587 -870686.041532 0.000000 -4.154328 -1.120785
40463 -870686.041533 0.000000 -4.154328 -1.120785
40319 -870686.041533 0.000000 -4.154328 -1.120785
39929 -870686.041533 0.000000 -4.154328 -1.120785
39875 -870686.041532 0.000000 -4.154328 -1.120785
4074 -870686.486707 0.000000 -4.599503 -1.565960
3456 -870686.486707 0.000000 -4.599503 -1.565960
3331 -870686.486707 0.000000 -4.599502 -1.565960
3087 -870686.486707 0.000000 -4.599503 -1.565960
16463 -870686.486707 0.000000 -4.599503 -1.565960
15836 -870686.486707 0.000000 -4.599503 -1.565960
15702 -870686.486707 0.000000 -4.599503 -1.565960
15373 -870686.486707 0.000000 -4.599502 -1.565960
126834 -870686.486707 0.000000 -4.599503 -1.565960
28222 -870686.486707 0.000000 -4.599502 -1.565960
27778 -870686.486707 0.000000 -4.599503 -1.565960
27690 -870686.486707 0.000000 -4.599502 -1.565960
27558 -870686.486707 0.000000 -4.599503 -1.565960
40608 -870686.486707 0.000000 -4.599502 -1.565960
40139 -870686.486707 0.000000 -4.599503 -1.565960
40032 -870686.486707 0.000000 -4.599502 -1.565960
39807 -870686.486707 0.000000 -4.599502 -1.565960
3737 -870686.276910 0.000000 -4.389705 -1.356163
3594 -870686.276910 0.000000 -4.389705 -1.356163
3119 -870686.276910 0.000000 -4.389705 -1.356163
3085 -870686.276910 0.000000 -4.389705 -1.356163
16123 -870686.276910 0.000000 -4.389705 -1.356163
15979 -870686.276910 0.000000 -4.389705 -1.356163
15419 -870686.276910 0.000000 -4.389705 -1.356163
15363 -870686.276910 0.000000 -4.389705 -1.356163
28510 -870686.276910 0.000000 -4.389705 -1.356163
28366 -870686.276909 0.000000 -4.389705 -1.356162
27744 -870686.276910 0.000000 -4.389705 -1.356163
27676 -870686.276910 0.000000 -4.389705 -1.356163
40892 -870686.276910 0.000000 -4.389705 -1.356163
40773 -870686.276910 0.000000 -4.389705 -1.356163
40097 -870686.276910 0.000000 -4.389705 -1.356163
39855 -870686.276910 0.000000 -4.389705 -1.356163
39818 -870686.276910 0.000000 -4.389705 -1.356163
4306 -870686.280531 0.000000 -4.393326 -1.359783
3931 -870685.692551 0.000000 -3.805347 -0.771804
3690 -870686.280530 0.000000 -4.393326 -1.359783
3455 -870685.692552 0.000000 -3.805347 -0.771805
3547 -870686.280530 0.000000 -4.393326 -1.359783
3330 -870685.692552 0.000000 -3.805347 -0.771805
3172 -870686.280530 0.000000 -4.393326 -1.359783
3074 -870685.692552 0.000000 -3.805347 -0.771805
101136 -870686.280530 0.000000 -4.393326 -1.359783
16316 -870685.692552 0.000000 -3.805347 -0.771805
16075 -870686.280530 0.000000 -4.393326 -1.359783
15835 -870685.692552 0.000000 -3.805347 -0.771805
15613 -870686.280531 0.000000 -4.393326 -1.359783
15701 -870685.692552 0.000000 -3.805347 -0.771805
15502 -870686.280530 0.000000 -4.393326 -1.359783
15336 -870685.692552 0.000000 -3.805347 -0.771805
15310 -870686.280531 0.000000 -4.393326 -1.359784
28697 -870685.692552 0.000000 -3.805347 -0.771805
28462 -870686.280531 0.000000 -4.393326 -1.359783
28221 -870685.692552 0.000000 -3.805347 -0.771805
27983 -870686.280530 0.000000 -4.393326 -1.359783
28090 -870685.692552 0.000000 -3.805347 -0.771805
27859 -870686.280531 0.000000 -4.393326 -1.359784
27621 -870685.692552 0.000000 -3.805347 -0.771805
27570 -870686.280531 0.000000 -4.393326 -1.359784
27588 -870685.692552 0.000000 -3.805347 -0.771805
40845 -870686.280530 0.000000 -4.393326 -1.359783
40607 -870685.692551 0.000000 -3.805347 -0.771804
40366 -870686.280530 0.000000 -4.393326 -1.359783
40499 -870685.692552 0.000000 -3.805347 -0.771805
40243 -870686.280531 0.000000 -4.393326 -1.359783
39930 -870685.692552 0.000000 -3.805347 -0.771805
39836 -870686.280530 0.000000 -4.393326 -1.359783
137864 -870685.692552 0.000000 -3.805347 -0.771805
4076 -870685.483180 0.000000 -3.595975 -0.562433
3410 -870685.483180 0.000000 -3.595975 -0.562433
3304 -870685.483180 0.000000 -3.595975 -0.562433
3089 -870685.483180 0.000000 -3.595975 -0.562433
16464 -870685.483180 0.000000 -3.595975 -0.562433
15789 -870685.483180 0.000000 -3.595975 -0.562433
15450 -870685.483180 0.000000 -3.595975 -0.562433
15375 -870685.483180 0.000000 -3.595975 -0.562433
28318 -870685.483180 0.000000 -3.595975 -0.562433
28175 -870685.483180 0.000000 -3.595975 -0.562433
27780 -870685.483180 0.000000 -3.595975 -0.562433
27692 -870685.483180 0.000000 -3.595975 -0.562433
40705 -870685.483180 0.000000 -3.595975 -0.562433
40561 -870685.483180 0.000000 -3.595975 -0.562433
40141 -870685.483180 0.000000 -3.595975 -0.562433
40034 -870685.483180 0.000000 -3.595975 -0.562433
39806 -870685.483180 0.000000 -3.595975 -0.562433
3980 -870686.246136 0.000000 -4.358932 -1.325389
3835 -870686.246136 0.000000 -4.358932 -1.325389
3227 -870686.246137 0.000000 -4.358932 -1.325390
3158 -870686.246136 0.000000 -4.358932 -1.325389
16363 -870686.246136 0.000000 -4.358932 -1.325389
16220 -870686.246137 0.000000 -4.358932 -1.325390
15571 -870686.246137 0.000000 -4.358932 -1.325390
15483 -870686.246136 0.000000 -4.358932 -1.325389
15318 -870686.246137 0.000000 -4.358932 -1.325390
28624 -870686.246137 0.000000 -4.358932 -1.325390
27938 -870686.246137 0.000000 -4.358932 -1.325390
27647 -870686.246137 0.000000 -4.358932 -1.325390
27593 -870686.246137 0.000000 -4.358932 -1.325390
40464 -870686.246137 0.000000 -4.358932 -1.325390
40320 -870686.246137 0.000000 -4.358932 -1.325390
39963 -870686.246137 0.000000 -4.358932 -1.325390
39887 -870686.246137 0.000000 -4.358932 -1.325390
88810 -870685.668178 0.000000 -3.780974 -0.747431
3691 -870685.668178 0.000000 -3.780974 -0.747431
3548 -870685.668178 0.000000 -3.780973 -0.747431
3196 -870685.668178 0.000000 -3.780974 -0.747431
3149 -870685.668178 0.000000 -3.780974 -0.747431
16076 -870685.668178 0.000000 -3.780974 -0.747431
15943 -870685.668178 0.000000 -3.780974 -0.747431
15532 -870685.668178 0.000000 -3.780973 -0.747431
113299 -870685.668178 0.000000 -3.780974 -0.747431
28463 -870685.668178 0.000000 -3.780974 -0.747431
126020 -870685.668178 0.000000 -3.780973 -0.747431
27895 -870685.668178 0.000000 -3.780974 -0.747431
27571 -870685.668178 0.000000 -3.780974 -0.747431
40846 -870685.668178 0.000000 -3.780974 -0.747431
40415 -870685.668178 0.000000 -3.780973 -0.747431
40273 -870685.668178 0.000000 -3.780974 -0.747431
39837 -870685.668178 0.000000 -3.780974 -0.747431
101966 -870685.726990 0.000000 -3.839785 -0.806243
3833 -870685.726990 0.000000 -3.839785 -0.806243
3262 -870685.726990 0.000000 -3.839785 -0.806243
3173 -870685.726990 0.000000 -3.839786 -0.806243
3062 -870685.726990 0.000000 -3.839785 -0.806243
16218 -870685.726990 0.000000 -3.839785 -0.806243
15614 -870685.726990 0.000000 -3.839786 -0.806243
15503 -870685.726990 0.000000 -3.839785 -0.806243
15316 -870685.726990 0.000000 -3.839785 -0.806243
28623 -870685.726990 0.000000 -3.839786 -0.806243
27984 -870685.726990 0.000000 -3.839785 -0.806243
27860 -870685.726990 0.000000 -3.839786 -0.806243
27591 -870685.726990 0.000000 -3.839785 -0.806243
41010 -870685.726990 0.000000 -3.839785 -0.806243
40367 -870685.726990 0.000000 -3.839786 -0.806243
137949 -870685.726990 0.000000 -3.839785 -0.806243
39885 -870685.726990 0.000000 -3.839786 -0.806243
3932 -870685.835931 0.000000 -3.948726 -0.915184
3798 -870685.835931 0.000000 -3.948726 -0.915184
3367 -870685.835931 0.000000 -3.948726 -0.915184
101063 -870685.835931 0.000000 -3.948726 -0.915184
16317 -870685.835931 0.000000 -3.948726 -0.915184
113871 -870685.835931 0.000000 -3.948726 -0.915184
15742 -870685.835931 0.000000 -3.948726 -0.915184
15337 -870685.835931 0.000000 -3.948726 -0.915184
15315 -870685.835931 0.000000 -3.948726 -0.915184
28270 -870685.835931 0.000000 -3.948726 -0.915184
28126 -870685.835931 0.000000 -3.948726 -0.915184
27622 -870685.835931 0.000000 -3.948726 -0.915184
27589 -870685.835931 0.000000 -3.948726 -0.915184
40656 -870685.835931 0.000000 -3.948726 -0.915184
40512 -870685.835931 0.000000 -3.948726 -0.915184
39931 -870685.835931 0.000000 -3.948726 -0.915184
39877 -870685.835931 0.000000 -3.948726 -0.915184
3884 -870685.774292 0.000000 -3.887087 -0.853545
3458 -870685.774292 0.000000 -3.887087 -0.853545
3333 -870685.774292 0.000000 -3.887087 -0.853545
3068 -870685.774292 0.000000 -3.887087 -0.853545
16269 -870685.774292 0.000000 -3.887087 -0.853545
15838 -870685.774292 0.000000 -3.887087 -0.853545
15704 -870685.774292 0.000000 -3.887087 -0.853545
15326 -870685.774292 0.000000 -3.887087 -0.853545
28650 -870685.774292 0.000000 -3.887087 -0.853545
28224 -870685.774292 0.000000 -3.887087 -0.853545
28092 -870685.774292 0.000000 -3.887087 -0.853545
27605 -870685.774292 0.000000 -3.887087 -0.853545
41024 -870685.774292 0.000000 -3.887087 -0.853545
40610 -870685.774292 0.000000 -3.887087 -0.853545
40001 -870685.774292 0.000000 -3.887087 -0.853545
39907 -870685.774292 0.000000 -3.887087 -0.853545
39809 -870685.774292 0.000000 -3.887087 -0.853545
4170 -870685.590369 0.000000 -3.703164 -0.669622
4062 -870685.590369 0.000000 -3.703164 -0.669622
3409 -870685.590369 0.000000 -3.703164 -0.669622
101291 -870685.590369 0.000000 -3.703164 -0.669622
3083 -870685.590369 0.000000 -3.703164 -0.669622
15919 -870685.590369 0.000000 -3.703164 -0.669622
15788 -870685.590369 0.000000 -3.703164 -0.669622
15417 -870685.590369 0.000000 -3.703164 -0.669622
15361 -870685.590369 0.000000 -3.703164 -0.669622
28317 -870685.590369 0.000000 -3.703164 -0.669622
28174 -870685.590369 0.000000 -3.703164 -0.669622
27742 -870685.590369 0.000000 -3.703164 -0.669622
27674 -870685.590369 0.000000 -3.703164 -0.669622
40704 -870685.590369 0.000000 -3.703164 -0.669622
40560 -870685.590369 0.000000 -3.703164 -0.669622
40095 -870685.590369 0.000000 -3.703164 -0.669622
40023 -870685.590369 0.000000 -3.703164 -0.669622
4125 -870685.405914 0.000000 -3.518709 -0.485167
3692 -870685.405914 0.000000 -3.518709 -0.485166
3549 -870685.405914 0.000000 -3.518709 -0.485167
3102 -870685.405914 0.000000 -3.518709 -0.485167
16490 -870685.405914 0.000000 -3.518709 -0.485167
16077 -870685.405914 0.000000 -3.518709 -0.485167
15944 -870685.405914 0.000000 -3.518709 -0.485167
15395 -870685.405914 0.000000 -3.518709 -0.485167
15360 -870685.405914 0.000000 -3.518709 -0.485167
28464 -870685.405914 0.000000 -3.518709 -0.485167
27823 -870685.405914 0.000000 -3.518709 -0.485167
27716 -870685.405914 0.000000 -3.518709 -0.485167
27572 -870685.405914 0.000000 -3.518709 -0.485167
40847 -870685.405914 0.000000 -3.518709 -0.485167
40189 -870685.405914 0.000000 -3.518709 -0.485167
40063 -870685.405914 0.000000 -3.518709 -0.485167
39838 -870685.405914 0.000000 -3.518709 -0.485167
3933 -870685.265468 0.000000 -3.378263 -0.344721
3799 -870685.265468 0.000000 -3.378263 -0.344721
3199 -870685.265468 0.000000 -3.378263 -0.344721
3151 -870685.265468 0.000000 -3.378263 -0.344721
16318 -870685.265468 0.000000 -3.378263 -0.344721
15663 -870685.265468 0.000000 -3.378263 -0.344721
15535 -870685.265468 0.000000 -3.378263 -0.344721
15338 -870685.265468 0.000000 -3.378263 -0.344721
28698 -870685.265468 0.000000 -3.378263 -0.344721
28034 -870685.265467 0.000000 -3.378262 -0.344720
27898 -870685.265468 0.000000 -3.378263 -0.344721
27623 -870685.265468 0.000000 -3.378263 -0.344721
41059 -870685.265467 0.000000 -3.378263 -0.344720
40418 -870685.265468 0.000000 -3.378263 -0.344721
40276 -870685.265468 0.000000 -3.378263 -0.344721
39932 -870685.265468 0.000000 -3.378263 -0.344721
39878 -870685.265468 0.000000 -3.378263 -0.344721
3773 -870685.235299 0.000000 -3.348094 -0.314552
3642 -870685.235299 0.000000 -3.348094 -0.314552
3225 -870685.235299 0.000000 -3.348094 -0.314552
3156 -870685.235299 0.000000 -3.348094 -0.314552
16170 -870685.235299 0.000000 -3.348094 -0.314551
16027 -870685.235299 0.000000 -3.348094 -0.314552
15569 -870685.235299 0.000000 -3.348094 -0.314552
15481 -870685.235299 0.000000 -3.348094 -0.314552
28558 -870685.235299 0.000000 -3.348094 -0.314552
28414 -870685.235299 0.000000 -3.348094 -0.314551
27936 -870685.235299 0.000000 -3.348094 -0.314552
27846 -870685.235299 0.000000 -3.348094 -0.314552
27563 -870685.235299 0.000000 -3.348094 -0.314551
40797 -870685.235299 0.000000 -3.348094 -0.314552
40318 -870685.235299 0.000000 -3.348094 -0.314552
138223 -870685.235299 0.000000 -3.348094 -0.314552
39824 -870685.235299 0.000000 -3.348094 -0.314551
4027 -870685.372783 0.000000 -3.485578 -0.452036
3883 -870685.372783 0.000000 -3.485579 -0.452036
3408 -870685.372783 0.000000 -3.485579 -0.452036
3302 -870685.372783 0.000000 -3.485579 -0.452036
3067 -870685.372783 0.000000 -3.485579 -0.452036
16268 -870685.372783 0.000000 -3.485579 -0.452036
15787 -870685.372783 0.000000 -3.485579 -0.452036
15686 -870685.372783 0.000000 -3.485578 -0.452036
15325 -870685.372783 0.000000 -3.485578 -0.452036
28649 -870685.372783 0.000000 -3.485579 -0.452036
28173 -870685.372783 0.000000 -3.485578 -0.452036
126068 -870685.372783 0.000000 -3.485579 -0.452036
27604 -870685.372783 0.000000 -3.485579 -0.452036
40703 -870685.372783 0.000000 -3.485579 -0.452036
40559 -870685.372783 0.000000 -3.485579 -0.452036
40000 -870685.372783 0.000000 -3.485579 -0.452036
39906 -870685.372783 0.000000 -3.485579 -0.452036
4172 -870685.887230 0.000000 -4.000026 -0.966483
3504 -870685.887230 0.000000 -4.000026 -0.966483
3370 -870685.887230 0.000000 -4.000026 -0.966483
3120 -870685.887230 0.000000 -4.000026 -0.966483
16535 -870685.887230 0.000000 -4.000026 -0.966483
15885 -870685.887230 0.000000 -4.000026 -0.966483
15745 -870685.887230 0.000000 -4.000025 -0.966483
15420 -870685.887230 0.000000 -4.000026 -0.966483
15364 -870685.887230 0.000000 -4.000026 -0.966483
28273 -870685.887230 0.000000 -4.000025 -0.966483
28129 -870685.887230 0.000000 -4.000026 -0.966483
27745 -870685.887230 0.000000 -4.000025 -0.966483
27677 -870685.887230 0.000000 -4.000025 -0.966483
40659 -870685.887230 0.000000 -4.000025 -0.966483
40515 -870685.887230 0.000000 -4.000026 -0.966483
40098 -870685.887230 0.000000 -4.000026 -0.966483
40024 -870685.887230 0.000000 -4.000025 -0.966483
4124 -870685.588658 0.000000 -3.701453 -0.667911
3641 -870685.588658 0.000000 -3.701453 -0.667911
3527 -870685.588657 0.000000 -3.701453 -0.667910
3101 -870685.588657 0.000000 -3.701453 -0.667910
16489 -870685.588657 0.000000 -3.701453 -0.667910
16026 -870685.588658 0.000000 -3.701453 -0.667911
113919 -870685.588657 0.000000 -3.701453 -0.667910
15394 -870685.588658 0.000000 -3.701453 -0.667910
28557 -870685.588657 0.000000 -3.701453 -0.667910
28413 -870685.588658 0.000000 -3.701453 -0.667910
27822 -870685.588657 0.000000 -3.701453 -0.667910
27715 -870685.588658 0.000000 -3.701453 -0.667911
27562 -870685.588658 0.000000 -3.701453 -0.667911
40796 -870685.588658 0.000000 -3.701453 -0.667911
40188 -870685.588658 0.000000 -3.701453 -0.667911
40062 -870685.588658 0.000000 -3.701453 -0.667911
39823 -870685.588658 0.000000 -3.701453 -0.667911
3739 -870685.652413 0.000000 -3.765208 -0.731666
3597 -870685.652413 0.000000 -3.765208 -0.731666
3228 -870685.652413 0.000000 -3.765208 -0.731666
3159 -870685.652413 0.000000 -3.765208 -0.731666
16126 -870685.652413 0.000000 -3.765208 -0.731666
15982 -870685.652412 0.000000 -3.765208 -0.731665
15572 -870685.652413 0.000000 -3.765208 -0.731666
15484 -870685.652413 0.000000 -3.765208 -0.731666
28513 -870685.652413 0.000000 -3.765208 -0.731666
28369 -870685.652413 0.000000 -3.765208 -0.731666
27939 -870685.652412 0.000000 -3.765208 -0.731665
27847 -870685.652413 0.000000 -3.765208 -0.731666
40895 -870685.652413 0.000000 -3.765208 -0.731666
40465 -870685.652413 0.000000 -3.765208 -0.731666
40321 -870685.652413 0.000000 -3.765208 -0.731665
39857 -870685.652413 0.000000 -3.765208 -0.731666
39821 -870685.652413 0.000000 -3.765208 -0.731665
88868 -870685.484679 0.000000 -3.597475 -0.563932
3882 -870685.484679 0.000000 -3.597475 -0.563932
101773 -870685.484679 0.000000 -3.597475 -0.563932
3198 -870685.484679 0.000000 -3.597475 -0.563932
3066 -870685.484679 0.000000 -3.597475 -0.563932
16267 -870685.484679 0.000000 -3.597475 -0.563932
15662 -870685.484679 0.000000 -3.597474 -0.563932
15534 -870685.484679 0.000000 -3.597475 -0.563932
15324 -870685.484679 0.000000 -3.597475 -0.563932
28648 -870685.484679 0.000000 -3.597475 -0.563932
28033 -870685.484679 0.000000 -3.597474 -0.563932
27897 -870685.484679 0.000000 -3.597475 -0.563932
27603 -870685.484679 0.000000 -3.597475 -0.563932
41023 -870685.484679 0.000000 -3.597474 -0.563932
40417 -870685.484679 0.000000 -3.597475 -0.563932
40275 -870685.484679 0.000000 -3.597475 -0.563932
39905 -870685.484679 0.000000 -3.597475 -0.563932
3983 -870685.417164 0.000000 -3.529960 -0.496417
3838 -870685.417165 0.000000 -3.529960 -0.496417
3411 -870685.417164 0.000000 -3.529960 -0.496417
3305 -870685.417165 0.000000 -3.529960 -0.496418
3064 -870685.417164 0.000000 -3.529960 -0.496417
16223 -870685.417165 0.000000 -3.529960 -0.496418
15790 -870685.417164 0.000000 -3.529960 -0.496417
15687 -870685.417165 0.000000 -3.529960 -0.496418
15321 -870685.417164 0.000000 -3.529960 -0.496417
28319 -870685.417165 0.000000 -3.529960 -0.496418
28176 -870685.417164 0.000000 -3.529959 -0.496417
27649 -870685.417165 0.000000 -3.529960 -0.496418
27596 -870685.417165 0.000000 -3.529960 -0.496418
40706 -870685.417165 0.000000 -3.529960 -0.496417
40562 -870685.417165 0.000000 -3.529960 -0.496418
39966 -870685.417165 0.000000 -3.529960 -0.496418
39890 -870685.417165 0.000000 -3.529960 -0.496417
4123 -870685.269097 0.000000 -3.381892 -0.348350
3503 -870685.269097 0.000000 -3.381892 -0.348350
3369 -870685.269097 0.000000 -3.381892 -0.348350
3100 -870685.269097 0.000000 -3.381892 -0.348350
16488 -870685.269097 0.000000 -3.381892 -0.348350
15884 -870685.269097 0.000000 -3.381892 -0.348350
15744 -870685.269097 0.000000 -3.381892 -0.348350
15393 -870685.269097 0.000000 -3.381892 -0.348350
15359 -870685.269097 0.000000 -3.381892 -0.348350
28272 -870685.269097 0.000000 -3.381892 -0.348350
28128 -870685.269097 0.000000 -3.381892 -0.348350
27714 -870685.269097 0.000000 -3.381892 -0.348350
27672 -870685.269097 0.000000 -3.381892 -0.348350
40658 -870685.269097 0.000000 -3.381892 -0.348350
138502 -870685.269097 0.000000 -3.381892 -0.348350
40061 -870685.269097 0.000000 -3.381892 -0.348350
39813 -870685.269097 0.000000 -3.381892 -0.348350
4079 -870685.375359 0.000000 -3.488154 -0.454612
3644 -870685.375359 0.000000 -3.488155 -0.454612
3528 -870685.375359 0.000000 -3.488155 -0.454612
3092 -870685.375359 0.000000 -3.488155 -0.454612
16172 -870685.375359 0.000000 -3.488155 -0.454612
16029 -870685.375359 0.000000 -3.488155 -0.454612
15452 -870685.375359 0.000000 -3.488154 -0.454612
15378 -870685.375359 0.000000 -3.488155 -0.454612
28559 -870685.375359 0.000000 -3.488155 -0.454612
28416 -870685.375359 0.000000 -3.488154 -0.454612
27783 -870685.375359 0.000000 -3.488154 -0.454612
27695 -870685.375359 0.000000 -3.488155 -0.454612
27565 -870685.375359 0.000000 -3.488154 -0.454612
40799 -870685.375359 0.000000 -3.488155 -0.454612
40144 -870685.375359 0.000000 -3.488154 -0.454612
40037 -870685.375359 0.000000 -3.488155 -0.454612
39826 -870685.375359 0.000000 -3.488155 -0.454612
3738 -870685.295599 0.000000 -3.408395 -0.374852
3596 -870685.295599 0.000000 -3.408394 -0.374852
3197 -870685.295599 0.000000 -3.408395 -0.374852
3150 -870685.295599 0.000000 -3.408395 -0.374852
16125 -870685.295599 0.000000 -3.408395 -0.374852
15981 -870685.295599 0.000000 -3.408395 -0.374852
15533 -870685.295599 0.000000 -3.408395 -0.374852
15478 -870685.295599 0.000000 -3.408394 -0.374852
28512 -870685.295599 0.000000 -3.408394 -0.374852
126356 -870685.295599 0.000000 -3.408395 -0.374852
27896 -870685.295599 0.000000 -3.408395 -0.374852
27582 -870685.295599 0.000000 -3.408394 -0.374852
40894 -870685.295599 0.000000 -3.408395 -0.374852
40416 -870685.295599 0.000000 -3.408394 -0.374852
40274 -870685.295599 0.000000 -3.408394 -0.374852
39856 -870685.295599 0.000000 -3.408394 -0.374852
39820 -870685.295599 0.000000 -3.408395 -0.374852
4028 -870685.342678 0.000000 -3.455473 -0.421931
3885 -870685.342678 0.000000 -3.455473 -0.421931
3266 -870685.342678 0.000000 -3.455473 -0.421931
3178 -870685.342678 0.000000 -3.455473 -0.421931
3069 -870685.342678 0.000000 -3.455473 -0.421931
16270 -870685.342678 0.000000 -3.455473 -0.421931
15619 -870685.342678 0.000000 -3.455473 -0.421931
15508 -870685.342678 0.000000 -3.455473 -0.421931
15327 -870685.342678 0.000000 -3.455473 -0.421931
28651 -870685.342678 0.000000 -3.455473 -0.421931
27989 -870685.342678 0.000000 -3.455473 -0.421931
27865 -870685.342678 0.000000 -3.455473 -0.421931
27606 -870685.342678 0.000000 -3.455473 -0.421931
41025 -870685.342678 0.000000 -3.455473 -0.421931
40372 -870685.342678 0.000000 -3.455473 -0.421931
40247 -870685.342678 0.000000 -3.455473 -0.421931
39908 -870685.342678 0.000000 -3.455473 -0.421931
3982 -870685.430314 0.000000 -3.543109 -0.509567
3837 -870685.430314 0.000000 -3.543109 -0.509567
3368 -870685.430314 0.000000 -3.543109 -0.509567
3297 -870685.430314 0.000000 -3.543109 -0.509567
16365 -870685.430314 0.000000 -3.543109 -0.509567
114210 -870685.430314 0.000000 -3.543109 -0.509567
15743 -870685.430314 0.000000 -3.543109 -0.509567
15352 -870685.430314 0.000000 -3.543109 -0.509567
15320 -870685.430314 0.000000 -3.543109 -0.509567
28271 -870685.430314 0.000000 -3.543109 -0.509567
28127 -870685.430314 0.000000 -3.543109 -0.509567
27648 -870685.430314 0.000000 -3.543109 -0.509567
27595 -870685.430314 0.000000 -3.543109 -0.509567
40657 -870685.430314 0.000000 -3.543109 -0.509567
40513 -870685.430314 0.000000 -3.543109 -0.509567
39965 -870685.430314 0.000000 -3.543109 -0.509567
39889 -870685.430314 0.000000 -3.543109 -0.509567
