#ID      EIFS 	      EIPFS 	   FSbin        FSseg
2698 -1241444.406425 0.000000 -5.675947 -2.643308
3144 -1241444.406425 0.000000 -5.675947 -2.643308
3410 -1241444.406425 0.000000 -5.675947 -2.643308
3855 -1241444.406425 0.000000 -5.675947 -2.643308
4115 -1241444.406426 0.000000 -5.675948 -2.643308
4113 -1241444.406426 0.000000 -5.675948 -2.643308
20129 -1241444.406426 0.000000 -5.675948 -2.643308
160466 -1241444.431646 0.000000 -5.701168 -2.668528
20335 -1241444.431648 0.000000 -5.701170 -2.668530
20799 -1241444.431660 0.000000 -5.701182 -2.668543
21054 -1241444.431738 0.000000 -5.701260 -2.668620
21510 -1241444.431668 0.000000 -5.701190 -2.668550
21733 -1241444.406144 0.000000 -5.675666 -2.643027
37515 -1241444.406394 0.000000 -5.675916 -2.643276
37780 -1241444.406419 0.000000 -5.675941 -2.643301
38225 -1241444.406423 0.000000 -5.675945 -2.643305
38491 -1241444.406425 0.000000 -5.675947 -2.643307
38938 -1241444.406425 0.000000 -5.675947 -2.643307
39196 -1241444.406425 0.000000 -5.675947 -2.643308
54946 -1241444.406425 0.000000 -5.675947 -2.643308
55211 -1241444.406425 0.000000 -5.675947 -2.643308
55658 -1241444.406425 0.000000 -5.675947 -2.643308
55924 -1241444.406425 0.000000 -5.675947 -2.643308
56370 -1241444.406425 0.000000 -5.675947 -2.643308
56630 -1241444.406425 0.000000 -5.675947 -2.643308
55051 -1241444.406425 0.000000 -5.675947 -2.643308
2734 -1241442.769247 0.000000 -4.038769 -1.006129
2995 -1241442.769247 0.000000 -4.038769 -1.006129
3446 -1241442.769247 0.000000 -4.038769 -1.006129
3706 -1241442.769247 0.000000 -4.038769 -1.006129
4151 -1241442.769247 0.000000 -4.038769 -1.006129
4343 -1241442.769246 0.000000 -4.038768 -1.006129
20165 -1241442.769245 0.000000 -4.038767 -1.006127
20426 -1241442.769239 0.000000 -4.038761 -1.006121
20875 -1241442.769218 0.000000 -4.038740 -1.006101
21136 -1241442.769138 0.000000 -4.038660 -1.006020
21582 -1241442.768708 0.000000 -4.038230 -1.005590
161667 -1241442.857633 0.000000 -4.127155 -1.094515
177472 -1241442.768929 0.000000 -4.038451 -1.005811
37360 -1241442.769173 0.000000 -4.038695 -1.006055
37807 -1241442.769232 0.000000 -4.038754 -1.006114
38058 -1241442.769243 0.000000 -4.038765 -1.006125
38527 -1241442.769246 0.000000 -4.038768 -1.006128
38779 -1241442.769247 0.000000 -4.038769 -1.006129
39213 -1241442.769247 0.000000 -4.038769 -1.006129
54828 -1241442.769247 0.000000 -4.038769 -1.006129
55247 -1241442.769247 0.000000 -4.038769 -1.006129
55508 -1241442.769247 0.000000 -4.038769 -1.006129
55960 -1241442.769247 0.000000 -4.038769 -1.006129
56221 -1241442.769247 0.000000 -4.038769 -1.006129
56665 -1241442.769247 0.000000 -4.038769 -1.006129
72254 -1241442.769247 0.000000 -4.038769 -1.006129
2313 -1241442.880283 0.000000 -4.149805 -1.117165
2548 -1241442.880283 0.000000 -4.149805 -1.117165
2994 -1241442.880283 0.000000 -4.149805 -1.117165
3260 -1241442.880283 0.000000 -4.149805 -1.117165
3705 -1241442.880283 0.000000 -4.149805 -1.117165
3970 -1241442.880283 0.000000 -4.149805 -1.117165
4342 -1241442.880282 0.000000 -4.149804 -1.117164
19979 -1241442.880278 0.000000 -4.149800 -1.117160
20425 -1241442.880268 0.000000 -4.149790 -1.117150
20690 -1241442.880234 0.000000 -4.149756 -1.117116
21135 -1241442.880109 0.000000 -4.149631 -1.116991
21401 -1241442.879483 0.000000 -4.149005 -1.116365
21786 -1241442.875983 0.000000 -4.145505 -1.112865
37406 -1241442.869387 0.000000 -4.138909 -1.106269
37852 -1241442.869774 0.000000 -4.139296 -1.106657
38116 -1241442.869795 0.000000 -4.139317 -1.106678
38565 -1241442.869798 0.000000 -4.139320 -1.106680
178709 -1241442.880281 0.000000 -4.149803 -1.117163
179105 -1241442.880282 0.000000 -4.149804 -1.117164
39030 -1241442.880283 0.000000 -4.149805 -1.117165
54827 -1241442.880283 0.000000 -4.149805 -1.117165
55052 -1241442.880283 0.000000 -4.149805 -1.117165
55507 -1241442.880283 0.000000 -4.149805 -1.117165
55774 -1241442.880283 0.000000 -4.149805 -1.117165
56220 -1241442.880283 0.000000 -4.149805 -1.117165
56486 -1241442.880284 0.000000 -4.149806 -1.117166
2252 -1241442.870572 0.000000 -4.140094 -1.107454
2584 -1241442.870571 0.000000 -4.140094 -1.107454
2837 -1241442.870572 0.000000 -4.140094 -1.107454
3296 -1241442.870572 0.000000 -4.140094 -1.107454
3558 -1241442.870572 0.000000 -4.140094 -1.107454
4006 -1241442.870571 0.000000 -4.140093 -1.107454
4243 -1241442.870570 0.000000 -4.140092 -1.107453
20015 -1241442.870567 0.000000 -4.140089 -1.107450
20277 -1241442.870557 0.000000 -4.140079 -1.107439
20726 -1241442.870521 0.000000 -4.140043 -1.107403
20987 -1241442.870387 0.000000 -4.139909 -1.107269
21437 -1241442.869911 0.000000 -4.139433 -1.106793
21694 -1241442.869623 0.000000 -4.139145 -1.106506
37442 -1241442.871130 0.000000 -4.140652 -1.108012
37703 -1241442.871485 0.000000 -4.141007 -1.108368
38152 -1241442.871543 0.000000 -4.141065 -1.108426
38414 -1241442.871554 0.000000 -4.141076 -1.108436
38865 -1241442.871557 0.000000 -4.141079 -1.108440
39122 -1241442.871558 0.000000 -4.141080 -1.108441
37778 -1241442.871559 0.000000 -4.141081 -1.108441
55134 -1241442.871559 0.000000 -4.141081 -1.108441
55585 -1241442.871559 0.000000 -4.141081 -1.108442
55847 -1241442.871559 0.000000 -4.141081 -1.108441
196178 -1241442.870572 0.000000 -4.140094 -1.107454
56037 -1241442.870572 0.000000 -4.140094 -1.107454
56511 -1241442.870571 0.000000 -4.140094 -1.107454
2471 -1241443.366151 0.000000 -4.635673 -1.603033
2921 -1241443.366151 0.000000 -4.635673 -1.603033
3183 -1241443.366151 0.000000 -4.635673 -1.603034
3632 -1241443.366151 0.000000 -4.635673 -1.603033
3893 -1241443.366151 0.000000 -4.635673 -1.603033
4283 -1241443.366151 0.000000 -4.635673 -1.603034
2547 -1241443.366152 0.000000 -4.635674 -1.603034
160233 -1241443.366016 0.000000 -4.635538 -1.602899
20091 -1241443.366015 0.000000 -4.635537 -1.602898
20567 -1241443.366017 0.000000 -4.635539 -1.602899
20819 -1241443.366040 0.000000 -4.635562 -1.602922
21286 -1241443.366108 0.000000 -4.635630 -1.602990
21538 -1241443.364955 0.000000 -4.634477 -1.601837
37321 -1241443.365734 0.000000 -4.635256 -1.602616
37554 -1241443.366089 0.000000 -4.635611 -1.602971
38002 -1241443.366138 0.000000 -4.635660 -1.603020
38264 -1241443.366147 0.000000 -4.635669 -1.603029
38714 -1241443.366149 0.000000 -4.635671 -1.603032
38977 -1241443.366150 0.000000 -4.635672 -1.603033
39321 -1241443.366151 0.000000 -4.635673 -1.603033
54985 -1241443.366151 0.000000 -4.635673 -1.603033
55434 -1241443.366151 0.000000 -4.635673 -1.603033
55697 -1241443.366151 0.000000 -4.635673 -1.603033
56147 -1241443.366151 0.000000 -4.635673 -1.603033
56409 -1241443.366151 0.000000 -4.635673 -1.603033
56790 -1241443.366151 0.000000 -4.635673 -1.603033
2470 -1241443.405497 0.000000 -4.675019 -1.642379
2735 -1241443.405497 0.000000 -4.675019 -1.642379
3182 -1241443.405497 0.000000 -4.675019 -1.642379
3447 -1241443.405497 0.000000 -4.675019 -1.642379
3892 -1241443.405497 0.000000 -4.675019 -1.642379
4152 -1241443.405497 0.000000 -4.675019 -1.642379
2696 -1241443.405497 0.000000 -4.675019 -1.642379
20166 -1241443.405496 0.000000 -4.675018 -1.642379
20613 -1241443.405494 0.000000 -4.675016 -1.642377
20876 -1241443.405486 0.000000 -4.675008 -1.642368
21325 -1241443.405445 0.000000 -4.674967 -1.642327
21583 -1241443.405198 0.000000 -4.674720 -1.642080
161728 -1241443.402533 0.000000 -4.672055 -1.639415
37223 -1241443.405374 0.000000 -4.674896 -1.642256
37553 -1241443.405473 0.000000 -4.674995 -1.642355
37808 -1241443.405492 0.000000 -4.675014 -1.642374
38263 -1241443.405496 0.000000 -4.675018 -1.642378
38528 -1241443.405496 0.000000 -4.675019 -1.642379
38976 -1241443.405497 0.000000 -4.675019 -1.642379
39214 -1241443.405497 0.000000 -4.675019 -1.642379
54984 -1241443.405497 0.000000 -4.675019 -1.642379
55248 -1241443.405497 0.000000 -4.675019 -1.642379
55696 -1241443.405497 0.000000 -4.675019 -1.642379
55961 -1241443.405497 0.000000 -4.675019 -1.642379
56408 -1241443.405497 0.000000 -4.675019 -1.642379
56666 -1241443.405497 0.000000 -4.675019 -1.642379
2352 -1241443.421515 0.000000 -4.691037 -1.658397
2772 -1241443.421515 0.000000 -4.691037 -1.658397
3034 -1241443.421515 0.000000 -4.691037 -1.658397
3484 -1241443.421515 0.000000 -4.691037 -1.658397
3745 -1241443.421515 0.000000 -4.691037 -1.658397
4189 -1241443.421515 0.000000 -4.691037 -1.658397
4352 -1241443.421515 0.000000 -4.691037 -1.658397
20203 -1241443.421514 0.000000 -4.691036 -1.658397
20465 -1241443.421512 0.000000 -4.691034 -1.658394
20913 -1241443.421500 0.000000 -4.691022 -1.658383
21175 -1241443.421435 0.000000 -4.690958 -1.658318
21620 -1241443.421015 0.000000 -4.690537 -1.657898
21820 -1241443.445937 0.000000 -4.715459 -1.682819
37629 -1241443.443969 0.000000 -4.713491 -1.680851
37891 -1241443.443901 0.000000 -4.713423 -1.680783
38340 -1241443.443889 0.000000 -4.713411 -1.680771
38603 -1241443.443887 0.000000 -4.713409 -1.680769
178929 -1241443.421515 0.000000 -4.691037 -1.658397
38791 -1241443.421515 0.000000 -4.691037 -1.658397
39216 -1241443.421515 0.000000 -4.691037 -1.658397
54848 -1241443.421515 0.000000 -4.691037 -1.658397
55285 -1241443.421515 0.000000 -4.691037 -1.658397
55537 -1241443.421515 0.000000 -4.691037 -1.658397
55998 -1241443.421515 0.000000 -4.691037 -1.658397
56260 -1241443.421515 0.000000 -4.691037 -1.658397
56692 -1241443.421515 0.000000 -4.691037 -1.658397
2351 -1241443.435562 0.000000 -4.705084 -1.672444
2585 -1241443.435562 0.000000 -4.705084 -1.672444
3033 -1241443.435562 0.000000 -4.705084 -1.672444
3297 -1241443.435562 0.000000 -4.705084 -1.672444
3744 -1241443.435562 0.000000 -4.705084 -1.672444
4007 -1241443.435562 0.000000 -4.705084 -1.672444
4351 -1241443.435562 0.000000 -4.705084 -1.672444
20016 -1241443.435560 0.000000 -4.705082 -1.672443
20464 -1241443.435556 0.000000 -4.705078 -1.672439
20727 -1241443.435540 0.000000 -4.705062 -1.672422
21174 -1241443.435468 0.000000 -4.704990 -1.672350
21438 -1241443.435254 0.000000 -4.704776 -1.672136
21819 -1241443.440611 0.000000 -4.710133 -1.677493
37443 -1241443.441989 0.000000 -4.711511 -1.678872
37890 -1241443.442014 0.000000 -4.711536 -1.678896
38153 -1241443.442015 0.000000 -4.711537 -1.678897
38602 -1241443.442015 0.000000 -4.711537 -1.678897
38866 -1241443.442015 0.000000 -4.711537 -1.678897
39252 -1241443.442015 0.000000 -4.711537 -1.678898
37668 -1241443.442015 0.000000 -4.711537 -1.678898
55324 -1241443.442015 0.000000 -4.711537 -1.678898
195466 -1241443.435562 0.000000 -4.705084 -1.672444
195927 -1241443.435562 0.000000 -4.705084 -1.672444
55793 -1241443.435562 0.000000 -4.705084 -1.672444
56259 -1241443.435562 0.000000 -4.705084 -1.672444
56512 -1241443.435562 0.000000 -4.705084 -1.672444
142539 -1241443.432675 0.000000 -4.702197 -1.669557
142990 -1241443.432675 0.000000 -4.702197 -1.669557
2848 -1241443.432675 0.000000 -4.702197 -1.669557
3325 -1241443.432675 0.000000 -4.702197 -1.669557
3577 -1241443.432675 0.000000 -4.702197 -1.669557
4044 -1241443.432675 0.000000 -4.702197 -1.669557
4247 -1241443.432675 0.000000 -4.702197 -1.669557
20053 -1241443.432673 0.000000 -4.702196 -1.669556
20315 -1241443.432670 0.000000 -4.702192 -1.669552
20764 -1241443.432660 0.000000 -4.702182 -1.669542
21025 -1241443.432624 0.000000 -4.702146 -1.669506
21475 -1241443.432549 0.000000 -4.702071 -1.669431
21721 -1241443.438720 0.000000 -4.708242 -1.675602
37480 -1241443.439267 0.000000 -4.708789 -1.676149
37741 -1241443.439324 0.000000 -4.708846 -1.676207
38190 -1241443.439336 0.000000 -4.708858 -1.676218
38452 -1241443.439338 0.000000 -4.708860 -1.676221
38903 -1241443.439339 0.000000 -4.708861 -1.676221
39160 -1241443.439339 0.000000 -4.708861 -1.676222
37351 -1241443.439339 0.000000 -4.708862 -1.676222
55172 -1241443.439339 0.000000 -4.708862 -1.676222
55623 -1241443.439339 0.000000 -4.708861 -1.676222
55885 -1241443.439340 0.000000 -4.708862 -1.676222
56335 -1241443.439339 0.000000 -4.708861 -1.676222
56591 -1241443.439340 0.000000 -4.708862 -1.676222
55473 -1241443.439339 0.000000 -4.708862 -1.676222
2508 -1241445.458707 0.000000 -6.728229 -3.695589
2773 -1241445.458707 0.000000 -6.728229 -3.695589
3220 -1241445.458707 0.000000 -6.728229 -3.695589
3485 -1241445.458707 0.000000 -6.728229 -3.695589
3930 -1241445.458707 0.000000 -6.728229 -3.695589
4190 -1241445.458707 0.000000 -6.728229 -3.695589
19939 -1241445.458707 0.000000 -6.728229 -3.695590
20204 -1241445.458708 0.000000 -6.728230 -3.695590
20650 -1241445.458708 0.000000 -6.728230 -3.695590
20914 -1241445.458709 0.000000 -6.728231 -3.695592
21361 -1241445.458713 0.000000 -6.728235 -3.695595
21621 -1241445.458739 0.000000 -6.728261 -3.695621
20428 -1241443.501987 0.000000 -4.771510 -1.738870
37630 -1241443.500643 0.000000 -4.770165 -1.737525
38078 -1241443.500510 0.000000 -4.770032 -1.737393
178221 -1241445.458707 0.000000 -6.728229 -3.695589
178681 -1241445.458707 0.000000 -6.728229 -3.695589
38547 -1241445.458707 0.000000 -6.728229 -3.695589
39014 -1241445.458707 0.000000 -6.728229 -3.695589
54703 -1241445.458707 0.000000 -6.728229 -3.695589
55022 -1241445.458707 0.000000 -6.728229 -3.695589
55286 -1241445.458707 0.000000 -6.728229 -3.695589
55734 -1241445.458707 0.000000 -6.728229 -3.695589
55999 -1241445.458707 0.000000 -6.728229 -3.695589
56446 -1241445.458707 0.000000 -6.728229 -3.695589
56693 -1241445.458707 0.000000 -6.728229 -3.695589
2380 -1241443.484340 0.000000 -4.753862 -1.721222
2810 -1241443.484340 0.000000 -4.753862 -1.721222
3072 -1241443.484340 0.000000 -4.753862 -1.721222
3522 -1241443.484340 0.000000 -4.753862 -1.721222
3783 -1241443.484340 0.000000 -4.753862 -1.721222
4225 -1241443.484340 0.000000 -4.753862 -1.721222
19821 -1241443.484339 0.000000 -4.753861 -1.721221
20241 -1241443.484337 0.000000 -4.753859 -1.721219
20503 -1241443.484329 0.000000 -4.753851 -1.721211
20951 -1241443.484295 0.000000 -4.753817 -1.721177
21213 -1241443.484144 0.000000 -4.753666 -1.721027
21658 -1241443.483664 0.000000 -4.753186 -1.720546
21837 -1241443.498948 0.000000 -4.768470 -1.735831
37667 -1241443.499211 0.000000 -4.768733 -1.736093
37929 -1241443.499192 0.000000 -4.768714 -1.736074
38378 -1241443.499186 0.000000 -4.768708 -1.736068
38641 -1241443.499184 0.000000 -4.768706 -1.736067
39086 -1241443.499184 0.000000 -4.768706 -1.736067
39290 -1241443.499184 0.000000 -4.768706 -1.736067
55098 -1241443.499184 0.000000 -4.768706 -1.736067
55361 -1241443.499184 0.000000 -4.768706 -1.736067
195692 -1241443.484340 0.000000 -4.753862 -1.721222
55548 -1241443.484340 0.000000 -4.753862 -1.721222
56027 -1241443.484340 0.000000 -4.753862 -1.721222
56279 -1241443.484340 0.000000 -4.753862 -1.721222
56703 -1241443.484340 0.000000 -4.753862 -1.721222
142738 -1241443.500375 0.000000 -4.769897 -1.737257
2604 -1241443.500375 0.000000 -4.769897 -1.737257
3071 -1241443.500374 0.000000 -4.769897 -1.737257
3326 -1241443.500375 0.000000 -4.769897 -1.737257
3782 -1241443.500374 0.000000 -4.769897 -1.737257
4045 -1241443.500374 0.000000 -4.769896 -1.737257
19820 -1241443.500373 0.000000 -4.769896 -1.737256
20054 -1241443.500371 0.000000 -4.769893 -1.737254
20502 -1241443.500366 0.000000 -4.769888 -1.737248
20765 -1241443.500346 0.000000 -4.769868 -1.737228
21212 -1241443.500276 0.000000 -4.769798 -1.737158
21476 -1241443.500205 0.000000 -4.769727 -1.737087
21836 -1241443.500274 0.000000 -4.769796 -1.737157
37481 -1241443.500382 0.000000 -4.769904 -1.737264
37928 -1241443.500432 0.000000 -4.769954 -1.737314
38191 -1241443.500440 0.000000 -4.769962 -1.737322
38640 -1241443.500442 0.000000 -4.769964 -1.737324
38904 -1241443.500442 0.000000 -4.769965 -1.737325
39289 -1241443.500443 0.000000 -4.769965 -1.737325
54912 -1241443.500443 0.000000 -4.769965 -1.737325
55360 -1241443.500443 0.000000 -4.769965 -1.737325
55624 -1241443.500443 0.000000 -4.769965 -1.737325
56074 -1241443.500443 0.000000 -4.769965 -1.737325
56336 -1241443.500443 0.000000 -4.769965 -1.737325
56723 -1241443.500443 0.000000 -4.769965 -1.737325
55305 -1241443.500443 0.000000 -4.769965 -1.737325
2697 -1241443.608010 0.000000 -4.877532 -1.844892
3147 -1241443.608010 0.000000 -4.877532 -1.844892
3409 -1241443.608010 0.000000 -4.877532 -1.844893
3857 -1241443.608010 0.000000 -4.877532 -1.844892
4114 -1241443.608010 0.000000 -4.877532 -1.844893
143849 -1241443.630281 0.000000 -4.899803 -1.867163
19739 -1241443.630281 0.000000 -4.899803 -1.867163
20082 -1241443.630281 0.000000 -4.899803 -1.867163
20334 -1241443.630283 0.000000 -4.899805 -1.867166
20802 -1241443.630299 0.000000 -4.899821 -1.867182
21053 -1241443.630375 0.000000 -4.899897 -1.867257
21513 -1241443.630634 0.000000 -4.900156 -1.867516
21732 -1241443.607684 0.000000 -4.877206 -1.844566
37518 -1241443.607922 0.000000 -4.877444 -1.844804
37779 -1241443.607992 0.000000 -4.877514 -1.844874
38228 -1241443.608005 0.000000 -4.877528 -1.844888
38490 -1241443.608009 0.000000 -4.877531 -1.844891
38941 -1241443.608010 0.000000 -4.877532 -1.844892
39195 -1241443.608010 0.000000 -4.877532 -1.844892
54949 -1241443.608010 0.000000 -4.877532 -1.844892
55210 -1241443.608010 0.000000 -4.877532 -1.844892
55661 -1241443.608010 0.000000 -4.877532 -1.844892
55923 -1241443.608010 0.000000 -4.877532 -1.844892
56373 -1241443.608010 0.000000 -4.877532 -1.844892
56629 -1241443.608010 0.000000 -4.877532 -1.844893
54793 -1241443.608010 0.000000 -4.877532 -1.844892
6126 -1241443.964600 0.000000 -5.234122 -2.201482
5862 -1241443.964599 0.000000 -5.234122 -2.201482
5413 -1241443.964600 0.000000 -5.234122 -2.201482
5151 -1241443.964599 0.000000 -5.234122 -2.201482
4703 -1241443.964599 0.000000 -5.234121 -2.201482
4463 -1241443.964599 0.000000 -5.234121 -2.201482
23664 -1241443.964600 0.000000 -5.234122 -2.201482
23402 -1241443.964601 0.000000 -5.234123 -2.201483
22954 -1241443.964606 0.000000 -5.234128 -2.201488
22692 -1241443.964631 0.000000 -5.234154 -2.201514
22243 -1241443.964777 0.000000 -5.234299 -2.201659
22000 -1241443.965349 0.000000 -5.234871 -2.202232
21849 -1241444.072658 0.000000 -5.342180 -2.309540
40946 -1241444.071929 0.000000 -5.341451 -2.308812
180378 -1241443.964626 0.000000 -5.234148 -2.201509
180115 -1241443.964603 0.000000 -5.234125 -2.201485
40274 -1241443.964600 0.000000 -5.234122 -2.201482
40020 -1241443.964599 0.000000 -5.234121 -2.201482
39566 -1241443.964599 0.000000 -5.234121 -2.201482
58900 -1241443.964599 0.000000 -5.234122 -2.201482
58524 -1241443.964599 0.000000 -5.234122 -2.201482
58262 -1241443.964599 0.000000 -5.234122 -2.201482
57811 -1241443.964600 0.000000 -5.234122 -2.201482
57548 -1241443.964600 0.000000 -5.234122 -2.201482
57100 -1241443.964600 0.000000 -5.234122 -2.201482
56891 -1241443.964599 0.000000 -5.234122 -2.201482
6125 -1241443.762188 0.000000 -5.031710 -1.999070
5676 -1241443.762188 0.000000 -5.031710 -1.999070
5412 -1241443.762188 0.000000 -5.031710 -1.999070
4966 -1241443.762188 0.000000 -5.031710 -1.999070
4702 -1241443.762188 0.000000 -5.031710 -1.999070
4381 -1241443.762188 0.000000 -5.031710 -1.999070
23663 -1241443.762188 0.000000 -5.031710 -1.999070
23218 -1241443.762188 0.000000 -5.031710 -1.999070
22953 -1241443.762190 0.000000 -5.031712 -1.999072
162387 -1241443.970470 0.000000 -5.239993 -2.207353
162122 -1241443.970567 0.000000 -5.240089 -2.207449
22291 -1241443.971091 0.000000 -5.240613 -2.207973
22066 -1241443.762882 0.000000 -5.032404 -1.999764
41242 -1241443.762309 0.000000 -5.031831 -1.999191
40993 -1241443.762210 0.000000 -5.031732 -1.999092
40537 -1241443.762193 0.000000 -5.031715 -1.999075
40273 -1241443.762189 0.000000 -5.031711 -1.999072
39824 -1241443.762188 0.000000 -5.031710 -1.999071
39565 -1241443.762188 0.000000 -5.031710 -1.999070
58782 -1241443.762188 0.000000 -5.031710 -1.999070
58523 -1241443.762188 0.000000 -5.031710 -1.999070
58076 -1241443.762188 0.000000 -5.031710 -1.999070
57810 -1241443.762188 0.000000 -5.031710 -1.999070
57363 -1241443.762188 0.000000 -5.031710 -1.999070
57099 -1241443.762188 0.000000 -5.031710 -1.999070
56825 -1241443.762188 0.000000 -5.031710 -1.999070
6270 -1241444.069739 0.000000 -5.339261 -2.306621
5827 -1241444.069739 0.000000 -5.339261 -2.306621
5561 -1241444.069739 0.000000 -5.339261 -2.306621
5116 -1241444.069739 0.000000 -5.339261 -2.306621
4851 -1241444.069739 0.000000 -5.339261 -2.306621
4443 -1241444.069739 0.000000 -5.339261 -2.306621
23809 -1241444.069739 0.000000 -5.339261 -2.306621
23367 -1241444.069739 0.000000 -5.339261 -2.306621
23103 -1241444.069738 0.000000 -5.339260 -2.306621
22657 -1241444.069728 0.000000 -5.339251 -2.306611
22393 -1241444.069665 0.000000 -5.339187 -2.306547
21965 -1241444.069753 0.000000 -5.339276 -2.306636
21854 -1241444.078472 0.000000 -5.347994 -2.315354
40911 -1241444.078607 0.000000 -5.348129 -2.315489
40647 -1241444.078590 0.000000 -5.348112 -2.315473
40200 -1241444.078585 0.000000 -5.348107 -2.315467
39934 -1241444.078584 0.000000 -5.348106 -2.315467
39509 -1241444.078584 0.000000 -5.348106 -2.315466
39350 -1241444.078584 0.000000 -5.348106 -2.315466
198330 -1241444.069739 0.000000 -5.339261 -2.306621
198066 -1241444.069739 0.000000 -5.339261 -2.306621
58235 -1241444.069739 0.000000 -5.339261 -2.306621
57989 -1241444.069739 0.000000 -5.339261 -2.306621
57513 -1241444.069739 0.000000 -5.339261 -2.306621
57258 -1241444.069739 0.000000 -5.339261 -2.306621
56890 -1241444.069739 0.000000 -5.339261 -2.306621
6271 -1241444.118520 0.000000 -5.388042 -2.355402
6021 -1241444.118520 0.000000 -5.388042 -2.355402
5562 -1241444.118520 0.000000 -5.388042 -2.355402
5299 -1241444.118520 0.000000 -5.388042 -2.355402
4852 -1241444.118520 0.000000 -5.388042 -2.355402
4593 -1241444.118520 0.000000 -5.388042 -2.355402
23810 -1241444.118520 0.000000 -5.388042 -2.355402
23550 -1241444.118521 0.000000 -5.388043 -2.355403
23104 -1241444.118521 0.000000 -5.388043 -2.355403
22840 -1241444.118515 0.000000 -5.388037 -2.355397
22394 -1241444.118465 0.000000 -5.387987 -2.355347
22129 -1241444.118625 0.000000 -5.388147 -2.355507
41352 -1241444.112239 0.000000 -5.381761 -2.349121
41095 -1241444.112272 0.000000 -5.381794 -2.349155
40648 -1241444.112288 0.000000 -5.381810 -2.349170
40385 -1241444.112290 0.000000 -5.381812 -2.349172
39935 -1241444.112290 0.000000 -5.381812 -2.349173
39671 -1241444.112291 0.000000 -5.381813 -2.349173
39351 -1241444.112291 0.000000 -5.381813 -2.349173
58635 -1241444.112291 0.000000 -5.381813 -2.349173
58187 -1241444.112291 0.000000 -5.381813 -2.349173
57922 -1241444.112291 0.000000 -5.381813 -2.349173
57473 -1241444.112291 0.000000 -5.381813 -2.349173
57211 -1241444.112291 0.000000 -5.381813 -2.349173
56880 -1241444.112291 0.000000 -5.381813 -2.349173
216057 -1241444.118520 0.000000 -5.388042 -2.355402
5974 -1241444.508810 0.000000 -5.778332 -2.745692
5711 -1241444.508810 0.000000 -5.778332 -2.745692
5262 -1241444.508810 0.000000 -5.778332 -2.745692
5001 -1241444.508810 0.000000 -5.778332 -2.745692
144452 -1241444.512241 0.000000 -5.781763 -2.749123
144286 -1241444.512241 0.000000 -5.781763 -2.749123
23933 -1241444.512241 0.000000 -5.781763 -2.749123
23743 -1241444.512240 0.000000 -5.781762 -2.749122
23290 -1241444.512235 0.000000 -5.781757 -2.749117
23028 -1241444.512218 0.000000 -5.781740 -2.749101
22580 -1241444.512150 0.000000 -5.781672 -2.749032
22318 -1241444.511779 0.000000 -5.781301 -2.748661
21921 -1241444.508546 0.000000 -5.778068 -2.745429
41277 -1241444.508762 0.000000 -5.778285 -2.745645
40834 -1241444.508799 0.000000 -5.778321 -2.745681
40572 -1241444.508807 0.000000 -5.778329 -2.745689
40123 -1241444.508809 0.000000 -5.778331 -2.745691
39859 -1241444.508810 0.000000 -5.778332 -2.745692
39433 -1241444.508810 0.000000 -5.778332 -2.745692
58817 -1241444.508810 0.000000 -5.778332 -2.745692
58374 -1241444.508810 0.000000 -5.778332 -2.745692
58111 -1241444.508810 0.000000 -5.778332 -2.745692
57660 -1241444.508810 0.000000 -5.778332 -2.745692
57398 -1241444.508810 0.000000 -5.778332 -2.745692
56971 -1241444.508810 0.000000 -5.778332 -2.745692
56828 -1241444.508810 0.000000 -5.778332 -2.745692
6164 -1241445.592565 0.000000 -6.862087 -3.829447
5900 -1241445.592565 0.000000 -6.862087 -3.829447
5451 -1241445.592565 0.000000 -6.862087 -3.829447
5189 -1241445.592565 0.000000 -6.862087 -3.829447
4741 -1241445.592565 0.000000 -6.862087 -3.829447
4499 -1241445.592565 0.000000 -6.862087 -3.829447
23702 -1241445.592565 0.000000 -6.862087 -3.829447
23440 -1241445.592564 0.000000 -6.862086 -3.829447
22991 -1241445.592563 0.000000 -6.862085 -3.829446
22730 -1241445.592559 0.000000 -6.862081 -3.829441
22280 -1241445.592537 0.000000 -6.862059 -3.829420
22038 -1241445.592416 0.000000 -6.861938 -3.829298
22070 -1241445.592596 0.000000 -6.862118 -3.829478
41409 -1241445.592570 0.000000 -6.862092 -3.829453
41022 -1241445.592565 0.000000 -6.862087 -3.829448
40760 -1241445.592565 0.000000 -6.862087 -3.829447
40312 -1241445.592565 0.000000 -6.862087 -3.829447
40049 -1241445.592565 0.000000 -6.862087 -3.829447
39598 -1241445.592565 0.000000 -6.862087 -3.829447
58938 -1241445.592565 0.000000 -6.862087 -3.829447
58562 -1241445.592565 0.000000 -6.862087 -3.829447
58300 -1241445.592565 0.000000 -6.862087 -3.829447
57849 -1241445.592565 0.000000 -6.862087 -3.829447
57586 -1241445.592565 0.000000 -6.862087 -3.829447
57138 -1241445.592565 0.000000 -6.862087 -3.829447
56904 -1241445.592565 0.000000 -6.862087 -3.829447
6308 -1241444.509478 0.000000 -5.779000 -2.746360
5865 -1241444.509478 0.000000 -5.779000 -2.746360
5599 -1241444.509478 0.000000 -5.779000 -2.746360
5154 -1241444.509478 0.000000 -5.779000 -2.746360
4889 -1241444.509478 0.000000 -5.779000 -2.746360
4466 -1241444.509478 0.000000 -5.779000 -2.746361
23847 -1241444.509479 0.000000 -5.779001 -2.746361
23405 -1241444.509481 0.000000 -5.779003 -2.746363
23141 -1241444.509483 0.000000 -5.779005 -2.746366
22695 -1241444.509488 0.000000 -5.779010 -2.746370
22431 -1241444.509503 0.000000 -5.779025 -2.746385
22003 -1241444.509559 0.000000 -5.779081 -2.746441
21857 -1241444.078110 0.000000 -5.347632 -2.314992
40949 -1241444.077989 0.000000 -5.347511 -2.314871
40685 -1241444.078000 0.000000 -5.347522 -2.314883
40237 -1241444.077999 0.000000 -5.347521 -2.314881
39972 -1241444.077995 0.000000 -5.347518 -2.314878
179902 -1241444.077993 0.000000 -5.347515 -2.314876
39775 -1241444.509477 0.000000 -5.778999 -2.746360
58903 -1241444.509478 0.000000 -5.779000 -2.746360
58715 -1241444.509478 0.000000 -5.779000 -2.746360
58265 -1241444.509478 0.000000 -5.779000 -2.746360
57999 -1241444.509478 0.000000 -5.779000 -2.746360
57551 -1241444.509478 0.000000 -5.779000 -2.746360
57286 -1241444.509478 0.000000 -5.779000 -2.746360
56894 -1241444.509478 0.000000 -5.779000 -2.746360
6309 -1241444.150344 0.000000 -5.419866 -2.387226
6050 -1241444.150344 0.000000 -5.419866 -2.387226
5600 -1241444.150344 0.000000 -5.419866 -2.387226
5337 -1241444.150344 0.000000 -5.419866 -2.387226
4890 -1241444.150344 0.000000 -5.419866 -2.387226
4627 -1241444.150344 0.000000 -5.419866 -2.387226
23848 -1241444.150343 0.000000 -5.419865 -2.387225
23588 -1241444.150341 0.000000 -5.419863 -2.387224
23142 -1241444.150336 0.000000 -5.419858 -2.387218
22878 -1241444.150319 0.000000 -5.419841 -2.387201
22432 -1241444.150332 0.000000 -5.419854 -2.387215
22167 -1241444.150922 0.000000 -5.420444 -2.387804
21858 -1241444.111565 0.000000 -5.381087 -2.348447
41133 -1241444.111556 0.000000 -5.381078 -2.348438
40686 -1241444.111544 0.000000 -5.381066 -2.348426
40423 -1241444.111529 0.000000 -5.381051 -2.348411
39973 -1241444.111521 0.000000 -5.381043 -2.348404
39709 -1241444.111518 0.000000 -5.381040 -2.348400
39379 -1241444.111517 0.000000 -5.381039 -2.348399
58673 -1241444.111517 0.000000 -5.381039 -2.348399
58224 -1241444.111517 0.000000 -5.381039 -2.348399
57960 -1241444.111516 0.000000 -5.381038 -2.348399
197880 -1241444.111516 0.000000 -5.381039 -2.348399
57744 -1241444.150344 0.000000 -5.419866 -2.387226
57287 -1241444.150344 0.000000 -5.419866 -2.387226
57038 -1241444.150344 0.000000 -5.419866 -2.387226
5973 -1241444.505377 0.000000 -5.774899 -2.742259
6023 -1241444.513652 0.000000 -5.783174 -2.750534
5777 -1241444.513652 0.000000 -5.783174 -2.750534
5302 -1241444.513652 0.000000 -5.783174 -2.750534
5048 -1241444.513652 0.000000 -5.783174 -2.750534
4596 -1241444.513651 0.000000 -5.783173 -2.750534
23932 -1241444.513651 0.000000 -5.783173 -2.750534
23553 -1241444.513652 0.000000 -5.783174 -2.750534
23289 -1241444.513655 0.000000 -5.783177 -2.750537
22843 -1241444.513665 0.000000 -5.783187 -2.750547
22579 -1241444.513705 0.000000 -5.783227 -2.750588
22132 -1241444.513668 0.000000 -5.783190 -2.750550
21920 -1241444.505463 0.000000 -5.774985 -2.742345
41098 -1241444.505481 0.000000 -5.775003 -2.742364
40833 -1241444.505415 0.000000 -5.774938 -2.742298
40388 -1241444.505389 0.000000 -5.774911 -2.742271
40122 -1241444.505380 0.000000 -5.774902 -2.742263
39674 -1241444.505378 0.000000 -5.774900 -2.742260
39432 -1241444.505377 0.000000 -5.774899 -2.742259
58638 -1241444.505377 0.000000 -5.774899 -2.742259
58373 -1241444.505377 0.000000 -5.774899 -2.742259
57925 -1241444.505377 0.000000 -5.774899 -2.742259
57659 -1241444.505377 0.000000 -5.774899 -2.742259
57214 -1241444.505377 0.000000 -5.774899 -2.742259
56970 -1241444.505377 0.000000 -5.774899 -2.742259
56820 -1241444.505377 0.000000 -5.774899 -2.742259
6163 -1241444.361348 0.000000 -5.630870 -2.598230
5714 -1241444.361347 0.000000 -5.630869 -2.598230
5450 -1241444.361347 0.000000 -5.630869 -2.598230
5004 -1241444.361348 0.000000 -5.630870 -2.598230
4740 -1241444.361347 0.000000 -5.630869 -2.598230
4408 -1241444.361347 0.000000 -5.630869 -2.598230
23701 -1241444.361347 0.000000 -5.630869 -2.598230
163625 -1241444.361348 0.000000 -5.630870 -2.598230
23504 -1241443.970211 0.000000 -5.239733 -2.207094
23031 -1241443.970188 0.000000 -5.239710 -2.207070
22776 -1241443.970126 0.000000 -5.239648 -2.207008
22321 -1241443.969914 0.000000 -5.239436 -2.206796
22069 -1241444.361974 0.000000 -5.631496 -2.598856
41280 -1241444.361464 0.000000 -5.630986 -2.598346
41021 -1241444.361378 0.000000 -5.630900 -2.598260
40575 -1241444.361356 0.000000 -5.630878 -2.598239
40311 -1241444.361350 0.000000 -5.630872 -2.598232
39862 -1241444.361348 0.000000 -5.630870 -2.598230
39597 -1241444.361347 0.000000 -5.630870 -2.598230
58820 -1241444.361347 0.000000 -5.630869 -2.598230
58561 -1241444.361347 0.000000 -5.630870 -2.598230
58114 -1241444.361347 0.000000 -5.630870 -2.598230
57848 -1241444.361347 0.000000 -5.630869 -2.598230
57401 -1241444.361348 0.000000 -5.630870 -2.598230
57137 -1241444.361347 0.000000 -5.630869 -2.598230
56831 -1241444.361347 0.000000 -5.630870 -2.598230
6201 -1241443.445935 0.000000 -4.715457 -1.682817
5751 -1241443.445935 0.000000 -4.715457 -1.682817
5488 -1241443.445935 0.000000 -4.715457 -1.682817
5535 -1241443.448419 0.000000 -4.717941 -1.685302
5290 -1241443.448420 0.000000 -4.717942 -1.685302
4817 -1241443.448420 0.000000 -4.717942 -1.685302
4582 -1241443.448421 0.000000 -4.717943 -1.685303
23775 -1241443.448424 0.000000 -4.717946 -1.685306
23514 -1241443.448431 0.000000 -4.717953 -1.685313
23069 -1241443.448444 0.000000 -4.717967 -1.685327
22804 -1241443.448444 0.000000 -4.717966 -1.685326
22359 -1241443.448352 0.000000 -4.717874 -1.685234
22094 -1241443.445900 0.000000 -4.715422 -1.682782
41318 -1241443.446147 0.000000 -4.715669 -1.683029
41059 -1241443.446005 0.000000 -4.715527 -1.682887
40613 -1241443.445958 0.000000 -4.715480 -1.682840
40349 -1241443.445942 0.000000 -4.715464 -1.682825
39900 -1241443.445937 0.000000 -4.715459 -1.682819
39635 -1241443.445936 0.000000 -4.715458 -1.682818
39343 -1241443.445935 0.000000 -4.715457 -1.682817
58599 -1241443.445935 0.000000 -4.715457 -1.682817
58152 -1241443.445935 0.000000 -4.715457 -1.682817
57886 -1241443.445935 0.000000 -4.715457 -1.682817
57439 -1241443.445935 0.000000 -4.715457 -1.682817
57175 -1241443.445935 0.000000 -4.715457 -1.682817
56850 -1241443.445935 0.000000 -4.715457 -1.682817
6202 -1241443.610243 0.000000 -4.879765 -1.847126
5937 -1241443.610243 0.000000 -4.879765 -1.847126
5489 -1241443.610243 0.000000 -4.879766 -1.847126
5226 -1241443.610243 0.000000 -4.879765 -1.847126
4778 -1241443.610243 0.000000 -4.879765 -1.847125
4536 -1241443.610243 0.000000 -4.879765 -1.847125
4366 -1241443.610243 0.000000 -4.879765 -1.847125
23477 -1241443.610242 0.000000 -4.879764 -1.847124
23515 -1241443.484995 0.000000 -4.754517 -1.721877
23262 -1241443.484995 0.000000 -4.754518 -1.721878
22805 -1241443.484994 0.000000 -4.754516 -1.721877
22543 -1241443.485175 0.000000 -4.754697 -1.722058
22095 -1241443.612739 0.000000 -4.882261 -1.849621
41437 -1241443.610603 0.000000 -4.880125 -1.847485
41060 -1241443.610337 0.000000 -4.879859 -1.847219
40797 -1241443.610271 0.000000 -4.879794 -1.847154
40350 -1241443.610252 0.000000 -4.879774 -1.847134
40086 -1241443.610246 0.000000 -4.879768 -1.847128
39636 -1241443.610244 0.000000 -4.879766 -1.847126
39411 -1241443.610243 0.000000 -4.879766 -1.847126
58600 -1241443.610243 0.000000 -4.879766 -1.847126
58337 -1241443.610243 0.000000 -4.879765 -1.847126
57887 -1241443.610244 0.000000 -4.879766 -1.847126
57623 -1241443.610243 0.000000 -4.879766 -1.847126
57176 -1241443.610243 0.000000 -4.879765 -1.847126
56934 -1241443.610243 0.000000 -4.879766 -1.847126
6468 -1241443.429153 0.000000 -4.698676 -1.666036
6272 -1241443.429153 0.000000 -4.698676 -1.666036
5826 -1241443.429153 0.000000 -4.698676 -1.666036
5563 -1241443.429153 0.000000 -4.698675 -1.666036
5115 -1241443.429153 0.000000 -4.698676 -1.666036
4853 -1241443.429154 0.000000 -4.698676 -1.666036
4442 -1241443.429154 0.000000 -4.698676 -1.666036
23811 -1241443.429155 0.000000 -4.698678 -1.666038
23366 -1241443.429160 0.000000 -4.698682 -1.666042
23105 -1241443.429172 0.000000 -4.698694 -1.666054
22656 -1241443.429198 0.000000 -4.698720 -1.666080
22395 -1241443.429015 0.000000 -4.698538 -1.665898
21964 -1241443.433225 0.000000 -4.702747 -1.670107
41353 -1241443.433906 0.000000 -4.703428 -1.670788
40910 -1241443.433860 0.000000 -4.703382 -1.670742
40649 -1241443.433838 0.000000 -4.703360 -1.670720
40199 -1241443.433830 0.000000 -4.703352 -1.670712
39936 -1241443.433826 0.000000 -4.703348 -1.670709
39508 -1241443.433825 0.000000 -4.703347 -1.670708
39352 -1241443.433825 0.000000 -4.703347 -1.670707
58449 -1241443.433825 0.000000 -4.703347 -1.670707
58188 -1241443.433825 0.000000 -4.703347 -1.670707
57735 -1241443.433825 0.000000 -4.703347 -1.670707
57474 -1241443.433825 0.000000 -4.703347 -1.670707
57512 -1241443.429153 0.000000 -4.698675 -1.666036
57259 -1241443.429153 0.000000 -4.698675 -1.666036
6467 -1241443.445404 0.000000 -4.714926 -1.682286
6091 -1241443.445404 0.000000 -4.714926 -1.682287
5825 -1241443.445404 0.000000 -4.714926 -1.682286
5378 -1241443.445404 0.000000 -4.714926 -1.682286
5114 -1241443.445404 0.000000 -4.714926 -1.682286
4668 -1241443.445404 0.000000 -4.714926 -1.682286
4441 -1241443.445404 0.000000 -4.714926 -1.682287
23629 -1241443.445405 0.000000 -4.714928 -1.682288
23365 -1241443.445410 0.000000 -4.714932 -1.682292
22919 -1241443.445423 0.000000 -4.714945 -1.682305
22655 -1241443.445481 0.000000 -4.715003 -1.682363
22208 -1241443.445962 0.000000 -4.715484 -1.682844
21963 -1241443.439042 0.000000 -4.708565 -1.675925
41174 -1241443.439930 0.000000 -4.709452 -1.676813
40909 -1241443.439888 0.000000 -4.709410 -1.676770
40464 -1241443.439883 0.000000 -4.709405 -1.676766
40198 -1241443.439880 0.000000 -4.709402 -1.676762
39749 -1241443.439878 0.000000 -4.709400 -1.676760
39507 -1241443.439877 0.000000 -4.709399 -1.676759
39555 -1241443.445404 0.000000 -4.714926 -1.682286
58891 -1241443.445404 0.000000 -4.714926 -1.682286
58489 -1241443.445404 0.000000 -4.714926 -1.682286
58234 -1241443.445404 0.000000 -4.714926 -1.682286
57776 -1241443.445404 0.000000 -4.714926 -1.682286
57511 -1241443.445404 0.000000 -4.714926 -1.682286
57066 -1241443.445404 0.000000 -4.714926 -1.682287
6383 -1241443.462841 0.000000 -4.732363 -1.699723
6127 -1241443.462841 0.000000 -4.732363 -1.699723
5675 -1241443.462841 0.000000 -4.732363 -1.699723
5414 -1241443.462841 0.000000 -4.732363 -1.699723
4965 -1241443.462841 0.000000 -4.732363 -1.699723
4704 -1241443.462841 0.000000 -4.732363 -1.699723
4380 -1241443.462841 0.000000 -4.732363 -1.699723
23665 -1241443.462840 0.000000 -4.732362 -1.699723
23217 -1241443.462840 0.000000 -4.732362 -1.699722
22955 -1241443.462841 0.000000 -4.732363 -1.699723
22506 -1241443.462846 0.000000 -4.732369 -1.699729
22244 -1241443.463018 0.000000 -4.732541 -1.699901
21910 -1241443.453744 0.000000 -4.723266 -1.690626
41208 -1241443.442653 0.000000 -4.712175 -1.679535
41241 -1241443.462846 0.000000 -4.732368 -1.699728
40994 -1241443.462838 0.000000 -4.732360 -1.699720
40536 -1241443.462838 0.000000 -4.732360 -1.699721
40275 -1241443.462840 0.000000 -4.732362 -1.699722
39823 -1241443.462840 0.000000 -4.732362 -1.699723
39567 -1241443.462841 0.000000 -4.732363 -1.699723
58781 -1241443.462841 0.000000 -4.732363 -1.699723
58525 -1241443.462841 0.000000 -4.732363 -1.699723
58075 -1241443.462841 0.000000 -4.732363 -1.699723
57812 -1241443.462841 0.000000 -4.732363 -1.699723
57362 -1241443.462841 0.000000 -4.732363 -1.699723
57101 -1241443.462841 0.000000 -4.732363 -1.699723
126764 -1241443.442258 0.000000 -4.711780 -1.679140
5940 -1241443.442258 0.000000 -4.711780 -1.679140
5674 -1241443.442258 0.000000 -4.711780 -1.679140
5229 -1241443.442258 0.000000 -4.711780 -1.679140
4964 -1241443.442257 0.000000 -4.711780 -1.679140
4539 -1241443.442257 0.000000 -4.711779 -1.679140
4379 -1241443.442257 0.000000 -4.711779 -1.679139
23479 -1241443.442255 0.000000 -4.711777 -1.679138
23216 -1241443.442253 0.000000 -4.711775 -1.679135
23264 -1241443.423889 0.000000 -4.693411 -1.660771
23019 -1241443.423897 0.000000 -4.693419 -1.660779
22546 -1241443.424044 0.000000 -4.693566 -1.660926
22290 -1241443.431613 0.000000 -4.701135 -1.668495
21919 -1241443.442550 0.000000 -4.712072 -1.679432
41240 -1241443.442321 0.000000 -4.711843 -1.679203
40800 -1241443.442275 0.000000 -4.711797 -1.679157
40535 -1241443.442262 0.000000 -4.711784 -1.679144
40089 -1241443.442259 0.000000 -4.711781 -1.679141
39822 -1241443.442258 0.000000 -4.711780 -1.679140
39414 -1241443.442258 0.000000 -4.711780 -1.679140
58780 -1241443.442258 0.000000 -4.711780 -1.679140
58340 -1241443.442258 0.000000 -4.711780 -1.679140
58074 -1241443.442258 0.000000 -4.711780 -1.679140
57626 -1241443.442258 0.000000 -4.711780 -1.679140
57361 -1241443.442258 0.000000 -4.711780 -1.679140
56937 -1241443.442258 0.000000 -4.711780 -1.679140
126759 -1241443.359459 0.000000 -4.628981 -1.596341
5975 -1241443.359458 0.000000 -4.628980 -1.596341
5524 -1241443.359458 0.000000 -4.628980 -1.596341
5263 -1241443.359458 0.000000 -4.628980 -1.596340
5301 -1241443.366799 0.000000 -4.636321 -1.603682
5049 -1241443.366800 0.000000 -4.636322 -1.603682
4595 -1241443.366801 0.000000 -4.636323 -1.603684
23934 -1241443.366805 0.000000 -4.636327 -1.603688
23552 -1241443.366815 0.000000 -4.636337 -1.603697
23291 -1241443.366836 0.000000 -4.636358 -1.603718
22842 -1241443.366865 0.000000 -4.636387 -1.603747
22581 -1241443.366828 0.000000 -4.636350 -1.603710
22131 -1241443.363931 0.000000 -4.633454 -1.600814
21922 -1241443.359726 0.000000 -4.629248 -1.596608
41097 -1241443.359630 0.000000 -4.629153 -1.596513
40835 -1241443.359531 0.000000 -4.629053 -1.596413
40387 -1241443.359485 0.000000 -4.629007 -1.596367
40124 -1241443.359467 0.000000 -4.628989 -1.596350
39673 -1241443.359461 0.000000 -4.628983 -1.596343
39434 -1241443.359459 0.000000 -4.628981 -1.596341
58637 -1241443.359459 0.000000 -4.628981 -1.596341
58375 -1241443.359458 0.000000 -4.628980 -1.596341
57924 -1241443.359458 0.000000 -4.628980 -1.596340
57661 -1241443.359458 0.000000 -4.628980 -1.596341
57213 -1241443.359458 0.000000 -4.628980 -1.596340
56972 -1241443.359458 0.000000 -4.628980 -1.596341
6275 -1241442.928134 0.000000 -4.197656 -1.165016
6022 -1241442.928134 0.000000 -4.197656 -1.165016
5566 -1241442.928135 0.000000 -4.197657 -1.165017
5300 -1241442.928134 0.000000 -4.197656 -1.165016
4856 -1241442.928135 0.000000 -4.197657 -1.165017
4594 -1241442.928137 0.000000 -4.197659 -1.165019
23814 -1241442.928142 0.000000 -4.197664 -1.165024
23551 -1241442.928154 0.000000 -4.197676 -1.165037
23108 -1241442.928185 0.000000 -4.197708 -1.165068
22841 -1241442.928237 0.000000 -4.197759 -1.165119
22398 -1241442.927988 0.000000 -4.197510 -1.164870
22130 -1241442.928859 0.000000 -4.198381 -1.165741
21855 -1241442.916954 0.000000 -4.186476 -1.153837
41096 -1241442.917103 0.000000 -4.186625 -1.153985
40652 -1241442.917142 0.000000 -4.186664 -1.154025
40386 -1241442.917143 0.000000 -4.186665 -1.154026
39939 -1241442.917140 0.000000 -4.186662 -1.154022
39672 -1241442.917137 0.000000 -4.186659 -1.154019
39355 -1241442.917135 0.000000 -4.186657 -1.154017
58636 -1241442.917135 0.000000 -4.186657 -1.154018
58191 -1241442.917135 0.000000 -4.186657 -1.154017
57923 -1241442.917135 0.000000 -4.186657 -1.154017
57476 -1241442.917135 0.000000 -4.186657 -1.154017
57212 -1241442.917134 0.000000 -4.186656 -1.154016
57261 -1241442.928134 0.000000 -4.197656 -1.165016
57036 -1241442.928135 0.000000 -4.197657 -1.165017
6310 -1241442.934662 0.000000 -4.204184 -1.171545
5864 -1241442.934662 0.000000 -4.204185 -1.171545
5601 -1241442.934662 0.000000 -4.204184 -1.171545
5153 -1241442.934663 0.000000 -4.204185 -1.171545
4891 -1241442.934662 0.000000 -4.204184 -1.171544
4465 -1241442.934662 0.000000 -4.204185 -1.171545
23849 -1241442.934665 0.000000 -4.204187 -1.171547
23404 -1241442.934674 0.000000 -4.204196 -1.171556
23143 -1241442.934707 0.000000 -4.204229 -1.171589
22694 -1241442.934827 0.000000 -4.204349 -1.171710
22433 -1241442.935460 0.000000 -4.204982 -1.172342
22002 -1241442.930872 0.000000 -4.200394 -1.167755
21859 -1241442.871507 0.000000 -4.141029 -1.108389
40948 -1241442.871298 0.000000 -4.140820 -1.108180
40687 -1241442.871191 0.000000 -4.140713 -1.108073
40236 -1241442.871143 0.000000 -4.140665 -1.108025
39974 -1241442.871126 0.000000 -4.140648 -1.108008
39544 -1241442.871120 0.000000 -4.140642 -1.108002
39380 -1241442.871118 0.000000 -4.140640 -1.108000
58902 -1241442.934662 0.000000 -4.204184 -1.171545
58716 -1241442.934662 0.000000 -4.204185 -1.171545
58264 -1241442.934662 0.000000 -4.204184 -1.171545
58001 -1241442.934662 0.000000 -4.204185 -1.171545
57550 -1241442.934662 0.000000 -4.204184 -1.171545
57288 -1241442.934662 0.000000 -4.204184 -1.171545
56893 -1241442.934662 0.000000 -4.204184 -1.171545
6130 -1241443.378859 0.000000 -4.648381 -1.615741
5863 -1241443.378859 0.000000 -4.648381 -1.615741
5417 -1241443.378859 0.000000 -4.648381 -1.615741
5152 -1241443.378859 0.000000 -4.648381 -1.615741
4707 -1241443.378859 0.000000 -4.648381 -1.615741
4464 -1241443.378859 0.000000 -4.648381 -1.615741
23668 -1241443.378859 0.000000 -4.648381 -1.615742
23403 -1241443.378863 0.000000 -4.648385 -1.615745
22958 -1241443.378876 0.000000 -4.648398 -1.615759
22693 -1241443.378918 0.000000 -4.648440 -1.615801
22247 -1241443.379085 0.000000 -4.648607 -1.615968
22001 -1241443.383284 0.000000 -4.652806 -1.620166
21851 -1241442.870209 0.000000 -4.139731 -1.107091
40947 -1241442.869779 0.000000 -4.139301 -1.106662
40996 -1241443.378833 0.000000 -4.648355 -1.615715
40751 -1241443.378844 0.000000 -4.648366 -1.615726
40278 -1241443.378852 0.000000 -4.648374 -1.615734
40021 -1241443.378856 0.000000 -4.648378 -1.615738
39570 -1241443.378858 0.000000 -4.648380 -1.615740
58901 -1241443.378858 0.000000 -4.648381 -1.615741
58528 -1241443.378859 0.000000 -4.648381 -1.615741
58263 -1241443.378859 0.000000 -4.648381 -1.615741
57815 -1241443.378859 0.000000 -4.648381 -1.615741
57549 -1241443.378859 0.000000 -4.648381 -1.615741
57104 -1241443.378859 0.000000 -4.648381 -1.615741
56892 -1241443.378859 0.000000 -4.648381 -1.615741
6165 -1241442.977916 0.000000 -4.247438 -1.214798
5713 -1241442.977916 0.000000 -4.247438 -1.214798
5452 -1241442.977916 0.000000 -4.247438 -1.214798
5003 -1241442.977916 0.000000 -4.247438 -1.214798
4742 -1241442.977916 0.000000 -4.247438 -1.214798
4407 -1241442.977916 0.000000 -4.247438 -1.214798
23703 -1241442.977916 0.000000 -4.247438 -1.214799
23253 -1241442.977920 0.000000 -4.247442 -1.214802
22992 -1241442.977933 0.000000 -4.247455 -1.214816
23030 -1241442.848762 0.000000 -4.118284 -1.085644
22777 -1241442.848753 0.000000 -4.118275 -1.085635
22320 -1241442.852787 0.000000 -4.122309 -1.089669
22071 -1241442.978476 0.000000 -4.247998 -1.215359
41279 -1241442.978057 0.000000 -4.247580 -1.214940
41023 -1241442.977967 0.000000 -4.247489 -1.214850
40574 -1241442.977935 0.000000 -4.247457 -1.214817
40313 -1241442.977923 0.000000 -4.247445 -1.214805
39861 -1241442.977918 0.000000 -4.247440 -1.214800
39599 -1241442.977917 0.000000 -4.247439 -1.214799
58819 -1241442.977916 0.000000 -4.247438 -1.214799
58563 -1241442.977916 0.000000 -4.247438 -1.214798
58113 -1241442.977916 0.000000 -4.247438 -1.214798
57850 -1241442.977916 0.000000 -4.247438 -1.214799
57400 -1241442.977916 0.000000 -4.247438 -1.214799
57139 -1241442.977916 0.000000 -4.247438 -1.214798
56830 -1241442.977916 0.000000 -4.247438 -1.214799
5978 -1241443.255257 0.000000 -4.524779 -1.492140
5712 -1241443.255260 0.000000 -4.524782 -1.492142
5265 -1241443.255260 0.000000 -4.524782 -1.492143
5002 -1241443.255258 0.000000 -4.524780 -1.492140
144931 -1241443.255261 0.000000 -4.524783 -1.492143
4805 -1241444.432052 0.000000 -5.701574 -2.668935
23937 -1241444.432053 0.000000 -5.701575 -2.668936
23744 -1241444.432055 0.000000 -5.701577 -2.668937
23294 -1241444.432059 0.000000 -5.701581 -2.668941
23029 -1241444.432066 0.000000 -5.701588 -2.668948
22584 -1241444.432088 0.000000 -5.701610 -2.668971
22319 -1241444.432093 0.000000 -5.701615 -2.668975
21925 -1241443.255854 0.000000 -4.525376 -1.492737
41278 -1241443.255188 0.000000 -4.524710 -1.492071
40838 -1241443.255195 0.000000 -4.524717 -1.492077
40573 -1241443.255225 0.000000 -4.524747 -1.492107
40127 -1241443.255241 0.000000 -4.524763 -1.492123
39860 -1241443.255253 0.000000 -4.524775 -1.492135
39437 -1241443.255257 0.000000 -4.524779 -1.492140
58818 -1241443.255259 0.000000 -4.524781 -1.492141
58378 -1241443.255260 0.000000 -4.524782 -1.492142
58112 -1241443.255260 0.000000 -4.524782 -1.492142
57664 -1241443.255260 0.000000 -4.524782 -1.492142
57399 -1241443.255260 0.000000 -4.524782 -1.492142
56975 -1241443.255257 0.000000 -4.524779 -1.492139
56829 -1241443.255260 0.000000 -4.524782 -1.492142
