#ID      EIFS 	      EIPFS 	   FSbin        FSseg
605 -616815.130264 0.000000 -2.565068 0.466908
1064 -616815.131831 0.000000 -2.566635 0.465341
5359 -616815.173817 0.000000 -2.608622 0.423354
4937 -616815.178933 0.000000 -2.613738 0.418238
9192 -616815.125086 0.000000 -2.559891 0.472085
9725 -616815.132623 0.000000 -2.567427 0.464549
13992 -616815.173961 0.000000 -2.608765 0.423211
13537 -616815.178815 0.000000 -2.613620 0.418356
17781 -616815.126079 0.000000 -2.560884 0.471092
18358 -616815.130342 0.000000 -2.565146 0.466829
22600 -616815.133852 0.000000 -2.568656 0.463320
22844 -616815.368803 0.000000 -2.803608 0.228368
26387 -616815.126152 0.000000 -2.560956 0.471020
26964 -616815.130717 0.000000 -2.565522 0.466454
27168 -616815.131868 0.000000 -2.566672 0.465304
31530 -616815.173772 0.000000 -2.608577 0.423399
31018 -616815.133515 0.000000 -2.568319 0.463657
320 -616815.122139 0.000000 -2.556943 0.475033
892 -616815.119301 0.000000 -2.554105 0.477871
5130 -616815.120633 0.000000 -2.555437 0.476539
5428 -616815.172003 0.000000 -2.606807 0.425169
8941 -616815.167607 0.000000 -2.602411 0.429565
9491 -616815.117060 0.000000 -2.551864 0.480112
13712 -616815.120379 0.000000 -2.555183 0.476792
14113 -616815.172072 0.000000 -2.606876 0.425100
17560 -616815.166658 0.000000 -2.601462 0.430514
18079 -616815.115072 0.000000 -2.549876 0.482100
18369 -616815.118748 0.000000 -2.553552 0.478424
22789 -616815.168531 0.000000 -2.603335 0.428640
22146 -616815.163163 0.000000 -2.597967 0.434009
26665 -616815.115055 0.000000 -2.549859 0.482117
26980 -616815.119308 0.000000 -2.554112 0.477864
31439 -616815.120565 0.000000 -2.555369 0.476607
31547 -616815.177210 0.000000 -2.612014 0.419962
70618 -616816.344666 0.000000 -3.779470 -0.747494
625 -616815.122762 0.000000 -2.557566 0.474409
4848 -616815.125934 0.000000 -2.560738 0.471238
5383 -616815.125998 0.000000 -2.560803 0.471173
4929 -616815.200891 0.000000 -2.635695 0.396281
9217 -616815.128025 0.000000 -2.562829 0.469147
9515 -616815.125370 0.000000 -2.560174 0.471802
14020 -616815.125981 0.000000 -2.560786 0.471190
14117 -616815.200965 0.000000 -2.635770 0.396206
17812 -616815.170823 0.000000 -2.605627 0.426348
18112 -616815.121220 0.000000 -2.556024 0.475952
22633 -616815.128737 0.000000 -2.563541 0.468435
22827 -616815.171566 0.000000 -2.606370 0.425606
26421 -616815.170761 0.000000 -2.605565 0.426411
26708 -616815.122708 0.000000 -2.557512 0.474464
31225 -616815.125926 0.000000 -2.560730 0.471245
31487 -616815.125405 0.000000 -2.560209 0.471767
347 -616815.166940 0.000000 -2.601744 0.430232
638 -616815.121901 0.000000 -2.556705 0.475271
5160 -616815.125416 0.000000 -2.560221 0.471755
5398 -616815.127707 0.000000 -2.562511 0.469465
9749 -616815.213448 0.000000 -2.648252 0.383724
9235 -616815.129071 0.000000 -2.563875 0.468101
13745 -616815.125383 0.000000 -2.560187 0.471789
14041 -616815.127756 0.000000 -2.562560 0.469416
18413 -616815.206467 0.000000 -2.641272 0.390704
17835 -616815.171331 0.000000 -2.606136 0.425840
22326 -616815.122584 0.000000 -2.557389 0.474587
22659 -616815.126009 0.000000 -2.560813 0.471162
27066 -616815.206944 0.000000 -2.641748 0.390228
26437 -616815.170568 0.000000 -2.605373 0.426603
30906 -616815.121894 0.000000 -2.556699 0.475277
31255 -616815.125274 0.000000 -2.560078 0.471898
31409 -616815.174271 0.000000 -2.609075 0.422901
814 -616815.123023 0.000000 -2.557827 0.474149
1044 -616815.203051 0.000000 -2.637856 0.394120
4606 -616815.169830 0.000000 -2.604634 0.427342
4911 -616815.119150 0.000000 -2.553955 0.478021
5401 -616815.122919 0.000000 -2.557724 0.474252
9694 -616815.171147 0.000000 -2.605951 0.426025
9239 -616815.166152 0.000000 -2.600956 0.431020
13501 -616815.119163 0.000000 -2.553967 0.478009
14047 -616815.123101 0.000000 -2.557905 0.474070
18317 -616815.124843 0.000000 -2.559647 0.472328
18343 -616815.210257 0.000000 -2.645061 0.386915
22102 -616815.124304 0.000000 -2.559108 0.472867
22670 -616815.124602 0.000000 -2.559406 0.472570
26913 -616815.124866 0.000000 -2.559670 0.472306
27191 -616815.202533 0.000000 -2.637337 0.394639
30718 -616815.169848 0.000000 -2.604652 0.427324
31272 -616815.118989 0.000000 -2.553793 0.478183
604 -616815.401850 0.000000 -2.836654 0.195322
906 -616815.402891 0.000000 -2.837695 0.194281
5358 -616815.406365 0.000000 -2.841169 0.190807
5132 -616818.316963 0.000000 -5.751767 -2.719791
9191 -616815.445582 0.000000 -2.880387 0.151589
9511 -616815.404137 0.000000 -2.838941 0.193035
13991 -616815.406311 0.000000 -2.841115 0.190861
14135 -616818.316934 0.000000 -5.751739 -2.719763
17780 -616815.446256 0.000000 -2.881060 0.150915
18104 -616815.401491 0.000000 -2.836296 0.195680
22599 -616815.403287 0.000000 -2.838091 0.193885
22816 -616815.452821 0.000000 -2.887626 0.144350
26386 -616815.446231 0.000000 -2.881035 0.150940
26694 -616815.401801 0.000000 -2.836605 0.195370
31188 -616815.402935 0.000000 -2.837739 0.194237
31471 -616815.406285 0.000000 -2.841089 0.190887
31017 -616815.631779 0.000000 -3.066583 -0.034608
1043 -616818.412898 0.000000 -5.847702 -2.815726
641 -616815.442604 0.000000 -2.877408 0.154568
4910 -616815.396223 0.000000 -2.831028 0.200948
5403 -616815.396417 0.000000 -2.831221 0.200755
9693 -616815.406543 0.000000 -2.841348 0.190628
9242 -616815.488299 0.000000 -2.923103 0.108872
13500 -616815.396186 0.000000 -2.830991 0.200985
14050 -616815.396329 0.000000 -2.831133 0.200843
18316 -616815.401716 0.000000 -2.836521 0.195455
87715 -616816.535686 0.000000 -3.970490 -0.938515
22101 -616815.429412 0.000000 -2.864216 0.167760
22673 -616815.397908 0.000000 -2.832712 0.199264
26912 -616815.401646 0.000000 -2.836450 0.195526
27192 -616818.413238 0.000000 -5.848042 -2.816067
30717 -616815.442637 0.000000 -2.877442 0.154534
31275 -616815.396210 0.000000 -2.831014 0.200962
31501 -616815.400896 0.000000 -2.835701 0.196275
578 -616815.404355 0.000000 -2.839160 0.192816
1058 -616815.409397 0.000000 -2.844202 0.187774
5330 -616817.280576 0.000000 -4.715380 -1.683404
4928 -616815.446115 0.000000 -2.880920 0.151056
9161 -616815.405528 0.000000 -2.840332 0.191644
9714 -616815.408299 0.000000 -2.843103 0.188873
9195 -616817.279590 0.000000 -4.714394 -1.682418
13523 -616815.446083 0.000000 -2.880887 0.151089
13816 -616815.405553 0.000000 -2.840357 0.191619
18342 -616815.403418 0.000000 -2.838222 0.193754
18490 -616815.413592 0.000000 -2.848397 0.183579
22130 -616815.479274 0.000000 -2.914078 0.117898
22416 -616815.403136 0.000000 -2.837941 0.194035
26943 -616815.403283 0.000000 -2.838087 0.193889
27165 -616815.409452 0.000000 -2.844256 0.187720
101151 -616816.572912 0.000000 -4.007716 -0.975740
31013 -616815.446151 0.000000 -2.880956 0.151020
282 -616816.532818 0.000000 -3.967623 -0.935647
875 -616816.484203 0.000000 -3.919007 -0.887031
1067 -616816.524818 0.000000 -3.959622 -0.927647
5419 -616816.334251 0.000000 -3.769056 -0.737080
4940 -616816.618099 0.000000 -4.052903 -1.020927
9470 -616816.490028 0.000000 -3.924833 -0.892857
9728 -616816.518468 0.000000 -3.953273 -0.921297
14092 -616816.334710 0.000000 -3.769514 -0.737539
13540 -616816.617978 0.000000 -4.052782 -1.020806
18053 -616816.490084 0.000000 -3.924889 -0.892913
18361 -616816.483459 0.000000 -3.918263 -0.886288
22760 -616818.065080 0.000000 -5.499884 -2.467908
22141 -616816.745604 0.000000 -4.180408 -1.148432
26633 -616816.490429 0.000000 -3.925233 -0.893257
26967 -616816.483472 0.000000 -3.918277 -0.886301
31406 -616816.524917 0.000000 -3.959721 -0.927745
30747 -616817.795873 0.000000 -5.230677 -2.198702
607 -616816.529570 0.000000 -3.964374 -0.932398
905 -616816.522074 0.000000 -3.956878 -0.924902
5361 -616816.568452 0.000000 -4.003257 -0.971281
74843 -616817.848683 0.000000 -5.283488 -2.251512
9194 -616816.662405 0.000000 -4.097209 -1.065233
9510 -616816.529575 0.000000 -3.964379 -0.932403
13994 -616816.567917 0.000000 -4.002721 -0.970746
14134 -616816.498683 0.000000 -3.933487 -0.901511
17783 -616816.660924 0.000000 -4.095728 -1.063752
18103 -616816.528942 0.000000 -3.963746 -0.931770
22602 -616816.556190 0.000000 -3.990994 -0.959019
22815 -616816.337926 0.000000 -3.772730 -0.740754
22419 -616816.661687 0.000000 -4.096492 -1.064516
26693 -616816.529125 0.000000 -3.963929 -0.931953
27169 -616816.522138 0.000000 -3.956942 -0.924966
31470 -616816.568462 0.000000 -4.003266 -0.971290
31019 -616818.414817 0.000000 -5.849621 -2.817645
318 -616817.792008 0.000000 -5.226812 -2.194836
628 -616818.048595 0.000000 -5.483399 -2.451423
5128 -616818.037131 0.000000 -5.471935 -2.439960
5386 -616818.060851 0.000000 -5.495655 -2.463679
8939 -616816.588720 0.000000 -4.023524 -0.991548
9220 -616818.094091 0.000000 -5.528895 -2.496920
13711 -616818.037448 0.000000 -5.472252 -2.440276
14023 -616818.060793 0.000000 -5.495597 -2.463621
13524 -616816.504791 0.000000 -3.939596 -0.907620
17815 -616818.180830 0.000000 -5.615634 -2.583659
18367 -616818.045829 0.000000 -5.480633 -2.448657
22636 -616818.079807 0.000000 -5.514612 -2.482636
22420 -616816.498708 0.000000 -3.933512 -0.901536
26424 -616818.180940 0.000000 -5.615744 -2.583768
26978 -616818.048549 0.000000 -5.483353 -2.451377
31228 -616818.037263 0.000000 -5.472067 -2.440091
31545 -616818.062243 0.000000 -5.497047 -2.465071
988 -616816.347843 0.000000 -3.782647 -0.750671
362 -616818.220087 0.000000 -5.654891 -2.622916
908 -616818.090223 0.000000 -5.525027 -2.493052
5187 -616818.085189 0.000000 -5.519993 -2.488017
4659 -616818.466430 0.000000 -5.901235 -2.869259
8972 -616818.480916 0.000000 -5.915721 -2.883745
9516 -616818.090925 0.000000 -5.525729 -2.493753
13777 -616818.085156 0.000000 -5.519961 -2.487985
13995 -616818.466332 0.000000 -5.901136 -2.869160
88076 -616817.917794 0.000000 -5.352598 -2.320622
18114 -616818.220341 0.000000 -5.655145 -2.623169
22363 -616818.086852 0.000000 -5.521656 -2.489680
22829 -616818.060864 0.000000 -5.495669 -2.463693
27104 -616816.522530 0.000000 -3.957334 -0.925358
26710 -616818.219844 0.000000 -5.654648 -2.622672
30945 -616818.090273 0.000000 -5.525078 -2.493102
31489 -616818.085466 0.000000 -5.520270 -2.488294
851 -616818.058464 0.000000 -5.493269 -2.461293
1059 -616816.514793 0.000000 -3.949597 -0.917621
4643 -616818.219651 0.000000 -5.654455 -2.622479
5204 -616818.085224 0.000000 -5.520029 -2.488053
9440 -616818.080883 0.000000 -5.515687 -2.483712
9782 -616816.349661 0.000000 -3.784465 -0.752489
13256 -616818.219941 0.000000 -5.654745 -2.622769
13799 -616818.085169 0.000000 -5.519974 -2.487998
14054 -616818.080626 0.000000 -5.515431 -2.483455
18469 -616818.463548 0.000000 -5.898353 -2.866377
17845 -616818.466165 0.000000 -5.900969 -2.868993
22390 -616818.087359 0.000000 -5.522163 -2.490187
22681 -616818.083060 0.000000 -5.517864 -2.485888
27134 -616818.463420 0.000000 -5.898224 -2.866248
96576 -616817.895493 0.000000 -5.330298 -2.298322
30977 -616818.219687 0.000000 -5.654492 -2.622516
31287 -616818.085167 0.000000 -5.519971 -2.487995
1021 -616816.509029 0.000000 -3.943833 -0.911858
636 -616818.218507 0.000000 -5.653311 -2.621336
4885 -616818.086633 0.000000 -5.521437 -2.489461
5396 -616818.081929 0.000000 -5.516734 -2.484758
9667 -616818.462544 0.000000 -5.897348 -2.865373
9233 -616817.806243 0.000000 -5.241047 -2.209071
13470 -616818.086650 0.000000 -5.521454 -2.489478
14039 -616818.081810 0.000000 -5.516614 -2.484638
18284 -616818.462331 0.000000 -5.897135 -2.865159
17833 -616817.914285 0.000000 -5.349089 -2.317113
22067 -616818.134449 0.000000 -5.569254 -2.537278
22657 -616818.082704 0.000000 -5.517509 -2.485533
22835 -616818.461482 0.000000 -5.896286 -2.864310
27182 -616816.515627 0.000000 -3.950431 -0.918455
26718 -616818.218548 0.000000 -5.653353 -2.621377
31253 -616818.086784 0.000000 -5.521589 -2.489613
31500 -616818.077209 0.000000 -5.512014 -2.480038
544 -616818.160380 0.000000 -5.595185 -2.563209
1042 -616818.538760 0.000000 -5.973564 -2.941588
322 -616816.560898 0.000000 -3.995702 -0.963726
4909 -616818.228710 0.000000 -5.663514 -2.631538
5213 -616818.164787 0.000000 -5.599591 -2.567615
9692 -616818.153484 0.000000 -5.588288 -2.556312
9442 -616816.555930 0.000000 -3.990734 -0.958758
13499 -616818.228656 0.000000 -5.663460 -2.631485
13813 -616818.164514 0.000000 -5.599318 -2.567342
18315 -616818.157066 0.000000 -5.591870 -2.559894
18485 -616818.539764 0.000000 -5.974568 -2.942592
22100 -616817.787245 0.000000 -5.222049 -2.190073
22409 -616818.173038 0.000000 -5.607842 -2.575867
26911 -616818.156912 0.000000 -5.591716 -2.559741
27155 -616818.539794 0.000000 -5.974598 -2.942622
30716 -616817.881293 0.000000 -5.316097 -2.284121
31001 -616818.229229 0.000000 -5.664033 -2.632057
878 -616816.605004 0.000000 -4.039808 -1.007832
1066 -616818.347153 0.000000 -5.781957 -2.749981
5420 -616816.693091 0.000000 -4.127896 -1.095920
4939 -616816.658846 0.000000 -4.093650 -1.061675
9473 -616816.597480 0.000000 -4.032285 -1.000309
9727 -616816.619868 0.000000 -4.054672 -1.022696
14093 -616816.693322 0.000000 -4.128127 -1.096151
13539 -616816.658285 0.000000 -4.093089 -1.061114
18056 -616816.597398 0.000000 -4.032203 -1.000227
18360 -616816.602298 0.000000 -4.037103 -1.005127
22763 -616817.748519 0.000000 -5.183323 -2.151348
22140 -616817.807922 0.000000 -5.242726 -2.210751
26636 -616816.598347 0.000000 -4.033151 -1.001175
26966 -616816.602184 0.000000 -4.036988 -1.005012
26637 -616818.347299 0.000000 -5.782103 -2.750127
30746 -616816.756632 0.000000 -4.191436 -1.159460
31292 -616816.624505 0.000000 -4.059309 -1.027333
321 -616818.532779 0.000000 -5.967584 -2.935608
627 -616817.823584 0.000000 -5.258388 -2.226412
5131 -616817.812621 0.000000 -5.247425 -2.215449
5385 -616817.842916 0.000000 -5.277720 -2.245744
4942 -616817.010850 0.000000 -4.445654 -1.413678
9219 -616817.812017 0.000000 -5.246822 -2.214846
9732 -616817.812457 0.000000 -5.247261 -2.215285
14022 -616817.842864 0.000000 -5.277668 -2.245692
82905 -616817.011523 0.000000 -4.446327 -1.414351
17814 -616817.890486 0.000000 -5.325290 -2.293314
18370 -616817.822278 0.000000 -5.257082 -2.225106
22635 -616817.845683 0.000000 -5.280487 -2.248511
22407 -616816.769752 0.000000 -4.204556 -1.172580
26423 -616817.890480 0.000000 -5.325285 -2.293309
26981 -616817.823522 0.000000 -5.258326 -2.226350
31227 -616817.812609 0.000000 -5.247414 -2.215438
31548 -616817.841794 0.000000 -5.276599 -2.244623
352 -616817.930904 0.000000 -5.365709 -2.333733
904 -616817.864222 0.000000 -5.299027 -2.267051
5165 -616817.860071 0.000000 -5.294875 -2.262899
5362 -616818.270675 0.000000 -5.705479 -2.673503
8960 -616817.026699 0.000000 -4.461503 -1.429527
9509 -616817.875777 0.000000 -5.310582 -2.278606
13750 -616817.859993 0.000000 -5.294798 -2.262822
14133 -616818.270807 0.000000 -5.705611 -2.673635
17581 -616817.031540 0.000000 -4.466345 -1.434369
18102 -616817.929500 0.000000 -5.364304 -2.332329
22330 -616817.861475 0.000000 -5.296279 -2.264303
22814 -616817.842077 0.000000 -5.276881 -2.244905
27069 -616817.205403 0.000000 -4.640207 -1.608231
26692 -616817.929401 0.000000 -5.364205 -2.332230
26987 -616817.864232 0.000000 -5.299036 -2.267060
31469 -616817.860093 0.000000 -5.294897 -2.262921
30999 -616816.821435 0.000000 -4.256239 -1.224263
1020 -616816.852942 0.000000 -4.287746 -1.255770
639 -616817.929081 0.000000 -5.363886 -2.331910
4884 -616817.850279 0.000000 -5.285083 -2.253107
5399 -616817.858068 0.000000 -5.292872 -2.260896
9666 -616818.264910 0.000000 -5.699714 -2.667738
9236 -616818.611281 0.000000 -6.046085 -3.014109
13469 -616817.850147 0.000000 -5.284951 -2.252975
14042 -616817.858076 0.000000 -5.292881 -2.260905
13544 -616818.267202 0.000000 -5.702006 -2.670031
17836 -616817.028387 0.000000 -4.463191 -1.431215
18118 -616817.855649 0.000000 -5.290454 -2.258478
22660 -616817.858778 0.000000 -5.293582 -2.261606
22834 -616818.266957 0.000000 -5.701761 -2.669785
96815 -616817.029174 0.000000 -4.463978 -1.432003
26717 -616817.929047 0.000000 -5.363851 -2.331876
31256 -616817.850293 0.000000 -5.285097 -2.253121
31499 -616817.843918 0.000000 -5.278722 -2.246746
817 -616817.840704 0.000000 -5.275508 -2.243533
1079 -616817.201350 0.000000 -4.636155 -1.604179
4608 -616817.927943 0.000000 -5.362747 -2.330771
5186 -616817.860759 0.000000 -5.295563 -2.263588
5405 -616817.856923 0.000000 -5.291728 -2.259752
9764 -616816.822259 0.000000 -4.257063 -1.225087
9244 -616817.929388 0.000000 -5.364192 -2.332216
13776 -616817.860732 0.000000 -5.295536 -2.263560
14052 -616817.856850 0.000000 -5.291654 -2.259678
18443 -616818.267646 0.000000 -5.702450 -2.670474
17843 -616817.023981 0.000000 -4.458786 -1.426810
22362 -616817.873378 0.000000 -5.308183 -2.276207
22675 -616817.858774 0.000000 -5.293578 -2.261602
27103 -616818.267773 0.000000 -5.702577 -2.670601
26446 -616817.028743 0.000000 -4.463548 -1.431572
30944 -616817.927974 0.000000 -5.362778 -2.330802
31277 -616817.860608 0.000000 -5.295413 -2.263437
1045 -616818.266913 0.000000 -5.701717 -2.669741
608 -616817.224723 0.000000 -4.659528 -1.627552
4912 -616817.934805 0.000000 -5.369609 -2.337633
5212 -616817.912573 0.000000 -5.347377 -2.315401
9695 -616817.890743 0.000000 -5.325547 -2.293571
9474 -616816.870647 0.000000 -4.305451 -1.273475
13502 -616817.934817 0.000000 -5.369621 -2.337645
13812 -616817.912567 0.000000 -5.347371 -2.315395
18318 -616817.904857 0.000000 -5.339661 -2.307685
18484 -616818.264948 0.000000 -5.699752 -2.667776
22103 -616818.614549 0.000000 -6.049353 -3.017377
22408 -616817.921061 0.000000 -5.355865 -2.323889
26914 -616817.904882 0.000000 -5.339687 -2.307711
27154 -616818.267261 0.000000 -5.702065 -2.670089
26719 -616817.025562 0.000000 -4.460366 -1.428390
31000 -616817.934852 0.000000 -5.369656 -2.337680
31502 -616817.907734 0.000000 -5.342538 -2.310562
850 -616817.895677 0.000000 -5.330481 -2.298505
1060 -616818.251314 0.000000 -5.686118 -2.654143
4642 -616817.050602 0.000000 -4.485406 -1.453430
4930 -616817.921071 0.000000 -5.355876 -2.323900
9439 -616817.901811 0.000000 -5.336615 -2.304639
9716 -616817.822623 0.000000 -5.257427 -2.225451
14076 -616817.230853 0.000000 -4.665657 -1.633681
13525 -616817.921047 0.000000 -5.355851 -2.323875
18019 -616817.902004 0.000000 -5.336808 -2.304832
18344 -616817.893955 0.000000 -5.328760 -2.296784
17784 -616816.839352 0.000000 -4.274156 -1.242180
22132 -616817.405070 0.000000 -4.839875 -1.807899
22680 -616817.901900 0.000000 -5.336704 -2.304729
26945 -616817.893886 0.000000 -5.328690 -2.296714
26968 -616818.251394 0.000000 -5.686198 -2.654222
30735 -616817.050331 0.000000 -4.485135 -1.453159
31286 -616817.921733 0.000000 -5.356537 -2.324561
580 -616818.255170 0.000000 -5.689974 -2.657998
897 -616818.036314 0.000000 -5.471118 -2.439142
5332 -616818.115339 0.000000 -5.550143 -2.518167
4668 -616817.057902 0.000000 -4.492707 -1.460731
5214 -616818.168260 0.000000 -5.603065 -2.571089
9496 -616818.039436 0.000000 -5.474240 -2.442264
8942 -616818.116241 0.000000 -5.551045 -2.519070
83750 -616817.057942 0.000000 -4.492747 -1.460771
13817 -616818.168495 0.000000 -5.603299 -2.571323
18084 -616818.043810 0.000000 -5.478614 -2.446638
18492 -616818.021783 0.000000 -5.456587 -2.424611
22794 -616817.160296 0.000000 -4.595101 -1.563125
22418 -616818.164444 0.000000 -5.599248 -2.567272
26670 -616818.043970 0.000000 -5.478774 -2.446798
27167 -616818.035974 0.000000 -5.470778 -2.438802
31444 -616818.115522 0.000000 -5.550326 -2.518350
31015 -616817.057173 0.000000 -4.491977 -1.460001
989 -616817.623924 0.000000 -5.058729 -2.026753
1478 -616817.049996 0.000000 -4.484801 -1.452825
1725 -616817.944596 0.000000 -5.379400 -2.347424
351 -616817.095944 0.000000 -4.530748 -1.498772
1140 -616817.159171 0.000000 -4.593976 -1.562000
1447 -616817.439261 0.000000 -4.874065 -1.842089
1208 -616817.999435 0.000000 -5.434239 -2.402263
609 -616817.008113 0.000000 -4.442917 -1.410942
1701 -616817.473879 0.000000 -4.908683 -1.876708
1189 -616817.435264 0.000000 -4.870068 -1.838092
626 -616817.076734 0.000000 -4.511538 -1.479562
1102 -616817.224171 0.000000 -4.658976 -1.627000
1408 -616817.830589 0.000000 -5.265393 -2.233417
907 -616817.037622 0.000000 -4.472426 -1.440450
1682 -616817.472736 0.000000 -4.907541 -1.875565
1174 -616817.438780 0.000000 -4.873584 -1.841608
71308 -616818.418056 0.000000 -5.852860 -2.820884
1065 -616816.999057 0.000000 -4.433861 -1.401885
1401 -616817.068383 0.000000 -4.503187 -1.471211
1089 -616817.652107 0.000000 -5.086912 -2.054936
4850 -616817.056541 0.000000 -4.491346 -1.459370
6352 -616817.472505 0.000000 -4.907310 -1.875334
5618 -616817.827196 0.000000 -5.262001 -2.230025
5164 -616817.025899 0.000000 -4.460703 -1.428727
5874 -616817.069234 0.000000 -4.504038 -1.472062
5498 -616817.659802 0.000000 -5.094606 -2.062630
6117 -616818.148862 0.000000 -5.583667 -2.551691
5363 -616817.119453 0.000000 -4.554258 -1.522282
5591 -616817.042052 0.000000 -4.476857 -1.444881
6095 -616817.591724 0.000000 -5.026529 -1.994553
5384 -616817.048799 0.000000 -4.483603 -1.451627
5823 -616817.067283 0.000000 -4.502087 -1.470111
5455 -616818.025134 0.000000 -5.459938 -2.427962
4941 -616817.159450 0.000000 -4.594254 -1.562278
5570 -616817.037823 0.000000 -4.472628 -1.440652
6081 -616817.591391 0.000000 -5.026195 -1.994220
5559 -616817.979577 0.000000 -5.414381 -2.382405
4938 -616817.427298 0.000000 -4.862103 -1.830127
5447 -616817.040132 0.000000 -4.474936 -1.442960
5805 -616817.435233 0.000000 -4.870038 -1.838062
4645 -616817.228114 0.000000 -4.662918 -1.630942
10304 -616817.046181 0.000000 -4.480985 -1.449009
10534 -616817.994295 0.000000 -5.429099 -2.397123
8959 -616817.448960 0.000000 -4.883764 -1.851788
9884 -616817.039237 0.000000 -4.474041 -1.442065
10268 -616817.439309 0.000000 -4.874114 -1.842138
9999 -616817.985292 0.000000 -5.420096 -2.388120
9196 -616817.028057 0.000000 -4.462862 -1.430886
80137 -616817.250803 0.000000 -4.685607 -1.653631
9974 -616817.436599 0.000000 -4.871404 -1.839428
9218 -616818.470983 0.000000 -5.905787 -2.873812
9829 -616817.150115 0.000000 -4.584919 -1.552943
10219 -616817.828789 0.000000 -5.263593 -2.231617
9512 -616817.053052 0.000000 -4.487856 -1.455880
80118 -616817.627967 0.000000 -5.062771 -2.030795
9955 -616817.442044 0.000000 -4.876849 -1.844873
9793 -616818.054006 0.000000 -5.488810 -2.456834
9726 -616816.999095 0.000000 -4.433899 -1.401924
10208 -616817.106289 0.000000 -4.541093 -1.509117
9805 -616817.586940 0.000000 -5.021744 -1.989768
9517 -616817.056692 0.000000 -4.491496 -1.459520
79420 -616817.471553 0.000000 -4.906358 -1.874382
9804 -616817.828366 0.000000 -5.263170 -2.231194
13749 -616817.026299 0.000000 -4.461103 -1.429127
14700 -616817.069215 0.000000 -4.504019 -1.472043
14243 -616817.659001 0.000000 -5.093805 -2.061830
14918 -616818.148856 0.000000 -5.583661 -2.551685
13996 -616817.119359 0.000000 -4.554163 -1.522187
14393 -616817.042317 0.000000 -4.477121 -1.445146
14897 -616817.591775 0.000000 -5.026579 -1.994603
14021 -616817.048960 0.000000 -4.483764 -1.451788
14639 -616817.067514 0.000000 -4.502318 -1.470342
14189 -616818.025037 0.000000 -5.459842 -2.427866
14136 -616817.159412 0.000000 -4.594217 -1.562241
14367 -616817.038130 0.000000 -4.472934 -1.440958
14886 -616817.591433 0.000000 -5.026238 -1.994262
14352 -616817.979641 0.000000 -5.414445 -2.382470
13538 -616817.427299 0.000000 -4.862103 -1.830127
14175 -616817.040194 0.000000 -4.474998 -1.443022
14611 -616817.435328 0.000000 -4.870132 -1.838157
13811 -616817.227597 0.000000 -4.662401 -1.630426
14342 -616817.046251 0.000000 -4.481055 -1.449079
14610 -616817.994867 0.000000 -5.429671 -2.397695
17580 -616817.448914 0.000000 -4.883718 -1.851742
14142 -616817.039327 0.000000 -4.474132 -1.442156
19099 -616817.439436 0.000000 -4.874240 -1.842264
18815 -616817.985498 0.000000 -5.420303 -2.388327
17785 -616817.026358 0.000000 -4.461162 -1.429187
88940 -616817.223526 0.000000 -4.658330 -1.626354
18785 -616817.437394 0.000000 -4.872198 -1.840222
17813 -616817.481694 0.000000 -4.916498 -1.884523
18578 -616817.043523 0.000000 -4.478328 -1.446352
19039 -616817.830685 0.000000 -5.265489 -2.233513
18105 -616817.058133 0.000000 -4.492938 -1.460962
88926 -616817.226208 0.000000 -4.661012 -1.629036
18761 -616817.441104 0.000000 -4.875908 -1.843932
18506 -616817.997246 0.000000 -5.432051 -2.400075
18359 -616817.008980 0.000000 -4.443785 -1.411809
19023 -616817.475133 0.000000 -4.909937 -1.877961
18544 -616817.433945 0.000000 -4.868749 -1.836774
18115 -616817.079503 0.000000 -4.514307 -1.482331
18496 -616817.250128 0.000000 -4.684932 -1.652956
18542 -616817.827518 0.000000 -5.262323 -2.230347
18372 -616817.025674 0.000000 -4.460478 -1.428503
18742 -616817.250543 0.000000 -4.685347 -1.653371
23014 -616817.577246 0.000000 -5.012050 -1.980074
19014 -616818.543402 0.000000 -5.978206 -2.946230
22604 -616817.013609 0.000000 -4.448413 -1.416437
23216 -616817.065841 0.000000 -4.500645 -1.468669
22894 -616818.025001 0.000000 -5.459805 -2.427829
22634 -616817.040584 0.000000 -4.475388 -1.443412
23461 -616817.111728 0.000000 -4.546532 -1.514557
22951 -616818.005135 0.000000 -5.439939 -2.407963
22817 -616817.147390 0.000000 -4.582194 -1.550218
23184 -616817.040488 0.000000 -4.475292 -1.443316
92506 -616818.049690 0.000000 -5.484494 -2.452518
23164 -616818.008270 0.000000 -5.443075 -2.411099
22845 -616817.590603 0.000000 -5.025407 -1.993431
22932 -616817.046036 0.000000 -4.480840 -1.448864
23423 -616817.551553 0.000000 -4.986358 -1.954382
22830 -616817.161065 0.000000 -4.595869 -1.563893
23149 -616817.042874 0.000000 -4.477679 -1.445703
23418 -616818.014111 0.000000 -5.448915 -2.416939
91763 -616817.447911 0.000000 -4.882716 -1.850740
22849 -616817.038884 0.000000 -4.473688 -1.441712
23146 -616817.439517 0.000000 -4.874322 -1.842346
22921 -616817.985622 0.000000 -5.420426 -2.388450
26389 -616817.026445 0.000000 -4.461249 -1.429273
27269 -616817.222723 0.000000 -4.657527 -1.625551
27605 -616817.437471 0.000000 -4.872275 -1.840299
26422 -616817.481710 0.000000 -4.916515 -1.884539
27354 -616817.043370 0.000000 -4.478174 -1.446198
27851 -616817.830832 0.000000 -5.265636 -2.233660
26695 -616817.058866 0.000000 -4.493670 -1.461694
27246 -616817.225537 0.000000 -4.660342 -1.628366
27575 -616817.441223 0.000000 -4.876027 -1.844052
27224 -616817.997063 0.000000 -5.431867 -2.399891
26965 -616817.008751 0.000000 -4.443555 -1.411580
27829 -616817.474864 0.000000 -4.909669 -1.877693
27310 -616817.434786 0.000000 -4.869591 -1.837615
26711 -616817.076841 0.000000 -4.511646 -1.479670
27208 -616817.224890 0.000000 -4.659695 -1.627719
27303 -616817.830345 0.000000 -5.265149 -2.233173
26986 -616817.037430 0.000000 -4.472235 -1.440259
27546 -616817.472691 0.000000 -4.907495 -1.875519
27202 -616817.438813 0.000000 -4.873618 -1.841642
97449 -616818.418188 0.000000 -5.852992 -2.821016
31190 -616816.998967 0.000000 -4.433771 -1.401795
27300 -616817.068212 0.000000 -4.503016 -1.471040
31633 -616817.652155 0.000000 -5.086960 -2.054984
31226 -616817.056261 0.000000 -4.491065 -1.459089
32273 -616817.472481 0.000000 -4.907286 -1.875310
31738 -616817.827281 0.000000 -5.262086 -2.230110
31472 -616817.025925 0.000000 -4.460729 -1.428753
32006 -616817.068729 0.000000 -4.503533 -1.471557
31602 -616817.659856 0.000000 -5.094660 -2.062685
31980 -616818.148737 0.000000 -5.583541 -2.551565
31531 -616817.119971 0.000000 -4.554775 -1.522799
31715 -616817.041864 0.000000 -4.476668 -1.444693
32229 -616817.591776 0.000000 -5.026580 -1.994604
31490 -616817.049164 0.000000 -4.483968 -1.451992
31961 -616817.067386 0.000000 -4.502190 -1.470214
31551 -616818.023517 0.000000 -5.458322 -2.426346
31020 -616817.179696 0.000000 -4.614500 -1.582524
31567 -616817.035811 0.000000 -4.470615 -1.438639
31952 -616817.588978 0.000000 -5.023782 -1.991806
31694 -616817.980796 0.000000 -5.415600 -2.383624
31021 -616817.186484 0.000000 -4.621288 -1.589313
31549 -616817.146023 0.000000 -4.580827 -1.548851
31693 -616817.433927 0.000000 -4.868731 -1.836755
1761 -616818.000220 0.000000 -5.435024 -2.403048
1423 -616817.997866 0.000000 -5.432670 -2.400694
1090 -616817.868507 0.000000 -5.303311 -2.271336
75105 -616817.589026 0.000000 -5.023830 -1.991854
5808 -616818.004344 0.000000 -5.439148 -2.407172
10239 -616817.996468 0.000000 -5.431272 -2.399296
9809 -616817.867248 0.000000 -5.302053 -2.270077
83843 -616817.589017 0.000000 -5.023821 -1.991845
14615 -616818.004113 0.000000 -5.438918 -2.406942
19065 -616817.996295 0.000000 -5.431099 -2.399123
18548 -616817.998693 0.000000 -5.433498 -2.401522
22978 -616817.504496 0.000000 -4.939300 -1.907324
23427 -616817.988497 0.000000 -5.423301 -2.391325
27881 -616817.996286 0.000000 -5.431090 -2.399114
27314 -616817.997944 0.000000 -5.432748 -2.400773
31771 -616817.868513 0.000000 -5.303318 -2.271342
32232 -616817.589255 0.000000 -5.024060 -1.992084
1446 -616817.989529 0.000000 -5.424333 -2.392357
1093 -616817.857231 0.000000 -5.292035 -2.260059
6343 -616817.231124 0.000000 -4.665928 -1.633952
5812 -616817.989768 0.000000 -5.424573 -2.392597
10267 -616817.986745 0.000000 -5.421549 -2.389574
9814 -616817.970949 0.000000 -5.405754 -2.373778
14242 -616817.050764 0.000000 -4.485568 -1.453592
14623 -616817.989731 0.000000 -5.424535 -2.392559
19098 -616817.987070 0.000000 -5.421874 -2.389898
18559 -616817.989196 0.000000 -5.424000 -2.392024
18494 -616817.603541 0.000000 -5.038345 -2.006369
23439 -616817.961277 0.000000 -5.396081 -2.364105
23145 -616817.987389 0.000000 -5.422193 -2.390218
27330 -616817.989099 0.000000 -5.423904 -2.391928
27201 -616817.857301 0.000000 -5.292106 -2.260130
32246 -616817.231230 0.000000 -4.666034 -1.634058
31951 -616817.989322 0.000000 -5.424126 -2.392150
1209 -616817.823883 0.000000 -5.258687 -2.226712
1087 -616817.025555 0.000000 -4.460359 -1.428384
6118 -616817.962125 0.000000 -5.396929 -2.364953
5558 -616817.956546 0.000000 -5.391350 -2.359374
10000 -616817.959539 0.000000 -5.394344 -2.362368
9792 -616817.469066 0.000000 -4.903870 -1.871895
14919 -616817.962176 0.000000 -5.396980 -2.365004
14351 -616817.956509 0.000000 -5.391313 -2.359337
18816 -616817.958687 0.000000 -5.393492 -2.361516
18505 -616817.825244 0.000000 -5.260048 -2.228072
23712 -616817.593508 0.000000 -5.028312 -1.996337
23163 -616817.959682 0.000000 -5.394486 -2.362510
27639 -616817.958723 0.000000 -5.393527 -2.361551
27223 -616817.824830 0.000000 -5.259634 -2.227658
27818 -616817.224762 0.000000 -4.659567 -1.627591
31979 -616817.962257 0.000000 -5.397062 -2.365086
31695 -616817.957026 0.000000 -5.391830 -2.359854
1240 -616817.942209 0.000000 -5.377014 -2.345038
1101 -616817.029059 0.000000 -4.463864 -1.431888
6151 -616817.957533 0.000000 -5.392338 -2.360362
5822 -616817.960177 0.000000 -5.394982 -2.363006
5446 -616817.961639 0.000000 -5.396443 -2.364467
9828 -616817.569016 0.000000 -5.003821 -1.971845
10206 -616817.960810 0.000000 -5.395615 -2.363639
14638 -616817.960182 0.000000 -5.394986 -2.363010
14173 -616817.961614 0.000000 -5.396419 -2.364443
18577 -616817.827042 0.000000 -5.261846 -2.229870
19017 -616817.211525 0.000000 -4.646329 -1.614353
23460 -616817.958869 0.000000 -5.393673 -2.361697
22925 -616817.961792 0.000000 -5.396596 -2.364620
27353 -616817.826950 0.000000 -5.261754 -2.229778
27821 -616817.201745 0.000000 -4.636549 -1.604573
32272 -616817.957577 0.000000 -5.392382 -2.360406
31702 -616817.959902 0.000000 -5.394706 -2.362730
1141 -616817.470443 0.000000 -4.905247 -1.873271
1681 -616817.957734 0.000000 -5.392538 -2.360563
5875 -616817.959764 0.000000 -5.394568 -2.362592
5569 -616817.961382 0.000000 -5.396186 -2.364211
10879 -616817.826023 0.000000 -5.260827 -2.228851
10485 -616817.564718 0.000000 -4.999522 -1.967546
9944 -616817.959980 0.000000 -5.394784 -2.362808
14366 -616817.961371 0.000000 -5.396175 -2.364199
14143 -616817.825678 0.000000 -5.260483 -2.228507
19293 -616817.203655 0.000000 -4.638459 -1.606484
18743 -616817.963518 0.000000 -5.398322 -2.366346
23183 -616817.960064 0.000000 -5.394868 -2.362892
22850 -616817.824845 0.000000 -5.259649 -2.227674
28086 -616817.203422 0.000000 -4.638226 -1.606250
27547 -616817.957693 0.000000 -5.392497 -2.360522
32005 -616817.959792 0.000000 -5.394597 -2.362621
31568 -616817.962356 0.000000 -5.397160 -2.365184
1724 -616817.964001 0.000000 -5.398806 -2.366830
1409 -616817.962924 0.000000 -5.397729 -2.365753
5617 -616817.963088 0.000000 -5.397893 -2.365917
5456 -616817.828152 0.000000 -5.262956 -2.230980
10533 -616817.215134 0.000000 -4.649938 -1.617962
10220 -616817.962616 0.000000 -5.397420 -2.365444
14424 -616817.963103 0.000000 -5.397907 -2.365931
14190 -616817.828161 0.000000 -5.262965 -2.230989
19334 -616817.205702 0.000000 -4.640507 -1.608531
19040 -616817.961068 0.000000 -5.395872 -2.363897
18541 -616817.963095 0.000000 -5.397899 -2.365923
22952 -616817.942327 0.000000 -5.377131 -2.345155
22846 -616817.032438 0.000000 -4.467242 -1.435266
27852 -616817.960746 0.000000 -5.395550 -2.363575
27302 -616817.962928 0.000000 -5.397732 -2.365756
31739 -616817.963090 0.000000 -5.397895 -2.365919
31550 -616817.566377 0.000000 -5.001182 -1.969206
1969 -616817.460371 0.000000 -4.895175 -1.863199
1424 -616817.832989 0.000000 -5.267793 -2.235817
5912 -616817.837210 0.000000 -5.272015 -2.240039
5474 -616817.828327 0.000000 -5.263131 -2.231155
6079 -616817.126692 0.000000 -4.561496 -1.529520
10240 -616817.836181 0.000000 -5.270985 -2.239009
9947 -616817.836910 0.000000 -5.271715 -2.239739
14212 -616817.828315 0.000000 -5.263119 -2.231143
83778 -616817.126438 0.000000 -4.561242 -1.529267
19066 -616817.830253 0.000000 -5.265057 -2.233081
18748 -616817.832151 0.000000 -5.266956 -2.234980
22979 -616817.843675 0.000000 -5.278479 -2.246503
22858 -616817.456664 0.000000 -4.891469 -1.859493
27882 -616817.830247 0.000000 -5.265052 -2.233076
27558 -616817.832938 0.000000 -5.267743 -2.235767
31772 -616817.837256 0.000000 -5.272060 -2.240084
31581 -616817.828628 0.000000 -5.263432 -2.231456
1448 -616817.447706 0.000000 -4.882511 -1.850535
1092 -616817.422126 0.000000 -4.856931 -1.824955
5499 -616816.757029 0.000000 -4.191833 -1.159857
5811 -616817.437771 0.000000 -4.872575 -1.840599
10269 -616817.440230 0.000000 -4.875034 -1.843058
9813 -616817.452999 0.000000 -4.887803 -1.855827
14244 -616816.757203 0.000000 -4.192007 -1.160031
14622 -616817.437758 0.000000 -4.872563 -1.840587
19100 -616817.440972 0.000000 -4.875776 -1.843800
18558 -616817.447753 0.000000 -4.882558 -1.850582
23015 -616818.543104 0.000000 -5.977909 -2.945933
23438 -616817.020612 0.000000 -4.455416 -1.423440
27920 -616817.440801 0.000000 -4.875606 -1.843630
27329 -616817.447815 0.000000 -4.882620 -1.850644
27203 -616817.422155 0.000000 -4.856960 -1.824984
32245 -616816.693241 0.000000 -4.128046 -1.096070
31953 -616817.442094 0.000000 -4.876898 -1.844922
1481 -616817.050897 0.000000 -4.485701 -1.453725
1187 -616817.048615 0.000000 -4.483420 -1.451444
1086 -616817.881269 0.000000 -5.316073 -2.284097
6093 -616817.021358 0.000000 -4.456163 -1.424187
5556 -616817.054116 0.000000 -4.488921 -1.456945
9972 -616817.057844 0.000000 -4.492649 -1.460673
9790 -616817.849435 0.000000 -5.284240 -2.252264
14896 -616817.021499 0.000000 -4.456303 -1.424327
14345 -616817.053720 0.000000 -4.488524 -1.456548
18783 -616817.059117 0.000000 -4.493921 -1.461945
18499 -616817.052438 0.000000 -4.487242 -1.455266
23695 -616816.764659 0.000000 -4.199463 -1.167487
23152 -616817.047419 0.000000 -4.482223 -1.450247
27603 -616817.058802 0.000000 -4.493607 -1.461631
27211 -616817.048759 0.000000 -4.483564 -1.451588
32484 -616816.560817 0.000000 -3.995621 -0.963646
31964 -616817.022208 0.000000 -4.457013 -1.425037
1122 -616817.879121 0.000000 -5.313926 -2.281950
1675 -616816.990278 0.000000 -4.425082 -1.393107
5847 -616817.047387 0.000000 -4.482191 -1.450215
5557 -616817.054763 0.000000 -4.489568 -1.457592
9855 -616817.046008 0.000000 -4.480812 -1.448836
10479 -616816.706770 0.000000 -4.141575 -1.109599
14668 -616817.047390 0.000000 -4.482195 -1.450219
14350 -616817.054401 0.000000 -4.489205 -1.457229
18610 -616817.042833 0.000000 -4.477638 -1.445662
19288 -616816.515537 0.000000 -3.950342 -0.918366
23494 -616817.021236 0.000000 -4.456040 -1.424065
23162 -616817.047094 0.000000 -4.481899 -1.449923
22847 -616817.043010 0.000000 -4.477814 -1.445838
27222 -616817.914092 0.000000 -5.348896 -2.316920
27544 -616816.990120 0.000000 -4.424924 -1.392948
31978 -616817.047784 0.000000 -4.482588 -1.450612
31564 -616817.053756 0.000000 -4.488560 -1.456584
1239 -616817.057872 0.000000 -4.492677 -1.460701
1103 -616817.895534 0.000000 -5.330338 -2.298363
6150 -616816.992835 0.000000 -4.427639 -1.395664
5824 -616817.047856 0.000000 -4.482661 -1.450685
10034 -616817.055162 0.000000 -4.489966 -1.457990
9830 -616818.487685 0.000000 -5.922489 -2.890513
14955 -616816.994460 0.000000 -4.429264 -1.397288
14640 -616817.047669 0.000000 -4.482473 -1.450497
14172 -616817.055048 0.000000 -4.489852 -1.457876
18579 -616817.044874 0.000000 -4.479679 -1.447703
19016 -616816.642166 0.000000 -4.076970 -1.044994
23462 -616817.046201 0.000000 -4.481006 -1.449030
22924 -616817.054472 0.000000 -4.489276 -1.457300
27355 -616817.044519 0.000000 -4.479323 -1.447347
96830 -616816.514918 0.000000 -3.949722 -0.917746
32274 -616816.993069 0.000000 -4.427874 -1.395898
31701 -616817.045736 0.000000 -4.480541 -1.448565
1275 -616818.488814 0.000000 -5.923618 -2.891642
1700 -616817.001633 0.000000 -4.436437 -1.404461
1403 -616817.059415 0.000000 -4.494220 -1.462244
5590 -616817.055090 0.000000 -4.489894 -1.457919
5449 -616817.047064 0.000000 -4.481869 -1.449893
10504 -616816.650327 0.000000 -4.085131 -1.053155
10210 -616817.057504 0.000000 -4.492308 -1.460333
14392 -616817.054829 0.000000 -4.489633 -1.457657
14177 -616817.046814 0.000000 -4.481618 -1.449643
88164 -616816.522382 0.000000 -3.957186 -0.925210
19025 -616817.001889 0.000000 -4.436694 -1.404718
23215 -616817.053139 0.000000 -4.487943 -1.455967
22934 -616817.059001 0.000000 -4.493806 -1.461830
27268 -616817.917767 0.000000 -5.352571 -2.320595
27831 -616816.999823 0.000000 -4.434627 -1.402652
32041 -616817.059596 0.000000 -4.494400 -1.462424
31717 -616817.055114 0.000000 -4.489918 -1.457942
1952 -616816.702196 0.000000 -4.137001 -1.105025
1412 -616817.040879 0.000000 -4.475683 -1.443707
5873 -616817.039100 0.000000 -4.473905 -1.441929
5459 -616817.041367 0.000000 -4.476171 -1.444195
10735 -616816.504745 0.000000 -3.939549 -0.907573
10223 -616817.014259 0.000000 -4.449064 -1.417088
14699 -616817.038289 0.000000 -4.473093 -1.441117
14193 -616817.041143 0.000000 -4.475947 -1.443971
14141 -616817.904676 0.000000 -5.339481 -2.307505
19043 -616816.981761 0.000000 -4.416565 -1.384589
18741 -616817.037453 0.000000 -4.472257 -1.440281
22955 -616817.039377 0.000000 -4.474182 -1.442206
22848 -616817.876853 0.000000 -5.311657 -2.279681
27855 -616816.981638 0.000000 -4.416442 -1.384467
27545 -616817.040862 0.000000 -4.475666 -1.443691
31742 -616817.039442 0.000000 -4.474246 -1.442270
31566 -616817.044526 0.000000 -4.479330 -1.447354
1726 -616817.011621 0.000000 -4.446425 -1.414449
1176 -616817.011480 0.000000 -4.446284 -1.414308
5619 -616817.014043 0.000000 -4.448848 -1.416872
75075 -616816.498527 0.000000 -3.933331 -0.901355
10535 -616816.958849 0.000000 -4.393653 -1.361677
9957 -616817.008673 0.000000 -4.443477 -1.411501
14425 -616817.013796 0.000000 -4.448601 -1.416625
14153 -616817.848634 0.000000 -5.283438 -2.251462
19335 -616816.957109 0.000000 -4.391913 -1.359937
18763 -616817.012444 0.000000 -4.447248 -1.415272
23251 -616817.011494 0.000000 -4.446298 -1.414322
22875 -616816.689814 0.000000 -4.124618 -1.092642
23419 -616816.957530 0.000000 -4.392334 -1.360358
27577 -616817.012112 0.000000 -4.446916 -1.414940
27304 -616817.011647 0.000000 -4.446451 -1.414475
31604 -616817.014160 0.000000 -4.448964 -1.416988
32225 -616816.631837 0.000000 -4.066642 -1.034666
66766 -616816.660565 0.000000 -4.095369 -1.063393
1425 -616816.737889 0.000000 -4.172693 -1.140717
1170 -616816.708063 0.000000 -4.142867 -1.110891
5475 -616817.795783 0.000000 -5.230587 -2.198611
6078 -616816.632218 0.000000 -4.067022 -1.035047
10241 -616818.044781 0.000000 -5.479585 -2.447609
9945 -616818.078549 0.000000 -5.513353 -2.481377
14213 -616817.795802 0.000000 -5.230607 -2.198631
14882 -616816.631865 0.000000 -4.066669 -1.034693
19067 -616816.743561 0.000000 -4.178365 -1.146389
18746 -616816.740003 0.000000 -4.174807 -1.142831
22980 -616816.649912 0.000000 -4.084716 -1.052740
92488 -616817.769840 0.000000 -5.204644 -2.172668
27883 -616816.743325 0.000000 -4.178130 -1.146154
27556 -616816.738099 0.000000 -4.172904 -1.140928
31773 -616816.708090 0.000000 -4.142894 -1.110919
101211 -616816.336316 0.000000 -3.771120 -0.739144
1480 -616817.901185 0.000000 -5.335989 -2.304013
1190 -616817.883358 0.000000 -5.318162 -2.286186
5524 -616816.572898 0.000000 -4.007702 -0.975727
6096 -616817.770728 0.000000 -5.205532 -2.173556
10305 -616817.900953 0.000000 -5.335757 -2.303782
9975 -616817.916383 0.000000 -5.351187 -2.319211
9789 -616816.571567 0.000000 -4.006372 -0.974396
14898 -616817.770688 0.000000 -5.205493 -2.173517
14344 -616817.900942 0.000000 -5.335746 -2.303770
18786 -616817.902771 0.000000 -5.337576 -2.305600
18498 -616818.452046 0.000000 -5.886850 -2.854874
23696 -616816.466749 0.000000 -3.901553 -0.869577
23151 -616817.898537 0.000000 -5.333341 -2.301365
27606 -616817.902808 0.000000 -5.337612 -2.305636
27210 -616817.883364 0.000000 -5.318168 -2.286192
101266 -616817.280675 0.000000 -4.715479 -1.683503
31963 -616817.770838 0.000000 -5.205643 -2.173667
1121 -616816.535649 0.000000 -3.970454 -0.938478
1677 -616816.481769 0.000000 -3.916573 -0.884597
5846 -616817.865533 0.000000 -5.300337 -2.268361
5560 -616817.864593 0.000000 -5.299398 -2.267422
9854 -616818.407133 0.000000 -5.841937 -2.809961
10480 -616816.407350 0.000000 -3.842154 -0.810178
14667 -616817.865425 0.000000 -5.300229 -2.268253
14353 -616817.864676 0.000000 -5.299480 -2.267504
18609 -616817.845527 0.000000 -5.280331 -2.248355
88139 -616817.277567 0.000000 -4.712371 -1.680395
23493 -616817.787607 0.000000 -5.222412 -2.190436
23165 -616817.863093 0.000000 -5.297898 -2.265922
27390 -616817.845486 0.000000 -5.280291 -2.248315
27225 -616816.536279 0.000000 -3.971083 -0.939107
32310 -616816.481652 0.000000 -3.916457 -0.884481
31981 -616817.865501 0.000000 -5.300306 -2.268330
31563 -616817.878397 0.000000 -5.313201 -2.281225
1699 -616817.822763 0.000000 -5.257567 -2.225591
1173 -616817.830331 0.000000 -5.265135 -2.233159
5589 -616817.849724 0.000000 -5.284528 -2.252552
5441 -616816.537550 0.000000 -3.972354 -0.940378
10503 -616816.465516 0.000000 -3.900320 -0.868344
9950 -616817.829760 0.000000 -5.264565 -2.232589
14391 -616817.849697 0.000000 -5.284502 -2.252526
14148 -616816.537513 0.000000 -3.972317 -0.940342
19307 -616816.451568 0.000000 -3.886372 -0.854396
18751 -616817.822930 0.000000 -5.257734 -2.225758
23214 -616817.836918 0.000000 -5.271722 -2.239746
22861 -616816.500545 0.000000 -3.935350 -0.903374
28096 -616816.452279 0.000000 -3.887083 -0.855107
27561 -616817.823573 0.000000 -5.258377 -2.226401
32040 -616817.830390 0.000000 -5.265194 -2.233218
31584 -616817.849601 0.000000 -5.284406 -2.252430
32223 -616816.607314 0.000000 -4.042118 -1.010142
1479 -616818.104451 0.000000 -5.539255 -2.507279
1106 -616816.404358 0.000000 -3.839163 -0.807187
6353 -616818.124917 0.000000 -5.559721 -2.527745
5827 -616818.088283 0.000000 -5.523087 -2.491111
5555 -616818.090181 0.000000 -5.524985 -2.493010
9833 -616816.478133 0.000000 -3.912937 -0.880961
10478 -616818.128708 0.000000 -5.563512 -2.531536
14643 -616818.088363 0.000000 -5.523167 -2.491192
14343 -616818.090257 0.000000 -5.525062 -2.493086
18582 -616818.070934 0.000000 -5.505738 -2.473762
18497 -616816.359196 0.000000 -3.794000 -0.762024
23465 -616818.070212 0.000000 -5.505017 -2.473041
23150 -616818.088597 0.000000 -5.523402 -2.491426
27358 -616818.071017 0.000000 -5.505821 -2.473845
27209 -616816.404928 0.000000 -3.839733 -0.807757
32277 -616818.124936 0.000000 -5.559741 -2.527765
31962 -616818.088073 0.000000 -5.522877 -2.490901
1945 -616818.128853 0.000000 -5.563657 -2.531681
1406 -616818.089997 0.000000 -5.524801 -2.492825
5845 -616818.091460 0.000000 -5.526264 -2.494289
5452 -616818.073465 0.000000 -5.508269 -2.476294
9853 -616816.358451 0.000000 -3.793255 -0.761279
10213 -616818.070508 0.000000 -5.505313 -2.473337
14666 -616818.091612 0.000000 -5.526417 -2.494441
14180 -616818.073529 0.000000 -5.508333 -2.476357
18608 -616816.404234 0.000000 -3.839039 -0.807063
19028 -616818.123637 0.000000 -5.558441 -2.526465
23492 -616818.089924 0.000000 -5.524729 -2.492753
22937 -616818.107064 0.000000 -5.541868 -2.509892
27389 -616816.403670 0.000000 -3.838474 -0.806498
27834 -616818.125166 0.000000 -5.559970 -2.527995
32309 -616818.089901 0.000000 -5.524705 -2.492729
31720 -616818.091372 0.000000 -5.526176 -2.494200
31562 -616816.473838 0.000000 -3.908642 -0.876666
70792 -616815.422963 0.000000 -2.857767 0.174209
1702 -616818.050337 0.000000 -5.485141 -2.453165
5913 -616818.055462 0.000000 -5.490266 -2.458290
5592 -616818.075371 0.000000 -5.510175 -2.478199
5440 -616816.397254 0.000000 -3.832058 -0.800082
10506 -616817.974542 0.000000 -5.409346 -2.377371
9949 -616818.055515 0.000000 -5.490320 -2.458344
14394 -616818.075420 0.000000 -5.510224 -2.478248
14147 -616816.397519 0.000000 -3.832323 -0.800348
19309 -616818.087608 0.000000 -5.522412 -2.490436
18750 -616818.049730 0.000000 -5.484534 -2.452558
23217 -616818.061655 0.000000 -5.496460 -2.464484
22860 -616816.427899 0.000000 -3.862703 -0.830727
28097 -616818.087538 0.000000 -5.522342 -2.490367
27560 -616818.049949 0.000000 -5.484753 -2.452777
32042 -616818.055433 0.000000 -5.490237 -2.458261
31583 -616818.075634 0.000000 -5.510438 -2.478462
1729 -616816.493398 0.000000 -3.928202 -0.896226
1410 -616816.525980 0.000000 -3.960784 -0.928808
5622 -616816.524887 0.000000 -3.959691 -0.927715
5457 -616816.382125 0.000000 -3.816929 -0.784953
10538 -616816.535815 0.000000 -3.970619 -0.938643
10221 -616816.518981 0.000000 -3.953785 -0.921810
14428 -616816.525014 0.000000 -3.959819 -0.927843
14191 -616816.382184 0.000000 -3.816988 -0.785012
19338 -616816.537514 0.000000 -3.972319 -0.940343
19041 -616816.521109 0.000000 -3.955914 -0.923938
18543 -616816.526360 0.000000 -3.961164 -0.929188
22953 -616816.410891 0.000000 -3.845695 -0.813719
23421 -616816.539844 0.000000 -3.974648 -0.942672
27853 -616816.521024 0.000000 -3.955828 -0.923852
27307 -616816.525593 0.000000 -3.960397 -0.928421
31740 -616816.524821 0.000000 -3.959625 -0.927650
31553 -616816.335715 0.000000 -3.770519 -0.738544
1450 -616816.488550 0.000000 -3.923354 -0.891378
1178 -616816.486983 0.000000 -3.921787 -0.889811
5500 -616816.383791 0.000000 -3.818596 -0.786620
6084 -616816.515563 0.000000 -3.950367 -0.918391
10271 -616816.483443 0.000000 -3.918248 -0.886272
9959 -616816.489553 0.000000 -3.924357 -0.892381
14246 -616816.383562 0.000000 -3.818366 -0.786390
14888 -616816.515490 0.000000 -3.950295 -0.918319
19102 -616816.482237 0.000000 -3.917041 -0.885065
18765 -616816.487153 0.000000 -3.921958 -0.889982
23017 -616816.460122 0.000000 -3.894927 -0.862951
22877 -616816.281672 0.000000 -3.716476 -0.684500
27921 -616816.483149 0.000000 -3.917953 -0.885977
27579 -616816.486939 0.000000 -3.921743 -0.889767
27205 -616816.486805 0.000000 -3.921610 -0.889634
31606 -616816.383705 0.000000 -3.818509 -0.786533
31955 -616816.409666 0.000000 -3.844470 -0.812494
66377 -616817.968943 0.000000 -5.403747 -2.371771
1019 -616818.026230 0.000000 -5.461034 -2.429058
1758 -616817.989058 0.000000 -5.423862 -2.391886
70712 -616818.137261 0.000000 -5.572066 -2.540090
1698 -616817.960281 0.000000 -5.395085 -2.363109
1120 -616818.375295 0.000000 -5.810099 -2.778123
369 -616818.118887 0.000000 -5.553691 -2.521715
1188 -616818.006051 0.000000 -5.440855 -2.408879
642 -616817.957373 0.000000 -5.392177 -2.360201
1171 -616817.961889 0.000000 -5.396693 -2.364717
1402 -616818.116851 0.000000 -5.551656 -2.519680
4883 -616817.956550 0.000000 -5.391354 -2.359378
5653 -616818.422006 0.000000 -5.856810 -2.824834
5189 -616817.958544 0.000000 -5.393348 -2.361373
5588 -616817.970903 0.000000 -5.405707 -2.373731
5844 -616817.949927 0.000000 -5.384732 -2.352756
5205 -616817.956233 0.000000 -5.391037 -2.359061
6094 -616818.148633 0.000000 -5.583437 -2.551461
5404 -616817.971271 0.000000 -5.406075 -2.374099
5439 -616818.373135 0.000000 -5.807939 -2.775963
5448 -616817.955923 0.000000 -5.390727 -2.358751
9665 -616817.969369 0.000000 -5.404174 -2.372198
5806 -616817.988760 0.000000 -5.423564 -2.391588
9765 -616818.377986 0.000000 -5.812791 -2.780815
10502 -616818.090400 0.000000 -5.525204 -2.493228
9852 -616818.004904 0.000000 -5.439709 -2.407733
79415 -616818.513838 0.000000 -5.948642 -2.916666
9973 -616818.007642 0.000000 -5.442447 -2.410471
9243 -616818.072424 0.000000 -5.507228 -2.475252
9946 -616817.962827 0.000000 -5.397632 -2.365656
10209 -616818.134126 0.000000 -5.568930 -2.536954
13468 -616817.956618 0.000000 -5.391422 -2.359446
9806 -616818.420078 0.000000 -5.854882 -2.822906
13779 -616817.958812 0.000000 -5.393617 -2.361641
14390 -616817.970870 0.000000 -5.405674 -2.373698
14665 -616817.949988 0.000000 -5.384792 -2.352816
13800 -616817.956241 0.000000 -5.391045 -2.359069
83796 -616818.148631 0.000000 -5.583436 -2.551460
14051 -616817.971236 0.000000 -5.406041 -2.374065
14145 -616818.373137 0.000000 -5.807941 -2.775965
14176 -616817.955871 0.000000 -5.390675 -2.358699
18283 -616817.969151 0.000000 -5.403955 -2.371979
14612 -616817.988758 0.000000 -5.423562 -2.391586
18446 -616818.378825 0.000000 -5.813629 -2.781653
19306 -616818.122484 0.000000 -5.557288 -2.525313
18607 -616817.966996 0.000000 -5.401800 -2.369825
18470 -616818.379718 0.000000 -5.814522 -2.782546
18784 -616817.994307 0.000000 -5.429111 -2.397135
17842 -616818.119347 0.000000 -5.554152 -2.522176
18747 -616817.960581 0.000000 -5.395385 -2.363409
88656 -616818.376456 0.000000 -5.811261 -2.779285
18117 -616818.086935 0.000000 -5.521739 -2.489763
18545 -616818.043315 0.000000 -5.478120 -2.446144
22365 -616817.957747 0.000000 -5.392551 -2.360575
23213 -616817.958055 0.000000 -5.392859 -2.360883
23491 -616818.070481 0.000000 -5.505285 -2.473309
22391 -616817.958362 0.000000 -5.393166 -2.361190
92525 -616818.190405 0.000000 -5.625209 -2.593233
22674 -616817.970231 0.000000 -5.405035 -2.373059
22857 -616818.025072 0.000000 -5.459876 -2.427900
22933 -616817.949236 0.000000 -5.384040 -2.352064
22833 -616817.971040 0.000000 -5.405844 -2.373868
23424 -616817.988706 0.000000 -5.423510 -2.391535
27106 -616818.377364 0.000000 -5.812168 -2.780192
28095 -616818.122549 0.000000 -5.557354 -2.525378
27388 -616817.966907 0.000000 -5.401712 -2.369736
27135 -616818.379620 0.000000 -5.814425 -2.782449
27604 -616817.994283 0.000000 -5.429088 -2.397112
26445 -616818.119878 0.000000 -5.554682 -2.522706
27557 -616817.960237 0.000000 -5.395041 -2.363065
97462 -616818.377222 0.000000 -5.812026 -2.780051
26716 -616818.118893 0.000000 -5.553697 -2.521721
27311 -616818.006191 0.000000 -5.440996 -2.409020
30947 -616817.957329 0.000000 -5.392133 -2.360157
32039 -616817.961885 0.000000 -5.396689 -2.364713
32308 -616818.116825 0.000000 -5.551629 -2.519654
30978 -616817.956512 0.000000 -5.391317 -2.359341
31632 -616818.422052 0.000000 -5.856856 -2.824880
31276 -616817.958593 0.000000 -5.393397 -2.361421
31580 -616817.971236 0.000000 -5.406040 -2.374064
31716 -616817.949949 0.000000 -5.384754 -2.352778
31498 -616817.956136 0.000000 -5.390940 -2.358964
32230 -616818.149407 0.000000 -5.584212 -2.552236
30734 -616818.008908 0.000000 -5.443713 -2.411737
105607 -616818.513154 0.000000 -5.947958 -2.915982
