#ID      EIGB 	      EIPGB 	   GBbin        GBseg
854 -674411.281678 0.000000 -3.419507 -0.386146
1146 -674411.281678 0.000000 -3.419507 -0.386146
5720 -674411.281678 0.000000 -3.419507 -0.386146
5921 -674411.281678 0.000000 -3.419507 -0.386146
10121 -674411.281678 0.000000 -3.419507 -0.386146
10526 -674411.281678 0.000000 -3.419507 -0.386146
10462 -674411.281678 0.000000 -3.419507 -0.386146
15341 -674411.281678 0.000000 -3.419507 -0.386146
15401 -674411.281678 0.000000 -3.419507 -0.386146
20024 -674411.281678 0.000000 -3.419507 -0.386146
19841 -674411.281678 0.000000 -3.419507 -0.386146
24843 -674411.281678 0.000000 -3.419507 -0.386146
24806 -674411.281678 0.000000 -3.419507 -0.386146
29335 -674411.281678 0.000000 -3.419507 -0.386146
29630 -674411.281678 0.000000 -3.419507 -0.386146
34199 -674411.281678 0.000000 -3.419507 -0.386146
34298 -674411.281678 0.000000 -3.419507 -0.386146
812 -674411.406858 0.000000 -3.544687 -0.511326
1126 -674411.406858 0.000000 -3.544687 -0.511326
968 -674411.406858 0.000000 -3.544687 -0.511326
5643 -674411.406858 0.000000 -3.544687 -0.511326
5909 -674411.406858 0.000000 -3.544687 -0.511326
10525 -674411.406858 0.000000 -3.544687 -0.511326
10495 -674411.406858 0.000000 -3.544687 -0.511326
91078 -674411.406858 0.000000 -3.544687 -0.511326
15394 -674411.406858 0.000000 -3.544687 -0.511326
19993 -674411.406858 0.000000 -3.544687 -0.511326
20147 -674411.406858 0.000000 -3.544687 -0.511326
24819 -674411.406858 0.000000 -3.544687 -0.511326
24805 -674411.406858 0.000000 -3.544687 -0.511326
29334 -674411.406858 0.000000 -3.544687 -0.511326
29629 -674411.406858 0.000000 -3.544687 -0.511326
34198 -674411.406858 0.000000 -3.544687 -0.511326
34283 -674411.406858 0.000000 -3.544687 -0.511326
1129 -674411.406535 0.000000 -3.544364 -0.511003
650 -674411.406535 0.000000 -3.544364 -0.511003
5635 -674411.406535 0.000000 -3.544364 -0.511003
5905 -674411.406535 0.000000 -3.544364 -0.511003
10497 -674411.406535 0.000000 -3.544365 -0.511003
10651 -674411.406535 0.000000 -3.544365 -0.511003
15125 -674411.406535 0.000000 -3.544364 -0.511003
15397 -674411.406535 0.000000 -3.544365 -0.511003
19996 -674411.406535 0.000000 -3.544364 -0.511003
20134 -674411.406535 0.000000 -3.544364 -0.511003
24387 -674411.406535 0.000000 -3.544365 -0.511003
24794 -674411.406535 0.000000 -3.544364 -0.511003
29296 -674411.406535 0.000000 -3.544364 -0.511003
29611 -674411.406535 0.000000 -3.544364 -0.511003
34156 -674411.406535 0.000000 -3.544364 -0.511003
34286 -674411.406535 0.000000 -3.544365 -0.511003
34080 -674411.406535 0.000000 -3.544364 -0.511003
1103 -674411.379030 0.000000 -3.516860 -0.483498
77027 -674411.379030 0.000000 -3.516860 -0.483498
5634 -674411.379030 0.000000 -3.516860 -0.483498
5904 -674411.379030 0.000000 -3.516860 -0.483498
10496 -674411.379030 0.000000 -3.516859 -0.483498
10661 -674411.379030 0.000000 -3.516860 -0.483498
15090 -674411.379030 0.000000 -3.516860 -0.483498
15382 -674411.379030 0.000000 -3.516860 -0.483498
19957 -674411.379030 0.000000 -3.516859 -0.483498
20160 -674411.379030 0.000000 -3.516860 -0.483498
24386 -674411.379030 0.000000 -3.516860 -0.483498
24793 -674411.379030 0.000000 -3.516860 -0.483498
29295 -674411.379030 0.000000 -3.516860 -0.483498
29610 -674411.379030 0.000000 -3.516860 -0.483498
29645 -674411.379030 0.000000 -3.516859 -0.483498
34261 -674411.379030 0.000000 -3.516860 -0.483498
34197 -674411.379030 0.000000 -3.516860 -0.483498
1105 -674411.376250 0.000000 -3.514079 -0.480717
1068 -674411.376249 0.000000 -3.514079 -0.480717
5601 -674411.376249 0.000000 -3.514079 -0.480717
5893 -674411.376250 0.000000 -3.514079 -0.480717
10461 -674411.376249 0.000000 -3.514079 -0.480717
10562 -674411.376250 0.000000 -3.514079 -0.480717
15093 -674411.376249 0.000000 -3.514079 -0.480717
15385 -674411.376250 0.000000 -3.514079 -0.480717
19960 -674411.376250 0.000000 -3.514079 -0.480717
20161 -674411.376250 0.000000 -3.514079 -0.480717
20149 -674411.376249 0.000000 -3.514079 -0.480717
24770 -674411.376249 0.000000 -3.514079 -0.480717
24704 -674411.376250 0.000000 -3.514079 -0.480717
29585 -674411.376249 0.000000 -3.514079 -0.480717
29647 -674411.376249 0.000000 -3.514079 -0.480717
34264 -674411.376249 0.000000 -3.514079 -0.480717
34113 -674411.376249 0.000000 -3.514079 -0.480717
1081 -674411.369576 0.000000 -3.507405 -0.474044
1067 -674411.369576 0.000000 -3.507405 -0.474044
5600 -674411.369576 0.000000 -3.507405 -0.474044
5892 -674411.369576 0.000000 -3.507406 -0.474044
10460 -674411.369576 0.000000 -3.507405 -0.474044
10547 -674411.369576 0.000000 -3.507405 -0.474044
15051 -674411.369576 0.000000 -3.507405 -0.474044
15364 -674411.369576 0.000000 -3.507405 -0.474044
14890 -674411.369576 0.000000 -3.507405 -0.474044
19882 -674411.369576 0.000000 -3.507405 -0.474044
20148 -674411.369576 0.000000 -3.507405 -0.474044
24769 -674411.369576 0.000000 -3.507405 -0.474044
24705 -674411.369576 0.000000 -3.507405 -0.474044
105322 -674411.369576 0.000000 -3.507405 -0.474044
29640 -674411.369576 0.000000 -3.507405 -0.474044
34233 -674411.369576 0.000000 -3.507405 -0.474044
34398 -674411.369576 0.000000 -3.507405 -0.474044
651 -674411.557363 0.000000 -3.695192 -0.661831
1057 -674411.557363 0.000000 -3.695192 -0.661831
5562 -674411.557363 0.000000 -3.695192 -0.661831
5874 -674411.557363 0.000000 -3.695192 -0.661831
10418 -674411.557363 0.000000 -3.695192 -0.661831
10550 -674411.557363 0.000000 -3.695192 -0.661831
10459 -674411.557363 0.000000 -3.695192 -0.661831
15367 -674411.557363 0.000000 -3.695192 -0.661831
14889 -674411.557363 0.000000 -3.695192 -0.661831
19875 -674411.557363 0.000000 -3.695192 -0.661831
20145 -674411.557363 0.000000 -3.695192 -0.661831
24741 -674411.557363 0.000000 -3.695192 -0.661831
24792 -674411.557363 0.000000 -3.695192 -0.661831
29369 -674411.557363 0.000000 -3.695192 -0.661831
29643 -674411.557363 0.000000 -3.695192 -0.661831
34236 -674411.557363 0.000000 -3.695192 -0.661831
34384 -674411.557363 0.000000 -3.695192 -0.661831
1636 -674411.386107 0.000000 -3.523937 -0.490575
1277 -674411.386107 0.000000 -3.523937 -0.490575
6251 -674411.386107 0.000000 -3.523936 -0.490575
5977 -674411.386107 0.000000 -3.523936 -0.490575
5998 -674411.386107 0.000000 -3.523937 -0.490575
10894 -674411.386107 0.000000 -3.523936 -0.490575
10686 -674411.386107 0.000000 -3.523936 -0.490575
15541 -674411.386107 0.000000 -3.523937 -0.490575
15490 -674411.386107 0.000000 -3.523936 -0.490575
20418 -674411.386107 0.000000 -3.523936 -0.490575
20190 -674411.386107 0.000000 -3.523937 -0.490575
25068 -674411.386107 0.000000 -3.523936 -0.490575
24925 -674411.386107 0.000000 -3.523936 -0.490575
30088 -674411.386107 0.000000 -3.523936 -0.490575
29743 -674411.386107 0.000000 -3.523937 -0.490575
34690 -674411.386107 0.000000 -3.523937 -0.490575
34441 -674411.386107 0.000000 -3.523937 -0.490575
1278 -674411.274517 0.000000 -3.412346 -0.378985
1183 -674411.274517 0.000000 -3.412346 -0.378985
5978 -674411.274517 0.000000 -3.412346 -0.378984
6000 -674411.274517 0.000000 -3.412346 -0.378984
10923 -674411.274517 0.000000 -3.412346 -0.378984
10695 -674411.274517 0.000000 -3.412346 -0.378985
15574 -674411.274517 0.000000 -3.412346 -0.378985
15491 -674411.274517 0.000000 -3.412346 -0.378985
20419 -674411.274517 0.000000 -3.412346 -0.378985
20191 -674411.274517 0.000000 -3.412346 -0.378985
25069 -674411.274517 0.000000 -3.412346 -0.378984
25129 -674411.274517 0.000000 -3.412346 -0.378985
30119 -674411.274517 0.000000 -3.412346 -0.378984
29762 -674411.274517 0.000000 -3.412346 -0.378984
34734 -674411.274517 0.000000 -3.412346 -0.378984
34461 -674411.274517 0.000000 -3.412346 -0.378985
34420 -674411.274517 0.000000 -3.412346 -0.378984
1301 -674411.295923 0.000000 -3.433752 -0.400391
1184 -674411.295923 0.000000 -3.433752 -0.400391
6344 -674411.295923 0.000000 -3.433752 -0.400391
5999 -674411.295923 0.000000 -3.433752 -0.400391
10922 -674411.295923 0.000000 -3.433752 -0.400391
10694 -674411.295923 0.000000 -3.433752 -0.400391
15573 -674411.295923 0.000000 -3.433752 -0.400391
15501 -674411.295923 0.000000 -3.433752 -0.400391
20454 -674411.295923 0.000000 -3.433752 -0.400391
20202 -674411.295923 0.000000 -3.433752 -0.400391
25105 -674411.295923 0.000000 -3.433752 -0.400391
25128 -674411.295923 0.000000 -3.433752 -0.400391
30118 -674411.295923 0.000000 -3.433752 -0.400391
29761 -674411.295923 0.000000 -3.433752 -0.400391
29664 -674411.295923 0.000000 -3.433752 -0.400391
34627 -674411.295923 0.000000 -3.433752 -0.400391
34422 -674411.295923 0.000000 -3.433752 -0.400391
1302 -674411.278723 0.000000 -3.416552 -0.383191
1185 -674411.278723 0.000000 -3.416552 -0.383191
6353 -674411.278723 0.000000 -3.416552 -0.383191
6010 -674411.278723 0.000000 -3.416552 -0.383191
10957 -674411.278723 0.000000 -3.416552 -0.383191
10707 -674411.278723 0.000000 -3.416552 -0.383191
15844 -674411.278723 0.000000 -3.416552 -0.383191
15502 -674411.278723 0.000000 -3.416552 -0.383191
20455 -674411.278723 0.000000 -3.416552 -0.383191
20203 -674411.278723 0.000000 -3.416552 -0.383191
25106 -674411.278723 0.000000 -3.416552 -0.383191
25140 -674411.278723 0.000000 -3.416552 -0.383191
24930 -674411.278723 0.000000 -3.416552 -0.383191
29784 -674411.278723 0.000000 -3.416552 -0.383191
29666 -674411.278723 0.000000 -3.416552 -0.383191
34628 -674411.278723 0.000000 -3.416552 -0.383191
34423 -674411.278723 0.000000 -3.416552 -0.383191
1333 -674411.257243 0.000000 -3.395073 -0.361711
1191 -674411.257243 0.000000 -3.395073 -0.361711
6352 -674411.257243 0.000000 -3.395073 -0.361711
6009 -674411.257243 0.000000 -3.395073 -0.361711
10956 -674411.257243 0.000000 -3.395073 -0.361711
10706 -674411.257243 0.000000 -3.395073 -0.361711
15874 -674411.257243 0.000000 -3.395073 -0.361711
15518 -674411.257243 0.000000 -3.395072 -0.361711
15421 -674411.257243 0.000000 -3.395072 -0.361711
20221 -674411.257243 0.000000 -3.395073 -0.361711
20242 -674411.257243 0.000000 -3.395073 -0.361711
25139 -674411.257243 0.000000 -3.395072 -0.361711
24929 -674411.257243 0.000000 -3.395073 -0.361711
29783 -674411.257243 0.000000 -3.395073 -0.361711
29732 -674411.257243 0.000000 -3.395072 -0.361711
34655 -674411.257243 0.000000 -3.395073 -0.361711
34429 -674411.257243 0.000000 -3.395072 -0.361711
1334 -674411.225473 0.000000 -3.363302 -0.329941
1395 -674411.225473 0.000000 -3.363302 -0.329941
6382 -674411.225473 0.000000 -3.363302 -0.329941
6027 -674411.225473 0.000000 -3.363302 -0.329941
10998 -674411.225473 0.000000 -3.363302 -0.329941
10725 -674411.225473 0.000000 -3.363302 -0.329941
10685 -674411.225473 0.000000 -3.363302 -0.329941
15519 -674411.225473 0.000000 -3.363302 -0.329941
15422 -674411.225473 0.000000 -3.363302 -0.329941
20222 -674411.225473 0.000000 -3.363302 -0.329941
20244 -674411.225473 0.000000 -3.363302 -0.329941
25167 -674411.225473 0.000000 -3.363302 -0.329941
24936 -674411.225473 0.000000 -3.363302 -0.329941
29814 -674411.225473 0.000000 -3.363302 -0.329941
29733 -674411.225473 0.000000 -3.363302 -0.329941
34656 -674411.225473 0.000000 -3.363302 -0.329941
34430 -674411.225473 0.000000 -3.363302 -0.329941
1433 -674411.609468 0.000000 -3.747298 -0.713936
1201 -674411.609468 0.000000 -3.747298 -0.713936
6079 -674411.609468 0.000000 -3.747298 -0.713936
81893 -674411.609468 0.000000 -3.747298 -0.713936
11099 -674411.609468 0.000000 -3.747298 -0.713936
10753 -674411.609468 0.000000 -3.747298 -0.713936
15701 -674411.609468 0.000000 -3.747297 -0.713936
15449 -674411.609468 0.000000 -3.747298 -0.713936
20627 -674411.609468 0.000000 -3.747298 -0.713936
20271 -674411.609468 0.000000 -3.747298 -0.713936
25242 -674411.609468 0.000000 -3.747298 -0.713936
24967 -674411.609468 0.000000 -3.747298 -0.713936
24985 -674411.609468 0.000000 -3.747298 -0.713936
29882 -674411.609468 0.000000 -3.747297 -0.713936
29674 -674411.609468 0.000000 -3.747298 -0.713936
34527 -674411.609468 0.000000 -3.747298 -0.713936
34481 -674411.609468 0.000000 -3.747297 -0.713936
1434 -674411.699808 0.000000 -3.837637 -0.804276
1202 -674411.699808 0.000000 -3.837637 -0.804276
6080 -674411.699808 0.000000 -3.837637 -0.804276
6138 -674411.699808 0.000000 -3.837637 -0.804276
11131 -674411.699808 0.000000 -3.837637 -0.804276
10772 -674411.699808 0.000000 -3.837637 -0.804276
15743 -674411.699808 0.000000 -3.837637 -0.804276
91427 -674411.699808 0.000000 -3.837637 -0.804276
20628 -674411.699808 0.000000 -3.837637 -0.804276
20272 -674411.699808 0.000000 -3.837637 -0.804276
20171 -674411.699808 0.000000 -3.837637 -0.804276
24968 -674411.699808 0.000000 -3.837637 -0.804276
24989 -674411.699808 0.000000 -3.837637 -0.804276
29913 -674411.699808 0.000000 -3.837637 -0.804276
29681 -674411.699808 0.000000 -3.837637 -0.804276
34560 -674411.699808 0.000000 -3.837637 -0.804276
34482 -674411.699808 0.000000 -3.837637 -0.804276
1465 -674411.655056 0.000000 -3.792885 -0.759523
1213 -674411.655055 0.000000 -3.792885 -0.759523
6114 -674411.655056 0.000000 -3.792885 -0.759523
6137 -674411.655056 0.000000 -3.792885 -0.759523
11128 -674411.655056 0.000000 -3.792885 -0.759523
10769 -674411.655055 0.000000 -3.792885 -0.759523
15741 -674411.655056 0.000000 -3.792885 -0.759523
15642 -674411.655056 0.000000 -3.792885 -0.759523
15434 -674411.655056 0.000000 -3.792885 -0.759523
20293 -674411.655055 0.000000 -3.792885 -0.759523
20172 -674411.655056 0.000000 -3.792885 -0.759523
25333 -674411.655055 0.000000 -3.792885 -0.759523
24986 -674411.655055 0.000000 -3.792885 -0.759523
29910 -674411.655055 0.000000 -3.792885 -0.759523
29678 -674411.655056 0.000000 -3.792885 -0.759523
34557 -674411.655056 0.000000 -3.792885 -0.759523
34489 -674411.655055 0.000000 -3.792885 -0.759523
1466 -674411.647465 0.000000 -3.785294 -0.751932
1214 -674411.647465 0.000000 -3.785294 -0.751932
82071 -674411.647465 0.000000 -3.785294 -0.751932
6149 -674411.647465 0.000000 -3.785294 -0.751932
5943 -674411.647465 0.000000 -3.785294 -0.751932
10796 -674411.647465 0.000000 -3.785294 -0.751932
10677 -674411.647465 0.000000 -3.785294 -0.751932
15643 -674411.647465 0.000000 -3.785294 -0.751932
15435 -674411.647465 0.000000 -3.785294 -0.751932
20294 -674411.647465 0.000000 -3.785294 -0.751932
20173 -674411.647465 0.000000 -3.785294 -0.751932
25343 -674411.647465 0.000000 -3.785294 -0.751932
24998 -674411.647465 0.000000 -3.785294 -0.751932
29947 -674411.647465 0.000000 -3.785294 -0.751932
29693 -674411.647465 0.000000 -3.785294 -0.751932
34836 -674411.647465 0.000000 -3.785294 -0.751932
34490 -674411.647465 0.000000 -3.785294 -0.751932
1505 -674411.580392 0.000000 -3.718221 -0.684860
1230 -674411.580392 0.000000 -3.718222 -0.684860
1249 -674411.580392 0.000000 -3.718222 -0.684860
6146 -674411.580392 0.000000 -3.718222 -0.684860
5940 -674411.580392 0.000000 -3.718222 -0.684860
10793 -674411.580392 0.000000 -3.718222 -0.684860
10746 -674411.580392 0.000000 -3.718221 -0.684860
15669 -674411.580392 0.000000 -3.718222 -0.684860
15438 -674411.580392 0.000000 -3.718222 -0.684860
20322 -674411.580392 0.000000 -3.718222 -0.684860
20178 -674411.580392 0.000000 -3.718222 -0.684860
25341 -674411.580392 0.000000 -3.718222 -0.684860
24995 -674411.580392 0.000000 -3.718222 -0.684860
29944 -674411.580392 0.000000 -3.718222 -0.684860
29690 -674411.580392 0.000000 -3.718222 -0.684860
34864 -674411.580392 0.000000 -3.718222 -0.684860
34505 -674411.580392 0.000000 -3.718222 -0.684860
72387 -674411.527435 0.000000 -3.665264 -0.631902
1231 -674411.527435 0.000000 -3.665264 -0.631902
1253 -674411.527435 0.000000 -3.665264 -0.631902
6177 -674411.527435 0.000000 -3.665264 -0.631902
5948 -674411.527435 0.000000 -3.665264 -0.631902
10826 -674411.527435 0.000000 -3.665264 -0.631902
10747 -674411.527435 0.000000 -3.665264 -0.631902
15670 -674411.527434 0.000000 -3.665264 -0.631902
15439 -674411.527435 0.000000 -3.665264 -0.631902
20323 -674411.527435 0.000000 -3.665264 -0.631902
20381 -674411.527434 0.000000 -3.665264 -0.631902
25372 -674411.527435 0.000000 -3.665264 -0.631902
25014 -674411.527435 0.000000 -3.665264 -0.631902
29987 -674411.527435 0.000000 -3.665264 -0.631902
105668 -674411.527434 0.000000 -3.665264 -0.631902
34865 -674411.527435 0.000000 -3.665264 -0.631902
34506 -674411.527435 0.000000 -3.665264 -0.631902
1597 -674411.658986 0.000000 -3.796815 -0.763454
1250 -674411.658986 0.000000 -3.796815 -0.763453
6174 -674411.658986 0.000000 -3.796815 -0.763454
5945 -674411.658986 0.000000 -3.796815 -0.763454
10823 -674411.658986 0.000000 -3.796815 -0.763454
10754 -674411.658986 0.000000 -3.796815 -0.763453
15702 -674411.658986 0.000000 -3.796815 -0.763454
15450 -674411.658986 0.000000 -3.796815 -0.763454
20357 -674411.658986 0.000000 -3.796815 -0.763454
20380 -674411.658986 0.000000 -3.796815 -0.763453
25370 -674411.658986 0.000000 -3.796815 -0.763453
25011 -674411.658986 0.000000 -3.796815 -0.763453
29985 -674411.658986 0.000000 -3.796815 -0.763453
29883 -674411.658986 0.000000 -3.796815 -0.763453
29675 -674411.658986 0.000000 -3.796815 -0.763454
34528 -674411.658986 0.000000 -3.796815 -0.763454
34410 -674411.658986 0.000000 -3.796815 -0.763454
1635 -674411.786866 0.000000 -3.924695 -0.891334
1276 -674411.786866 0.000000 -3.924695 -0.891334
1182 -674411.786866 0.000000 -3.924695 -0.891333
6147 -674411.786866 0.000000 -3.924695 -0.891333
5941 -674411.786866 0.000000 -3.924695 -0.891333
10794 -674411.786866 0.000000 -3.924695 -0.891334
10675 -674411.786866 0.000000 -3.924695 -0.891333
15835 -674411.786866 0.000000 -3.924695 -0.891334
15489 -674411.786866 0.000000 -3.924695 -0.891334
20417 -674411.786866 0.000000 -3.924695 -0.891334
20189 -674411.786866 0.000000 -3.924695 -0.891334
25067 -674411.786866 0.000000 -3.924695 -0.891334
24996 -674411.786866 0.000000 -3.924695 -0.891334
29945 -674411.786866 0.000000 -3.924695 -0.891334
29691 -674411.786866 0.000000 -3.924695 -0.891334
34593 -674411.786866 0.000000 -3.924695 -0.891333
34616 -674411.786866 0.000000 -3.924695 -0.891334
72402 -674411.821429 0.000000 -3.959259 -0.925897
1303 -674411.821429 0.000000 -3.959259 -0.925897
1186 -674411.821429 0.000000 -3.959259 -0.925897
6148 -674411.821429 0.000000 -3.959259 -0.925897
5942 -674411.821429 0.000000 -3.959259 -0.925897
10795 -674411.821429 0.000000 -3.959259 -0.925897
10676 -674411.821429 0.000000 -3.959259 -0.925897
15845 -674411.821429 0.000000 -3.959259 -0.925897
15503 -674411.821429 0.000000 -3.959258 -0.925897
20456 -674411.821429 0.000000 -3.959259 -0.925897
20204 -674411.821429 0.000000 -3.959259 -0.925897
25342 -674411.821429 0.000000 -3.959259 -0.925897
24997 -674411.821429 0.000000 -3.959259 -0.925897
29946 -674411.821429 0.000000 -3.959259 -0.925897
29692 -674411.821429 0.000000 -3.959259 -0.925897
110550 -674411.821429 0.000000 -3.959259 -0.925897
34629 -674411.821429 0.000000 -3.959259 -0.925897
1605 -674411.376974 0.000000 -3.514803 -0.481441
1260 -674411.376974 0.000000 -3.514803 -0.481441
6209 -674411.376974 0.000000 -3.514803 -0.481441
5957 -674411.376974 0.000000 -3.514803 -0.481441
11129 -674411.376974 0.000000 -3.514803 -0.481441
10770 -674411.376974 0.000000 -3.514803 -0.481441
15742 -674411.376974 0.000000 -3.514803 -0.481441
15469 -674411.376974 0.000000 -3.514803 -0.481441
15488 -674411.376974 0.000000 -3.514803 -0.481441
20389 -674411.376973 0.000000 -3.514803 -0.481441
20183 -674411.376974 0.000000 -3.514803 -0.481441
25035 -674411.376974 0.000000 -3.514803 -0.481441
24987 -674411.376974 0.000000 -3.514803 -0.481441
29911 -674411.376974 0.000000 -3.514803 -0.481441
29679 -674411.376974 0.000000 -3.514803 -0.481441
34558 -674411.376974 0.000000 -3.514803 -0.481441
110372 -674411.376974 0.000000 -3.514803 -0.481441
1637 -674411.534530 0.000000 -3.672359 -0.638997
1279 -674411.534530 0.000000 -3.672359 -0.638998
6252 -674411.534530 0.000000 -3.672359 -0.638997
81935 -674411.534530 0.000000 -3.672359 -0.638997
11130 -674411.534530 0.000000 -3.672359 -0.638997
10771 -674411.534530 0.000000 -3.672359 -0.638998
10674 -674411.534530 0.000000 -3.672359 -0.638998
15470 -674411.534530 0.000000 -3.672359 -0.638998
15492 -674411.534530 0.000000 -3.672359 -0.638997
20420 -674411.534530 0.000000 -3.672359 -0.638998
20192 -674411.534530 0.000000 -3.672359 -0.638998
25070 -674411.534530 0.000000 -3.672359 -0.638997
24988 -674411.534530 0.000000 -3.672359 -0.638998
29912 -674411.534530 0.000000 -3.672359 -0.638997
29680 -674411.534530 0.000000 -3.672359 -0.638998
34559 -674411.534530 0.000000 -3.672359 -0.638997
34617 -674411.534530 0.000000 -3.672359 -0.638998
1300 -674411.858162 0.000000 -3.995991 -0.962629
1251 -674411.858162 0.000000 -3.995991 -0.962629
6175 -674411.858161 0.000000 -3.995990 -0.962629
5946 -674411.858162 0.000000 -3.995991 -0.962629
10824 -674411.858161 0.000000 -3.995991 -0.962629
10681 -674411.858162 0.000000 -3.995991 -0.962629
15843 -674411.858162 0.000000 -3.995991 -0.962629
15500 -674411.858161 0.000000 -3.995991 -0.962629
20453 -674411.858162 0.000000 -3.995991 -0.962629
20201 -674411.858162 0.000000 -3.995991 -0.962629
25371 -674411.858162 0.000000 -3.995991 -0.962629
25012 -674411.858162 0.000000 -3.995991 -0.962629
29986 -674411.858162 0.000000 -3.995991 -0.962629
29710 -674411.858162 0.000000 -3.995991 -0.962629
29730 -674411.858162 0.000000 -3.995991 -0.962629
34626 -674411.858162 0.000000 -3.995991 -0.962629
34421 -674411.858162 0.000000 -3.995991 -0.962629
1335 -674411.909387 0.000000 -4.047216 -1.013855
1252 -674411.909387 0.000000 -4.047216 -1.013855
6176 -674411.909387 0.000000 -4.047216 -1.013855
5947 -674411.909387 0.000000 -4.047216 -1.013855
10825 -674411.909387 0.000000 -4.047216 -1.013855
10884 -674411.909387 0.000000 -4.047216 -1.013855
15875 -674411.909387 0.000000 -4.047216 -1.013855
15520 -674411.909387 0.000000 -4.047216 -1.013855
20496 -674411.909387 0.000000 -4.047216 -1.013855
96179 -674411.909387 0.000000 -4.047216 -1.013855
20182 -674411.909387 0.000000 -4.047216 -1.013855
25013 -674411.909387 0.000000 -4.047216 -1.013855
24918 -674411.909387 0.000000 -4.047216 -1.013855
29711 -674411.909387 0.000000 -4.047216 -1.013855
29734 -674411.909387 0.000000 -4.047216 -1.013855
34657 -674411.909387 0.000000 -4.047216 -1.013855
34431 -674411.909387 0.000000 -4.047216 -1.013855
77288 -674411.961468 0.000000 -4.099297 -1.065936
1261 -674411.961468 0.000000 -4.099297 -1.065936
6210 -674411.961468 0.000000 -4.099297 -1.065936
5958 -674411.961468 0.000000 -4.099297 -1.065936
10860 -674411.961468 0.000000 -4.099297 -1.065936
10883 -674411.961468 0.000000 -4.099297 -1.065936
15873 -674411.961468 0.000000 -4.099297 -1.065936
15517 -674411.961468 0.000000 -4.099297 -1.065936
15420 -674411.961468 0.000000 -4.099297 -1.065936
20390 -674411.961468 0.000000 -4.099297 -1.065936
20184 -674411.961468 0.000000 -4.099297 -1.065936
25036 -674411.961468 0.000000 -4.099297 -1.065936
24919 -674411.961468 0.000000 -4.099297 -1.065936
30080 -674411.961468 0.000000 -4.099297 -1.065936
29731 -674411.961468 0.000000 -4.099297 -1.065936
34654 -674411.961468 0.000000 -4.099297 -1.065936
34428 -674411.961468 0.000000 -4.099297 -1.065936
1607 -674411.288048 0.000000 -3.425877 -0.392516
1263 -674411.288048 0.000000 -3.425877 -0.392516
6212 -674411.288048 0.000000 -3.425877 -0.392516
5960 -674411.288048 0.000000 -3.425877 -0.392515
11100 -674411.288048 0.000000 -3.425877 -0.392516
10755 -674411.288048 0.000000 -3.425877 -0.392515
15703 -674411.288048 0.000000 -3.425877 -0.392516
15451 -674411.288048 0.000000 -3.425877 -0.392516
96314 -674411.288048 0.000000 -3.425877 -0.392516
20392 -674411.288048 0.000000 -3.425877 -0.392515
20186 -674411.288048 0.000000 -3.425877 -0.392516
25038 -674411.288048 0.000000 -3.425877 -0.392515
24921 -674411.288048 0.000000 -3.425877 -0.392516
29884 -674411.288048 0.000000 -3.425877 -0.392515
29676 -674411.288047 0.000000 -3.425877 -0.392515
34529 -674411.288048 0.000000 -3.425877 -0.392516
34411 -674411.288048 0.000000 -3.425877 -0.392516
1606 -674412.521730 0.000000 -4.659559 -1.626197
1262 -674412.521730 0.000000 -4.659559 -1.626198
6211 -674412.521730 0.000000 -4.659559 -1.626198
5959 -674412.521730 0.000000 -4.659559 -1.626198
86817 -674412.521730 0.000000 -4.659559 -1.626197
10897 -674412.521730 0.000000 -4.659559 -1.626198
10689 -674412.521730 0.000000 -4.659559 -1.626197
15544 -674412.521729 0.000000 -4.659559 -1.626197
15425 -674412.521730 0.000000 -4.659559 -1.626198
20391 -674412.521730 0.000000 -4.659559 -1.626198
20185 -674412.521730 0.000000 -4.659559 -1.626198
25037 -674412.521730 0.000000 -4.659559 -1.626197
24920 -674412.521730 0.000000 -4.659559 -1.626197
30090 -674412.521730 0.000000 -4.659559 -1.626198
29746 -674412.521730 0.000000 -4.659559 -1.626197
34693 -674412.521729 0.000000 -4.659559 -1.626197
34444 -674412.521729 0.000000 -4.659559 -1.626197
1408 -674412.521729 0.000000 -4.659559 -1.626197
1198 -674412.521730 0.000000 -4.659559 -1.626198
6052 -674412.521730 0.000000 -4.659559 -1.626198
5932 -674412.521730 0.000000 -4.659559 -1.626197
11101 -674412.521730 0.000000 -4.659559 -1.626198
10756 -674412.521730 0.000000 -4.659559 -1.626198
15704 -674412.521730 0.000000 -4.659559 -1.626197
15452 -674412.521730 0.000000 -4.659559 -1.626198
20600 -674412.521730 0.000000 -4.659559 -1.626198
20256 -674412.521729 0.000000 -4.659559 -1.626197
25203 -674412.521730 0.000000 -4.659559 -1.626197
24951 -674412.521730 0.000000 -4.659559 -1.626198
105808 -674412.521730 0.000000 -4.659559 -1.626198
29885 -674412.521730 0.000000 -4.659559 -1.626198
34907 -674412.521729 0.000000 -4.659559 -1.626197
34530 -674412.521730 0.000000 -4.659559 -1.626198
34412 -674412.521730 0.000000 -4.659559 -1.626198
77330 -674411.288048 0.000000 -3.425877 -0.392515
1409 -674411.288048 0.000000 -3.425877 -0.392516
6427 -674411.288048 0.000000 -3.425877 -0.392515
6053 -674411.288048 0.000000 -3.425877 -0.392516
5933 -674411.288048 0.000000 -3.425877 -0.392515
10900 -674411.288048 0.000000 -3.425877 -0.392516
10692 -674411.288048 0.000000 -3.425877 -0.392516
15547 -674411.288047 0.000000 -3.425877 -0.392515
15427 -674411.288048 0.000000 -3.425877 -0.392515
20601 -674411.288047 0.000000 -3.425877 -0.392515
20257 -674411.288048 0.000000 -3.425877 -0.392515
25204 -674411.288048 0.000000 -3.425877 -0.392516
24952 -674411.288048 0.000000 -3.425877 -0.392515
30092 -674411.288048 0.000000 -3.425877 -0.392515
29749 -674411.288048 0.000000 -3.425877 -0.392516
34696 -674411.288048 0.000000 -3.425877 -0.392516
34447 -674411.288048 0.000000 -3.425877 -0.392516
1504 -674411.961468 0.000000 -4.099297 -1.065936
1407 -674411.961468 0.000000 -4.099297 -1.065936
1197 -674411.961468 0.000000 -4.099297 -1.065936
6051 -674411.961468 0.000000 -4.099297 -1.065936
5931 -674411.961468 0.000000 -4.099297 -1.065936
11091 -674411.961468 0.000000 -4.099297 -1.065936
10745 -674411.961468 0.000000 -4.099297 -1.065936
15668 -674411.961468 0.000000 -4.099297 -1.065936
15437 -674411.961468 0.000000 -4.099297 -1.065936
96277 -674411.961468 0.000000 -4.099297 -1.065936
20255 -674411.961468 0.000000 -4.099297 -1.065936
25202 -674411.961468 0.000000 -4.099297 -1.065936
24950 -674411.961468 0.000000 -4.099297 -1.065936
29851 -674411.961468 0.000000 -4.099297 -1.065936
29873 -674411.961468 0.000000 -4.099297 -1.065936
34863 -674411.961468 0.000000 -4.099297 -1.065936
34504 -674411.961468 0.000000 -4.099297 -1.065936
1506 -674411.909387 0.000000 -4.047216 -1.013855
77188 -674411.909387 0.000000 -4.047216 -1.013855
6385 -674411.909387 0.000000 -4.047216 -1.013855
6030 -674411.909387 0.000000 -4.047216 -1.013855
5929 -674411.909387 0.000000 -4.047216 -1.013855
10727 -674411.909387 0.000000 -4.047216 -1.013855
10748 -674411.909387 0.000000 -4.047216 -1.013855
15671 -674411.909387 0.000000 -4.047216 -1.013855
15440 -674411.909387 0.000000 -4.047216 -1.013855
20324 -674411.909387 0.000000 -4.047216 -1.013855
20247 -674411.909387 0.000000 -4.047216 -1.013854
25170 -674411.909387 0.000000 -4.047216 -1.013855
24939 -674411.909387 0.000000 -4.047216 -1.013855
29817 -674411.909387 0.000000 -4.047216 -1.013855
29874 -674411.909387 0.000000 -4.047216 -1.013855
34866 -674411.909387 0.000000 -4.047216 -1.013855
34507 -674411.909387 0.000000 -4.047216 -1.013855
1464 -674411.858162 0.000000 -3.995991 -0.962629
1212 -674411.858162 0.000000 -3.995991 -0.962629
6384 -674411.858162 0.000000 -3.995991 -0.962629
6029 -674411.858162 0.000000 -3.995991 -0.962629
11000 -674411.858162 0.000000 -3.995991 -0.962629
10726 -674411.858162 0.000000 -3.995991 -0.962629
16614 -674411.858162 0.000000 -3.995991 -0.962629
15641 -674411.858162 0.000000 -3.995991 -0.962629
15433 -674411.858162 0.000000 -3.995991 -0.962629
20292 -674411.858161 0.000000 -3.995991 -0.962629
20246 -674411.858162 0.000000 -3.995991 -0.962629
25169 -674411.858162 0.000000 -3.995991 -0.962629
24938 -674411.858162 0.000000 -3.995991 -0.962629
29816 -674411.858162 0.000000 -3.995991 -0.962629
29671 -674411.858162 0.000000 -3.995991 -0.962629
34835 -674411.858162 0.000000 -3.995991 -0.962629
34488 -674411.858162 0.000000 -3.995991 -0.962629
1435 -674411.534530 0.000000 -3.672359 -0.638998
1203 -674411.534530 0.000000 -3.672359 -0.638998
6081 -674411.534530 0.000000 -3.672359 -0.638997
6003 -674411.534530 0.000000 -3.672359 -0.638997
10926 -674411.534530 0.000000 -3.672359 -0.638997
10698 -674411.534530 0.000000 -3.672359 -0.638997
15577 -674411.534530 0.000000 -3.672359 -0.638998
15633 -674411.534530 0.000000 -3.672359 -0.638998
20629 -674411.534530 0.000000 -3.672359 -0.638997
20273 -674411.534530 0.000000 -3.672359 -0.638997
25243 -674411.534530 0.000000 -3.672359 -0.638998
100925 -674411.534530 0.000000 -3.672359 -0.638998
30122 -674411.534530 0.000000 -3.672359 -0.638998
29765 -674411.534530 0.000000 -3.672359 -0.638997
29665 -674411.534530 0.000000 -3.672359 -0.638998
34463 -674411.534530 0.000000 -3.672359 -0.638997
34483 -674411.534530 0.000000 -3.672359 -0.638997
1854 -674411.376974 0.000000 -3.514803 -0.481441
1406 -674411.376974 0.000000 -3.514803 -0.481441
1196 -674411.376974 0.000000 -3.514803 -0.481441
6050 -674411.376974 0.000000 -3.514803 -0.481441
6002 -674411.376974 0.000000 -3.514803 -0.481441
10925 -674411.376974 0.000000 -3.514803 -0.481441
10697 -674411.376974 0.000000 -3.514803 -0.481441
15576 -674411.376974 0.000000 -3.514803 -0.481441
91386 -674411.376974 0.000000 -3.514803 -0.481441
20599 -674411.376974 0.000000 -3.514803 -0.481441
20254 -674411.376974 0.000000 -3.514803 -0.481441
25201 -674411.376973 0.000000 -3.514803 -0.481441
24949 -674411.376974 0.000000 -3.514803 -0.481441
30121 -674411.376974 0.000000 -3.514803 -0.481441
29764 -674411.376974 0.000000 -3.514803 -0.481441
34736 -674411.376974 0.000000 -3.514803 -0.481441
34462 -674411.376973 0.000000 -3.514802 -0.481441
1467 -674411.821429 0.000000 -3.959259 -0.925897
1215 -674411.821429 0.000000 -3.959259 -0.925897
6355 -674411.821429 0.000000 -3.959259 -0.925897
6013 -674411.821429 0.000000 -3.959259 -0.925897
10960 -674411.821429 0.000000 -3.959259 -0.925897
10710 -674411.821429 0.000000 -3.959259 -0.925897
91568 -674411.821429 0.000000 -3.959259 -0.925897
15644 -674411.821429 0.000000 -3.959259 -0.925897
20670 -674411.821429 0.000000 -3.959259 -0.925897
20295 -674411.821429 0.000000 -3.959259 -0.925897
20174 -674411.821429 0.000000 -3.959259 -0.925897
25143 -674411.821429 0.000000 -3.959259 -0.925897
24933 -674411.821429 0.000000 -3.959259 -0.925897
29787 -674411.821429 0.000000 -3.959259 -0.925897
29668 -674411.821429 0.000000 -3.959258 -0.925897
34837 -674411.821429 0.000000 -3.959259 -0.925897
34491 -674411.821429 0.000000 -3.959259 -0.925897
1432 -674411.786866 0.000000 -3.924695 -0.891333
1200 -674411.786866 0.000000 -3.924695 -0.891334
6078 -674411.786866 0.000000 -3.924695 -0.891334
6012 -674411.786866 0.000000 -3.924695 -0.891334
10959 -674411.786866 0.000000 -3.924695 -0.891334
10709 -674411.786865 0.000000 -3.924695 -0.891333
15611 -674411.786866 0.000000 -3.924695 -0.891334
15632 -674411.786866 0.000000 -3.924695 -0.891334
20626 -674411.786866 0.000000 -3.924695 -0.891334
20270 -674411.786866 0.000000 -3.924695 -0.891334
25241 -674411.786866 0.000000 -3.924695 -0.891334
25142 -674411.786866 0.000000 -3.924695 -0.891334
24932 -674411.786866 0.000000 -3.924695 -0.891334
29786 -674411.786866 0.000000 -3.924695 -0.891333
29667 -674411.786866 0.000000 -3.924695 -0.891334
34827 -674411.786866 0.000000 -3.924695 -0.891334
34480 -674411.786866 0.000000 -3.924695 -0.891334
1373 -674411.658986 0.000000 -3.796815 -0.763453
1396 -674411.658986 0.000000 -3.796815 -0.763453
6383 -674411.658986 0.000000 -3.796815 -0.763454
6028 -674411.658986 0.000000 -3.796815 -0.763453
10999 -674411.658986 0.000000 -3.796815 -0.763454
10899 -674411.658986 0.000000 -3.796815 -0.763453
10691 -674411.658986 0.000000 -3.796815 -0.763453
15546 -674411.658986 0.000000 -3.796815 -0.763453
15426 -674411.658986 0.000000 -3.796815 -0.763454
20590 -674411.658986 0.000000 -3.796815 -0.763454
20245 -674411.658986 0.000000 -3.796815 -0.763453
25168 -674411.658986 0.000000 -3.796815 -0.763454
24937 -674411.658986 0.000000 -3.796815 -0.763454
29815 -674411.658986 0.000000 -3.796815 -0.763454
29748 -674411.658986 0.000000 -3.796815 -0.763454
34695 -674411.658986 0.000000 -3.796815 -0.763454
34446 -674411.658986 0.000000 -3.796815 -0.763454
1338 -674411.527435 0.000000 -3.665264 -0.631902
1397 -674411.527435 0.000000 -3.665264 -0.631902
6386 -674411.527435 0.000000 -3.665264 -0.631902
6031 -674411.527435 0.000000 -3.665264 -0.631902
11001 -674411.527435 0.000000 -3.665264 -0.631902
86684 -674411.527435 0.000000 -3.665264 -0.631902
15878 -674411.527435 0.000000 -3.665264 -0.631902
15523 -674411.527435 0.000000 -3.665264 -0.631902
20499 -674411.527435 0.000000 -3.665264 -0.631902
20225 -674411.527435 0.000000 -3.665264 -0.631902
20248 -674411.527435 0.000000 -3.665264 -0.631902
25171 -674411.527435 0.000000 -3.665264 -0.631902
24940 -674411.527435 0.000000 -3.665264 -0.631902
29818 -674411.527434 0.000000 -3.665264 -0.631902
29737 -674411.527435 0.000000 -3.665264 -0.631902
34660 -674411.527435 0.000000 -3.665264 -0.631902
34434 -674411.527435 0.000000 -3.665264 -0.631902
1337 -674411.580392 0.000000 -3.718222 -0.684860
1192 -674411.580392 0.000000 -3.718222 -0.684860
6354 -674411.580392 0.000000 -3.718222 -0.684860
6011 -674411.580392 0.000000 -3.718222 -0.684860
10958 -674411.580392 0.000000 -3.718222 -0.684860
10708 -674411.580392 0.000000 -3.718222 -0.684860
15877 -674411.580392 0.000000 -3.718222 -0.684860
15522 -674411.580392 0.000000 -3.718222 -0.684860
20498 -674411.580392 0.000000 -3.718222 -0.684860
20224 -674411.580392 0.000000 -3.718222 -0.684860
25590 -674411.580392 0.000000 -3.718222 -0.684860
25141 -674411.580392 0.000000 -3.718222 -0.684860
24931 -674411.580392 0.000000 -3.718222 -0.684860
29785 -674411.580392 0.000000 -3.718221 -0.684860
29736 -674411.580392 0.000000 -3.718222 -0.684860
34659 -674411.580392 0.000000 -3.718221 -0.684860
34433 -674411.580392 0.000000 -3.718222 -0.684860
1306 -674411.647465 0.000000 -3.785294 -0.751932
1188 -674411.647465 0.000000 -3.785294 -0.751932
6356 -674411.647465 0.000000 -3.785294 -0.751932
6014 -674411.647465 0.000000 -3.785294 -0.751932
10961 -674411.647465 0.000000 -3.785294 -0.751932
10711 -674411.647465 0.000000 -3.785294 -0.751932
15847 -674411.647465 0.000000 -3.785294 -0.751932
15506 -674411.647465 0.000000 -3.785294 -0.751932
20459 -674411.647465 0.000000 -3.785294 -0.751932
20207 -674411.647465 0.000000 -3.785294 -0.751932
101064 -674411.647465 0.000000 -3.785294 -0.751932
25144 -674411.647465 0.000000 -3.785294 -0.751932
30164 -674411.647465 0.000000 -3.785294 -0.751932
29788 -674411.647465 0.000000 -3.785294 -0.751932
29669 -674411.647465 0.000000 -3.785294 -0.751932
34632 -674411.647465 0.000000 -3.785294 -0.751932
34427 -674411.647465 0.000000 -3.785294 -0.751932
72404 -674411.655055 0.000000 -3.792885 -0.759523
1305 -674411.655055 0.000000 -3.792885 -0.759523
1187 -674411.655055 0.000000 -3.792885 -0.759523
6345 -674411.655056 0.000000 -3.792885 -0.759523
6001 -674411.655055 0.000000 -3.792885 -0.759523
10924 -674411.655055 0.000000 -3.792885 -0.759523
10696 -674411.655055 0.000000 -3.792885 -0.759523
15575 -674411.655056 0.000000 -3.792885 -0.759523
15505 -674411.655055 0.000000 -3.792885 -0.759523
20458 -674411.655055 0.000000 -3.792885 -0.759523
20206 -674411.655056 0.000000 -3.792885 -0.759523
25107 -674411.655055 0.000000 -3.792885 -0.759523
25130 -674411.655056 0.000000 -3.792885 -0.759523
30120 -674411.655055 0.000000 -3.792885 -0.759523
29763 -674411.655055 0.000000 -3.792885 -0.759523
34735 -674411.655056 0.000000 -3.792885 -0.759523
34631 -674411.655056 0.000000 -3.792885 -0.759523
1640 -674411.699808 0.000000 -3.837637 -0.804276
1282 -674411.699808 0.000000 -3.837637 -0.804276
6255 -674411.699808 0.000000 -3.837637 -0.804276
5981 -674411.699808 0.000000 -3.837637 -0.804276
6004 -674411.699808 0.000000 -3.837637 -0.804276
10927 -674411.699808 0.000000 -3.837637 -0.804276
10699 -674411.699808 0.000000 -3.837637 -0.804276
15578 -674411.699808 0.000000 -3.837637 -0.804276
15495 -674411.699808 0.000000 -3.837637 -0.804276
20423 -674411.699808 0.000000 -3.837637 -0.804276
20195 -674411.699808 0.000000 -3.837637 -0.804276
25073 -674411.699808 0.000000 -3.837637 -0.804276
25131 -674411.699808 0.000000 -3.837637 -0.804276
30123 -674411.699808 0.000000 -3.837637 -0.804276
29766 -674411.699808 0.000000 -3.837637 -0.804276
34737 -674411.699808 0.000000 -3.837637 -0.804276
110420 -674411.699808 0.000000 -3.837637 -0.804276
1639 -674411.609468 0.000000 -3.747298 -0.713936
1281 -674411.609468 0.000000 -3.747298 -0.713936
6254 -674411.609468 0.000000 -3.747298 -0.713936
5980 -674411.609468 0.000000 -3.747298 -0.713936
11347 -674411.609468 0.000000 -3.747298 -0.713936
10898 -674411.609468 0.000000 -3.747298 -0.713936
10690 -674411.609468 0.000000 -3.747297 -0.713936
15545 -674411.609468 0.000000 -3.747298 -0.713936
15494 -674411.609468 0.000000 -3.747298 -0.713936
20422 -674411.609468 0.000000 -3.747298 -0.713936
20194 -674411.609468 0.000000 -3.747298 -0.713936
25072 -674411.609468 0.000000 -3.747298 -0.713936
100882 -674411.609468 0.000000 -3.747298 -0.713936
30091 -674411.609468 0.000000 -3.747298 -0.713936
29747 -674411.609468 0.000000 -3.747298 -0.713936
34694 -674411.609468 0.000000 -3.747297 -0.713936
34445 -674411.609468 0.000000 -3.747298 -0.713936
1339 -674411.225473 0.000000 -3.363302 -0.329941
1256 -674411.225473 0.000000 -3.363302 -0.329941
6180 -674411.225473 0.000000 -3.363302 -0.329941
5951 -674411.225473 0.000000 -3.363302 -0.329941
10829 -674411.225473 0.000000 -3.363302 -0.329941
10886 -674411.225473 0.000000 -3.363302 -0.329941
15879 -674411.225473 0.000000 -3.363302 -0.329941
15524 -674411.225473 0.000000 -3.363302 -0.329941
20500 -674411.225473 0.000000 -3.363302 -0.329941
96182 -674411.225473 0.000000 -3.363302 -0.329941
25375 -674411.225473 0.000000 -3.363302 -0.329941
25017 -674411.225473 0.000000 -3.363302 -0.329941
29990 -674411.225473 0.000000 -3.363302 -0.329941
29714 -674411.225473 0.000000 -3.363302 -0.329941
29738 -674411.225473 0.000000 -3.363302 -0.329941
34661 -674411.225473 0.000000 -3.363302 -0.329941
34435 -674411.225473 0.000000 -3.363302 -0.329941
1304 -674411.257243 0.000000 -3.395073 -0.361711
1255 -674411.257243 0.000000 -3.395073 -0.361711
6179 -674411.257243 0.000000 -3.395072 -0.361711
5950 -674411.257243 0.000000 -3.395072 -0.361711
10828 -674411.257243 0.000000 -3.395073 -0.361711
86638 -674411.257243 0.000000 -3.395073 -0.361711
15846 -674411.257243 0.000000 -3.395073 -0.361711
15504 -674411.257243 0.000000 -3.395072 -0.361711
20457 -674411.257243 0.000000 -3.395073 -0.361711
20205 -674411.257243 0.000000 -3.395073 -0.361711
25374 -674411.257243 0.000000 -3.395073 -0.361711
25016 -674411.257243 0.000000 -3.395072 -0.361711
29989 -674411.257243 0.000000 -3.395072 -0.361711
29713 -674411.257243 0.000000 -3.395072 -0.361711
35082 -674411.257243 0.000000 -3.395073 -0.361711
34630 -674411.257243 0.000000 -3.395073 -0.361711
34425 -674411.257243 0.000000 -3.395073 -0.361711
1680 -674411.278723 0.000000 -3.416552 -0.383191
1307 -674411.278723 0.000000 -3.416552 -0.383191
7120 -674411.278723 0.000000 -3.416552 -0.383191
6152 -674411.278723 0.000000 -3.416552 -0.383191
5944 -674411.278723 0.000000 -3.416552 -0.383191
10799 -674411.278723 0.000000 -3.416552 -0.383191
10679 -674411.278723 0.000000 -3.416552 -0.383191
15848 -674411.278723 0.000000 -3.416552 -0.383191
15507 -674411.278723 0.000000 -3.416552 -0.383191
20460 -674411.278723 0.000000 -3.416552 -0.383191
20208 -674411.278723 0.000000 -3.416552 -0.383191
25345 -674411.278723 0.000000 -3.416552 -0.383191
25001 -674411.278723 0.000000 -3.416552 -0.383191
29950 -674411.278723 0.000000 -3.416552 -0.383191
29696 -674411.278723 0.000000 -3.416552 -0.383191
110552 -674411.278723 0.000000 -3.416552 -0.383191
34633 -674411.278723 0.000000 -3.416552 -0.383191
1638 -674411.295923 0.000000 -3.433752 -0.400391
1280 -674411.295923 0.000000 -3.433752 -0.400391
6253 -674411.295923 0.000000 -3.433752 -0.400391
6151 -674411.295923 0.000000 -3.433752 -0.400391
11173 -674411.295923 0.000000 -3.433752 -0.400391
10798 -674411.295923 0.000000 -3.433752 -0.400391
10678 -674411.295923 0.000000 -3.433752 -0.400391
15836 -674411.295923 0.000000 -3.433752 -0.400391
15493 -674411.295923 0.000000 -3.433752 -0.400391
20421 -674411.295923 0.000000 -3.433752 -0.400391
20193 -674411.295923 0.000000 -3.433752 -0.400391
101027 -674411.295923 0.000000 -3.433752 -0.400391
25000 -674411.295923 0.000000 -3.433752 -0.400391
29949 -674411.295923 0.000000 -3.433752 -0.400391
29695 -674411.295923 0.000000 -3.433752 -0.400391
34595 -674411.295923 0.000000 -3.433752 -0.400391
34618 -674411.295923 0.000000 -3.433752 -0.400391
1641 -674411.274517 0.000000 -3.412346 -0.378984
1283 -674411.274517 0.000000 -3.412346 -0.378985
6256 -674411.274517 0.000000 -3.412346 -0.378985
81938 -674411.274517 0.000000 -3.412346 -0.378984
11134 -674411.274517 0.000000 -3.412346 -0.378985
10775 -674411.274517 0.000000 -3.412346 -0.378985
15746 -674411.274517 0.000000 -3.412346 -0.378984
15473 -674411.274517 0.000000 -3.412346 -0.378984
15496 -674411.274517 0.000000 -3.412346 -0.378984
20424 -674411.274517 0.000000 -3.412346 -0.378985
20196 -674411.274517 0.000000 -3.412346 -0.378984
25074 -674411.274517 0.000000 -3.412346 -0.378984
24992 -674411.274517 0.000000 -3.412346 -0.378984
29916 -674411.274517 0.000000 -3.412346 -0.378984
29684 -674411.274516 0.000000 -3.412346 -0.378984
34563 -674411.274517 0.000000 -3.412346 -0.378984
34619 -674411.274517 0.000000 -3.412346 -0.378984
1608 -674411.386107 0.000000 -3.523936 -0.490575
1264 -674411.386107 0.000000 -3.523937 -0.490575
6213 -674411.386107 0.000000 -3.523936 -0.490575
5961 -674411.386107 0.000000 -3.523936 -0.490575
11133 -674411.386107 0.000000 -3.523936 -0.490575
10774 -674411.386107 0.000000 -3.523936 -0.490575
15745 -674411.386107 0.000000 -3.523936 -0.490575
15472 -674411.386107 0.000000 -3.523936 -0.490575
20844 -674411.386107 0.000000 -3.523936 -0.490575
20393 -674411.386107 0.000000 -3.523937 -0.490575
20187 -674411.386107 0.000000 -3.523936 -0.490575
25039 -674411.386107 0.000000 -3.523936 -0.490575
24991 -674411.386107 0.000000 -3.523936 -0.490575
29915 -674411.386107 0.000000 -3.523936 -0.490575
29683 -674411.386107 0.000000 -3.523937 -0.490575
34562 -674411.386107 0.000000 -3.523936 -0.490575
110373 -674411.386107 0.000000 -3.523936 -0.490575
1610 -674411.557363 0.000000 -3.695192 -0.661831
1267 -674411.557363 0.000000 -3.695192 -0.661831
6216 -674411.557363 0.000000 -3.695192 -0.661831
5964 -674411.557363 0.000000 -3.695192 -0.661831
11103 -674411.557363 0.000000 -3.695192 -0.661831
10759 -674411.557363 0.000000 -3.695192 -0.661831
15707 -674411.557363 0.000000 -3.695192 -0.661831
15455 -674411.557363 0.000000 -3.695192 -0.661831
96316 -674411.557363 0.000000 -3.695192 -0.661831
20396 -674411.557363 0.000000 -3.695192 -0.661831
25416 -674411.557363 0.000000 -3.695192 -0.661831
25042 -674411.557363 0.000000 -3.695192 -0.661831
30032 -674411.557363 0.000000 -3.695192 -0.661831
29888 -674411.557363 0.000000 -3.695192 -0.661831
29677 -674411.557363 0.000000 -3.695192 -0.661831
34533 -674411.557363 0.000000 -3.695192 -0.661831
34414 -674411.557363 0.000000 -3.695192 -0.661831
1598 -674411.369576 0.000000 -3.507405 -0.474044
1254 -674411.369576 0.000000 -3.507406 -0.474044
6178 -674411.369576 0.000000 -3.507406 -0.474044
5949 -674411.369576 0.000000 -3.507405 -0.474044
10827 -674411.369576 0.000000 -3.507405 -0.474044
10758 -674411.369576 0.000000 -3.507405 -0.474044
15706 -674411.369576 0.000000 -3.507405 -0.474044
15454 -674411.369576 0.000000 -3.507405 -0.474044
20359 -674411.369576 0.000000 -3.507405 -0.474044
20382 -674411.369576 0.000000 -3.507405 -0.474044
25373 -674411.369576 0.000000 -3.507405 -0.474044
25015 -674411.369576 0.000000 -3.507405 -0.474044
29988 -674411.369576 0.000000 -3.507406 -0.474044
29887 -674411.369576 0.000000 -3.507405 -0.474044
34909 -674411.369576 0.000000 -3.507405 -0.474044
34532 -674411.369576 0.000000 -3.507406 -0.474044
34413 -674411.369576 0.000000 -3.507405 -0.474044
1509 -674411.376249 0.000000 -3.514079 -0.480717
1234 -674411.376250 0.000000 -3.514079 -0.480717
1257 -674411.376249 0.000000 -3.514079 -0.480717
6181 -674411.376249 0.000000 -3.514079 -0.480717
5952 -674411.376250 0.000000 -3.514079 -0.480717
10830 -674411.376249 0.000000 -3.514079 -0.480717
10751 -674411.376250 0.000000 -3.514079 -0.480717
15674 -674411.376249 0.000000 -3.514079 -0.480717
15443 -674411.376249 0.000000 -3.514079 -0.480717
20327 -674411.376249 0.000000 -3.514079 -0.480717
20383 -674411.376250 0.000000 -3.514079 -0.480717
25376 -674411.376249 0.000000 -3.514079 -0.480717
25018 -674411.376250 0.000000 -3.514079 -0.480717
29991 -674411.376249 0.000000 -3.514079 -0.480717
105671 -674411.376249 0.000000 -3.514079 -0.480717
34869 -674411.376249 0.000000 -3.514079 -0.480717
34510 -674411.376250 0.000000 -3.514079 -0.480717
1508 -674411.379030 0.000000 -3.516860 -0.483498
1233 -674411.379030 0.000000 -3.516860 -0.483498
6599 -674411.379030 0.000000 -3.516860 -0.483498
6150 -674411.379030 0.000000 -3.516860 -0.483498
11172 -674411.379030 0.000000 -3.516860 -0.483498
10797 -674411.379030 0.000000 -3.516860 -0.483498
10750 -674411.379030 0.000000 -3.516860 -0.483498
15673 -674411.379030 0.000000 -3.516859 -0.483498
15442 -674411.379030 0.000000 -3.516860 -0.483498
20326 -674411.379030 0.000000 -3.516860 -0.483498
20179 -674411.379030 0.000000 -3.516860 -0.483498
25344 -674411.379030 0.000000 -3.516860 -0.483498
24999 -674411.379030 0.000000 -3.516860 -0.483498
29948 -674411.379030 0.000000 -3.516859 -0.483498
29694 -674411.379030 0.000000 -3.516860 -0.483498
34868 -674411.379030 0.000000 -3.516860 -0.483498
34509 -674411.379030 0.000000 -3.516860 -0.483498
1470 -674411.406535 0.000000 -3.544365 -0.511003
1218 -674411.406535 0.000000 -3.544364 -0.511003
82073 -674411.406535 0.000000 -3.544364 -0.511003
6153 -674411.406535 0.000000 -3.544364 -0.511003
11174 -674411.406535 0.000000 -3.544364 -0.511003
10800 -674411.406535 0.000000 -3.544364 -0.511003
15788 -674411.406535 0.000000 -3.544364 -0.511003
15647 -674411.406535 0.000000 -3.544364 -0.511003
15436 -674411.406535 0.000000 -3.544364 -0.511003
20298 -674411.406535 0.000000 -3.544364 -0.511003
20176 -674411.406535 0.000000 -3.544364 -0.511003
25346 -674411.406535 0.000000 -3.544364 -0.511003
25002 -674411.406535 0.000000 -3.544364 -0.511003
29951 -674411.406535 0.000000 -3.544364 -0.511003
29697 -674411.406535 0.000000 -3.544364 -0.511003
34839 -674411.406535 0.000000 -3.544364 -0.511003
34494 -674411.406535 0.000000 -3.544364 -0.511003
1469 -674411.406858 0.000000 -3.544687 -0.511326
1217 -674411.406858 0.000000 -3.544687 -0.511326
6116 -674411.406858 0.000000 -3.544687 -0.511326
6139 -674411.406858 0.000000 -3.544687 -0.511326
11132 -674411.406858 0.000000 -3.544687 -0.511326
10773 -674411.406858 0.000000 -3.544687 -0.511326
15744 -674411.406858 0.000000 -3.544687 -0.511326
15646 -674411.406858 0.000000 -3.544687 -0.511326
20672 -674411.406858 0.000000 -3.544687 -0.511326
20297 -674411.406858 0.000000 -3.544687 -0.511326
20175 -674411.406858 0.000000 -3.544687 -0.511326
25334 -674411.406858 0.000000 -3.544687 -0.511326
24990 -674411.406858 0.000000 -3.544687 -0.511326
29914 -674411.406858 0.000000 -3.544687 -0.511326
29682 -674411.406858 0.000000 -3.544687 -0.511326
34561 -674411.406858 0.000000 -3.544687 -0.511326
34493 -674411.406858 0.000000 -3.544687 -0.511326
1438 -674411.281678 0.000000 -3.419507 -0.386146
1206 -674411.281678 0.000000 -3.419507 -0.386146
6084 -674411.281678 0.000000 -3.419507 -0.386146
6140 -674411.281678 0.000000 -3.419507 -0.386146
11135 -674411.281678 0.000000 -3.419507 -0.386146
10776 -674411.281678 0.000000 -3.419507 -0.386146
15747 -674411.281678 0.000000 -3.419507 -0.386146
91430 -674411.281678 0.000000 -3.419507 -0.386146
20632 -674411.281678 0.000000 -3.419507 -0.386146
20276 -674411.281678 0.000000 -3.419507 -0.386146
25246 -674411.281678 0.000000 -3.419507 -0.386146
24971 -674411.281678 0.000000 -3.419507 -0.386146
24993 -674411.281678 0.000000 -3.419507 -0.386146
29917 -674411.281678 0.000000 -3.419507 -0.386146
29685 -674411.281678 0.000000 -3.419507 -0.386146
34564 -674411.281678 0.000000 -3.419507 -0.386146
34486 -674411.281678 0.000000 -3.419507 -0.386146
1371 -674411.277444 0.000000 -3.415273 -0.381912
1394 -674411.277444 0.000000 -3.415273 -0.381912
6381 -674411.277444 0.000000 -3.415273 -0.381912
6026 -674411.277444 0.000000 -3.415273 -0.381912
5928 -674411.277444 0.000000 -3.415273 -0.381912
10895 -674411.277444 0.000000 -3.415273 -0.381912
10687 -674411.277444 0.000000 -3.415273 -0.381912
15542 -674411.277444 0.000000 -3.415273 -0.381912
15423 -674411.277444 0.000000 -3.415273 -0.381912
96545 -674411.277444 0.000000 -3.415273 -0.381912
20243 -674411.277444 0.000000 -3.415273 -0.381912
25166 -674411.277444 0.000000 -3.415273 -0.381912
24935 -674411.277444 0.000000 -3.415273 -0.381912
29813 -674411.277444 0.000000 -3.415273 -0.381912
29744 -674411.277444 0.000000 -3.415273 -0.381912
34691 -674411.277444 0.000000 -3.415273 -0.381912
34442 -674411.277444 0.000000 -3.415273 -0.381912
1405 -674411.373999 0.000000 -3.511828 -0.478466
1195 -674411.373999 0.000000 -3.511828 -0.478466
6049 -674411.373998 0.000000 -3.511828 -0.478466
5930 -674411.373999 0.000000 -3.511828 -0.478466
10896 -674411.373999 0.000000 -3.511828 -0.478466
10688 -674411.373998 0.000000 -3.511828 -0.478466
15543 -674411.373999 0.000000 -3.511828 -0.478466
15424 -674411.373999 0.000000 -3.511828 -0.478466
20598 -674411.373999 0.000000 -3.511828 -0.478466
20253 -674411.373998 0.000000 -3.511828 -0.478466
25200 -674411.373998 0.000000 -3.511828 -0.478466
24948 -674411.373998 0.000000 -3.511828 -0.478466
30089 -674411.373998 0.000000 -3.511828 -0.478466
29745 -674411.373999 0.000000 -3.511828 -0.478466
34692 -674411.373999 0.000000 -3.511828 -0.478466
34443 -674411.373999 0.000000 -3.511828 -0.478466
39350 -674411.373999 0.000000 -3.511828 -0.478466
1609 -674411.373998 0.000000 -3.511828 -0.478466
1266 -674411.373998 0.000000 -3.511828 -0.478466
6215 -674411.373999 0.000000 -3.511828 -0.478466
5963 -674411.373999 0.000000 -3.511828 -0.478466
86819 -674411.373999 0.000000 -3.511828 -0.478466
10901 -674411.373999 0.000000 -3.511828 -0.478466
15919 -674411.373998 0.000000 -3.511828 -0.478466
15548 -674411.373999 0.000000 -3.511828 -0.478466
15428 -674411.373999 0.000000 -3.511828 -0.478466
20395 -674411.373999 0.000000 -3.511828 -0.478466
20188 -674411.373998 0.000000 -3.511828 -0.478466
25041 -674411.373999 0.000000 -3.511828 -0.478466
24923 -674411.373998 0.000000 -3.511828 -0.478466
30093 -674411.373999 0.000000 -3.511828 -0.478466
29750 -674411.373999 0.000000 -3.511828 -0.478466
34697 -674411.373999 0.000000 -3.511828 -0.478466
34448 -674411.373998 0.000000 -3.511827 -0.478466
1336 -674411.277444 0.000000 -3.415273 -0.381912
1265 -674411.277444 0.000000 -3.415273 -0.381912
6214 -674411.277444 0.000000 -3.415273 -0.381912
5962 -674411.277444 0.000000 -3.415273 -0.381912
10862 -674411.277444 0.000000 -3.415273 -0.381912
10885 -674411.277444 0.000000 -3.415273 -0.381912
15876 -674411.277444 0.000000 -3.415273 -0.381912
15521 -674411.277444 0.000000 -3.415273 -0.381912
20497 -674411.277444 0.000000 -3.415273 -0.381912
20394 -674411.277444 0.000000 -3.415273 -0.381912
25415 -674411.277444 0.000000 -3.415273 -0.381912
25040 -674411.277444 0.000000 -3.415273 -0.381912
24922 -674411.277444 0.000000 -3.415273 -0.381912
30081 -674411.277444 0.000000 -3.415273 -0.381912
29735 -674411.277444 0.000000 -3.415273 -0.381912
34658 -674411.277444 0.000000 -3.415273 -0.381912
34432 -674411.277444 0.000000 -3.415273 -0.381912
