#ID      EIGB 	      EIPGB 	   GBbin        GBseg
298 -357991.333450 0.000000 -3.494912 -0.460863
613 -357991.333450 0.000000 -3.494912 -0.460863
569 -357991.333450 0.000000 -3.494912 -0.460863
586 -357991.333450 0.000000 -3.494912 -0.460863
3078 -357991.333450 0.000000 -3.494912 -0.460863
3007 -357991.333450 0.000000 -3.494912 -0.460863
3048 -357991.333450 0.000000 -3.494912 -0.460863
2922 -357991.333450 0.000000 -3.494912 -0.460863
2906 -357991.333450 0.000000 -3.494912 -0.460863
5478 -357991.333450 0.000000 -3.494912 -0.460863
5350 -357991.333450 0.000000 -3.494912 -0.460863
5662 -357991.333450 0.000000 -3.494912 -0.460863
5630 -357991.333450 0.000000 -3.494912 -0.460863
5635 -357991.333450 0.000000 -3.494912 -0.460863
7809 -357991.333450 0.000000 -3.494912 -0.460863
8173 -357991.333450 0.000000 -3.494912 -0.460863
8095 -357991.333450 0.000000 -3.494912 -0.460863
8112 -357991.333450 0.000000 -3.494912 -0.460863
10631 -357991.333450 0.000000 -3.494912 -0.460863
10525 -357991.333450 0.000000 -3.494912 -0.460863
10566 -357991.333450 0.000000 -3.494912 -0.460863
10399 -357991.333450 0.000000 -3.494912 -0.460863
10710 -357991.333450 0.000000 -3.494912 -0.460863
12989 -357991.333450 0.000000 -3.494912 -0.460863
12860 -357991.333450 0.000000 -3.494912 -0.460863
13222 -357991.333450 0.000000 -3.494912 -0.460863
13240 -357991.333450 0.000000 -3.494912 -0.460863
15296 -357991.333450 0.000000 -3.494912 -0.460863
15681 -357991.333450 0.000000 -3.494912 -0.460863
15723 -357991.333450 0.000000 -3.494912 -0.460863
15614 -357991.333450 0.000000 -3.494912 -0.460863
15597 -357991.333450 0.000000 -3.494912 -0.460863
18162 -357991.333450 0.000000 -3.494912 -0.460863
18039 -357991.333450 0.000000 -3.494912 -0.460863
18078 -357991.333450 0.000000 -3.494912 -0.460863
18010 -357991.333450 0.000000 -3.494912 -0.460863
18289 -357991.333450 0.000000 -3.494912 -0.460863
268 -357991.461909 0.000000 -3.623371 -0.589322
593 -357991.461909 0.000000 -3.623371 -0.589322
568 -357991.461909 0.000000 -3.623371 -0.589322
579 -357991.461909 0.000000 -3.623371 -0.589322
473 -357991.461909 0.000000 -3.623371 -0.589322
3006 -357991.461909 0.000000 -3.623371 -0.589322
3029 -357991.461909 0.000000 -3.623371 -0.589322
2921 -357991.461909 0.000000 -3.623371 -0.589322
2920 -357991.461909 0.000000 -3.623371 -0.589322
5448 -357991.461909 0.000000 -3.623371 -0.589322
5349 -357991.461909 0.000000 -3.623371 -0.589322
5661 -357991.461909 0.000000 -3.623371 -0.589322
5673 -357991.461909 0.000000 -3.623371 -0.589322
5634 -357991.461909 0.000000 -3.623371 -0.589322
7786 -357991.461909 0.000000 -3.623371 -0.589322
8151 -357991.461909 0.000000 -3.623371 -0.589322
8094 -357991.461909 0.000000 -3.623371 -0.589322
8105 -357991.461909 0.000000 -3.623371 -0.589322
7973 -357991.461909 0.000000 -3.623371 -0.589322
10524 -357991.461909 0.000000 -3.623371 -0.589322
10547 -357991.461909 0.000000 -3.623371 -0.589322
50823 -357991.461909 0.000000 -3.623371 -0.589322
10722 -357991.461909 0.000000 -3.623371 -0.589322
12959 -357991.461909 0.000000 -3.623371 -0.589322
12859 -357991.461909 0.000000 -3.623371 -0.589322
13221 -357991.461909 0.000000 -3.623371 -0.589322
13232 -357991.461909 0.000000 -3.623371 -0.589322
13161 -357991.461909 0.000000 -3.623371 -0.589322
15680 -357991.461909 0.000000 -3.623371 -0.589322
15703 -357991.461909 0.000000 -3.623371 -0.589322
15613 -357991.461909 0.000000 -3.623371 -0.589322
15622 -357991.461909 0.000000 -3.623371 -0.589322
15576 -357991.461909 0.000000 -3.623371 -0.589322
18038 -357991.461909 0.000000 -3.623371 -0.589322
18059 -357991.461909 0.000000 -3.623371 -0.589322
18287 -357991.461909 0.000000 -3.623371 -0.589322
18288 -357991.461909 0.000000 -3.623371 -0.589322
160 -357991.588006 0.000000 -3.749468 -0.715419
550 -357991.588006 0.000000 -3.749468 -0.715419
582 -357991.588006 0.000000 -3.749468 -0.715419
472 -357991.588006 0.000000 -3.749468 -0.715419
2976 -357991.588006 0.000000 -3.749468 -0.715419
3032 -357991.588006 0.000000 -3.749468 -0.715419
2907 -357991.588006 0.000000 -3.749468 -0.715419
3136 -357991.588006 0.000000 -3.749468 -0.715419
2905 -357991.588006 0.000000 -3.749468 -0.715419
5323 -357991.588006 0.000000 -3.749468 -0.715419
5366 -357991.588006 0.000000 -3.749468 -0.715419
5676 -357991.588006 0.000000 -3.749468 -0.715419
5631 -357991.588006 0.000000 -3.749468 -0.715419
7789 -357991.588006 0.000000 -3.749468 -0.715419
8154 -357991.588006 0.000000 -3.749468 -0.715419
8079 -357991.588006 0.000000 -3.749468 -0.715419
8108 -357991.588006 0.000000 -3.749468 -0.715419
7972 -357991.588006 0.000000 -3.749468 -0.715419
10496 -357991.588006 0.000000 -3.749468 -0.715419
10550 -357991.588006 0.000000 -3.749468 -0.715419
10415 -357991.588006 0.000000 -3.749468 -0.715419
10724 -357991.588006 0.000000 -3.749468 -0.715419
10709 -357991.588006 0.000000 -3.749468 -0.715419
12840 -357991.588006 0.000000 -3.749468 -0.715419
13203 -357991.588006 0.000000 -3.749468 -0.715419
13235 -357991.588006 0.000000 -3.749468 -0.715419
13158 -357991.588006 0.000000 -3.749468 -0.715419
15650 -357991.588006 0.000000 -3.749468 -0.715419
15706 -357991.588006 0.000000 -3.749468 -0.715419
15599 -357991.588006 0.000000 -3.749468 -0.715419
15625 -357991.588006 0.000000 -3.749468 -0.715419
15469 -357991.588006 0.000000 -3.749468 -0.715419
18012 -357991.588006 0.000000 -3.749468 -0.715419
18062 -357991.588006 0.000000 -3.749468 -0.715419
18281 -357991.588006 0.000000 -3.749468 -0.715419
18283 -357991.588006 0.000000 -3.749468 -0.715419
18291 -357991.588006 0.000000 -3.749468 -0.715419
1057 -357991.333053 0.000000 -3.494515 -0.460466
693 -357991.333053 0.000000 -3.494515 -0.460466
750 -357991.333053 0.000000 -3.494515 -0.460466
739 -357991.333053 0.000000 -3.494515 -0.460466
631 -357991.333053 0.000000 -3.494515 -0.460466
3370 -357991.333053 0.000000 -3.494515 -0.460466
3347 -357991.333053 0.000000 -3.494515 -0.460466
3477 -357991.333053 0.000000 -3.494515 -0.460466
3165 -357991.333053 0.000000 -3.494515 -0.460466
5988 -357991.333053 0.000000 -3.494515 -0.460466
6085 -357991.333053 0.000000 -3.494515 -0.460466
5726 -357991.333053 0.000000 -3.494515 -0.460466
5715 -357991.333053 0.000000 -3.494515 -0.460466
5786 -357991.333053 0.000000 -3.494515 -0.460466
8317 -357991.333053 0.000000 -3.494515 -0.460466
8294 -357991.333053 0.000000 -3.494515 -0.460466
8384 -357991.333053 0.000000 -3.494515 -0.460466
8374 -357991.333053 0.000000 -3.494515 -0.460466
8207 -357991.333053 0.000000 -3.494515 -0.460466
11012 -357991.333053 0.000000 -3.494515 -0.460466
10990 -357991.333053 0.000000 -3.494515 -0.460466
10743 -357991.333053 0.000000 -3.494515 -0.460466
10761 -357991.333053 0.000000 -3.494515 -0.460466
13624 -357991.333053 0.000000 -3.494515 -0.460466
13303 -357991.333053 0.000000 -3.494515 -0.460466
13326 -357991.333053 0.000000 -3.494515 -0.460466
13315 -357991.333053 0.000000 -3.494515 -0.460466
13421 -357991.333053 0.000000 -3.494515 -0.460466
15941 -357991.333053 0.000000 -3.494515 -0.460466
15918 -357991.333053 0.000000 -3.494515 -0.460466
16024 -357991.333053 0.000000 -3.494515 -0.460466
15789 -357991.333053 0.000000 -3.494515 -0.460466
18548 -357991.333053 0.000000 -3.494515 -0.460466
18647 -357991.333053 0.000000 -3.494515 -0.460466
18337 -357991.333053 0.000000 -3.494515 -0.460466
18324 -357991.333053 0.000000 -3.494515 -0.460466
18363 -357991.333053 0.000000 -3.494515 -0.460466
694 -357991.092855 0.000000 -3.254316 -0.220268
769 -357991.092855 0.000000 -3.254316 -0.220268
740 -357991.092855 0.000000 -3.254316 -0.220268
632 -357991.092855 0.000000 -3.254316 -0.220268
3400 -357991.092855 0.000000 -3.254316 -0.220268
3348 -357991.092855 0.000000 -3.254316 -0.220268
3482 -357991.092855 0.000000 -3.254316 -0.220268
3173 -357991.092855 0.000000 -3.254316 -0.220268
3164 -357991.092855 0.000000 -3.254316 -0.220268
6106 -357991.092855 0.000000 -3.254316 -0.220268
5746 -357991.092855 0.000000 -3.254316 -0.220268
5716 -357991.092855 0.000000 -3.254316 -0.220268
5790 -357991.092855 0.000000 -3.254316 -0.220268
8348 -357991.092855 0.000000 -3.254316 -0.220268
8295 -357991.092855 0.000000 -3.254316 -0.220268
8401 -357991.092855 0.000000 -3.254316 -0.220268
8375 -357991.092855 0.000000 -3.254316 -0.220268
8208 -357991.092855 0.000000 -3.254316 -0.220268
11040 -357991.092855 0.000000 -3.254316 -0.220268
10991 -357991.092855 0.000000 -3.254316 -0.220268
10744 -357991.092855 0.000000 -3.254316 -0.220268
10769 -357991.092855 0.000000 -3.254316 -0.220268
10760 -357991.092855 0.000000 -3.254316 -0.220268
13733 -357991.092855 0.000000 -3.254316 -0.220268
13346 -357991.092855 0.000000 -3.254316 -0.220268
13316 -357991.092855 0.000000 -3.254316 -0.220268
13423 -357991.092855 0.000000 -3.254316 -0.220268
15972 -357991.092855 0.000000 -3.254316 -0.220268
15919 -357991.092855 0.000000 -3.254316 -0.220268
16040 -357991.092855 0.000000 -3.254316 -0.220268
15796 -357991.092855 0.000000 -3.254316 -0.220268
15788 -357991.092855 0.000000 -3.254316 -0.220268
18675 -357991.092855 0.000000 -3.254316 -0.220268
18632 -357991.092855 0.000000 -3.254316 -0.220268
18325 -357991.092855 0.000000 -3.254316 -0.220268
18369 -357991.092855 0.000000 -3.254316 -0.220268
18362 -357991.092855 0.000000 -3.254316 -0.220268
820 -357991.477918 0.000000 -3.639380 -0.605331
906 -357991.477918 0.000000 -3.639380 -0.605331
887 -357991.477918 0.000000 -3.639380 -0.605331
642 -357991.477918 0.000000 -3.639380 -0.605331
656 -357991.477918 0.000000 -3.639380 -0.605331
3523 -357991.477918 0.000000 -3.639380 -0.605331
3204 -357991.477918 0.000000 -3.639380 -0.605331
3224 -357991.477918 0.000000 -3.639380 -0.605331
3215 -357991.477918 0.000000 -3.639380 -0.605331
3320 -357991.477918 0.000000 -3.639380 -0.605331
5838 -357991.477918 0.000000 -3.639380 -0.605331
5816 -357991.477918 0.000000 -3.639380 -0.605331
5923 -357991.477918 0.000000 -3.639380 -0.605331
5684 -357991.477918 0.000000 -3.639380 -0.605331
8451 -357991.477918 0.000000 -3.639380 -0.605331
8545 -357991.477918 0.000000 -3.639380 -0.605331
8233 -357991.477918 0.000000 -3.639380 -0.605331
8222 -357991.477918 0.000000 -3.639380 -0.605331
8259 -357991.477918 0.000000 -3.639380 -0.605331
11156 -357991.477918 0.000000 -3.639380 -0.605331
10797 -357991.477918 0.000000 -3.639380 -0.605331
10848 -357991.477918 0.000000 -3.639380 -0.605331
10841 -357991.477918 0.000000 -3.639380 -0.605331
13398 -357991.477918 0.000000 -3.639380 -0.605331
13468 -357991.477918 0.000000 -3.639380 -0.605331
13448 -357991.477918 0.000000 -3.639380 -0.605331
13577 -357991.477918 0.000000 -3.639380 -0.605331
13265 -357991.477918 0.000000 -3.639380 -0.605331
16089 -357991.477918 0.000000 -3.639380 -0.605331
16188 -357991.477918 0.000000 -3.639380 -0.605331
15827 -357991.477918 0.000000 -3.639380 -0.605331
15816 -357991.477918 0.000000 -3.639380 -0.605331
15886 -357991.477918 0.000000 -3.639380 -0.605331
18418 -357991.477918 0.000000 -3.639380 -0.605331
18395 -357991.477918 0.000000 -3.639380 -0.605331
18480 -357991.477918 0.000000 -3.639380 -0.605331
18473 -357991.477918 0.000000 -3.639380 -0.605331
38509 -357991.611342 0.000000 -3.772804 -0.738755
936 -357991.611342 0.000000 -3.772804 -0.738755
888 -357991.611342 0.000000 -3.772804 -0.738755
643 -357991.611342 0.000000 -3.772804 -0.738755
663 -357991.611342 0.000000 -3.772804 -0.738755
3524 -357991.611342 0.000000 -3.772804 -0.738755
3634 -357991.611342 0.000000 -3.772804 -0.738755
3243 -357991.611342 0.000000 -3.772804 -0.738755
3216 -357991.611342 0.000000 -3.772804 -0.738755
3324 -357991.611342 0.000000 -3.772804 -0.738755
5868 -357991.611342 0.000000 -3.772804 -0.738755
5817 -357991.611342 0.000000 -3.772804 -0.738755
5941 -357991.611342 0.000000 -3.772804 -0.738755
5694 -357991.611342 0.000000 -3.772804 -0.738755
5683 -357991.611342 0.000000 -3.772804 -0.738755
8574 -357991.611342 0.000000 -3.772804 -0.738755
8531 -357991.611342 0.000000 -3.772804 -0.738755
8223 -357991.611342 0.000000 -3.772804 -0.738755
8266 -357991.611342 0.000000 -3.772804 -0.738755
11157 -357991.611342 0.000000 -3.772804 -0.738755
10798 -357991.611342 0.000000 -3.772804 -0.738755
10867 -357991.611342 0.000000 -3.772804 -0.738755
10842 -357991.611342 0.000000 -3.772804 -0.738755
10733 -357991.611342 0.000000 -3.772804 -0.738755
13498 -357991.611342 0.000000 -3.772804 -0.738755
13449 -357991.611342 0.000000 -3.772804 -0.738755
13582 -357991.611342 0.000000 -3.772804 -0.738755
13274 -357991.611342 0.000000 -3.772804 -0.738755
13264 -357991.611342 0.000000 -3.772804 -0.738755
16210 -357991.611342 0.000000 -3.772804 -0.738755
15848 -357991.611342 0.000000 -3.772804 -0.738755
15817 -357991.611342 0.000000 -3.772804 -0.738755
15893 -357991.611342 0.000000 -3.772804 -0.738755
58853 -357991.611342 0.000000 -3.772804 -0.738755
18396 -357991.611342 0.000000 -3.772804 -0.738755
18499 -357991.611342 0.000000 -3.772804 -0.738755
18474 -357991.611342 0.000000 -3.772804 -0.738755
934 -357991.678761 0.000000 -3.840223 -0.806174
907 -357991.678761 0.000000 -3.840223 -0.806174
651 -357991.678761 0.000000 -3.840223 -0.806174
660 -357991.678761 0.000000 -3.840223 -0.806174
657 -357991.678761 0.000000 -3.840223 -0.806174
3633 -357991.678761 0.000000 -3.840223 -0.806174
3240 -357991.678761 0.000000 -3.840223 -0.806174
3225 -357991.678761 0.000000 -3.840223 -0.806174
3321 -357991.678761 0.000000 -3.840223 -0.806174
3156 -357991.678761 0.000000 -3.840223 -0.806174
5839 -357991.678761 0.000000 -3.840223 -0.806174
5938 -357991.678761 0.000000 -3.840223 -0.806174
5924 -357991.678761 0.000000 -3.840223 -0.806174
5685 -357991.678761 0.000000 -3.840223 -0.806174
8572 -357991.678761 0.000000 -3.840223 -0.806174
8546 -357991.678761 0.000000 -3.840223 -0.806174
8234 -357991.678761 0.000000 -3.840223 -0.806174
8263 -357991.678761 0.000000 -3.840223 -0.806174
8260 -357991.678761 0.000000 -3.840223 -0.806174
10820 -357991.678761 0.000000 -3.840223 -0.806174
10864 -357991.678761 0.000000 -3.840223 -0.806174
10849 -357991.678761 0.000000 -3.840223 -0.806174
10971 -357991.678761 0.000000 -3.840223 -0.806174
13496 -357991.678761 0.000000 -3.840223 -0.806174
13469 -357991.678761 0.000000 -3.840223 -0.806174
13580 -357991.678761 0.000000 -3.840223 -0.806174
13271 -357991.678761 0.000000 -3.840223 -0.806174
13266 -357991.678761 0.000000 -3.840223 -0.806174
16207 -357991.678761 0.000000 -3.840223 -0.806174
15845 -357991.678761 0.000000 -3.840223 -0.806174
15828 -357991.678761 0.000000 -3.840223 -0.806174
15890 -357991.678761 0.000000 -3.840223 -0.806174
15887 -357991.678761 0.000000 -3.840223 -0.806174
18419 -357991.678761 0.000000 -3.840223 -0.806174
18496 -357991.678761 0.000000 -3.840223 -0.806174
18481 -357991.678761 0.000000 -3.840223 -0.806174
18308 -357991.678761 0.000000 -3.840223 -0.806174
935 -357991.269047 0.000000 -3.430509 -0.396460
1036 -357991.269047 0.000000 -3.430509 -0.396460
672 -357991.269047 0.000000 -3.430509 -0.396460
661 -357991.269047 0.000000 -3.430509 -0.396460
734 -357991.269047 0.000000 -3.430509 -0.396460
3264 -357991.269047 0.000000 -3.430509 -0.396460
3241 -357991.269047 0.000000 -3.430509 -0.396460
3330 -357991.269047 0.000000 -3.430509 -0.396460
3322 -357991.269047 0.000000 -3.430509 -0.396460
5867 -357991.269047 0.000000 -3.430509 -0.396460
5959 -357991.269047 0.000000 -3.430509 -0.396460
5939 -357991.269047 0.000000 -3.430509 -0.396460
5692 -357991.269047 0.000000 -3.430509 -0.396460
5708 -357991.269047 0.000000 -3.430509 -0.396460
8573 -357991.269047 0.000000 -3.430509 -0.396460
8253 -357991.269047 0.000000 -3.430509 -0.396460
8275 -357991.269047 0.000000 -3.430509 -0.396460
8264 -357991.269047 0.000000 -3.430509 -0.396460
8372 -357991.269047 0.000000 -3.430509 -0.396460
10888 -357991.269047 0.000000 -3.430509 -0.396460
10865 -357991.269047 0.000000 -3.430509 -0.396460
10973 -357991.269047 0.000000 -3.430509 -0.396460
10735 -357991.269047 0.000000 -3.430509 -0.396460
13497 -357991.269047 0.000000 -3.430509 -0.396460
13595 -357991.269047 0.000000 -3.430509 -0.396460
13283 -357991.269047 0.000000 -3.430509 -0.396460
13272 -357991.269047 0.000000 -3.430509 -0.396460
13310 -357991.269047 0.000000 -3.430509 -0.396460
16208 -357991.269047 0.000000 -3.430509 -0.396460
15846 -357991.269047 0.000000 -3.430509 -0.396460
15901 -357991.269047 0.000000 -3.430509 -0.396460
15891 -357991.269047 0.000000 -3.430509 -0.396460
15784 -357991.269047 0.000000 -3.430509 -0.396460
18519 -357991.269047 0.000000 -3.430509 -0.396460
18497 -357991.269047 0.000000 -3.430509 -0.396460
18627 -357991.269047 0.000000 -3.430509 -0.396460
18315 -357991.269047 0.000000 -3.430509 -0.396460
38516 -357991.398300 0.000000 -3.559761 -0.525713
1058 -357991.398300 0.000000 -3.559761 -0.525713
695 -357991.398300 0.000000 -3.559761 -0.525713
662 -357991.398300 0.000000 -3.559761 -0.525713
741 -357991.398300 0.000000 -3.559761 -0.525713
43700 -357991.398300 0.000000 -3.559761 -0.525713
3242 -357991.398300 0.000000 -3.559761 -0.525713
3349 -357991.398300 0.000000 -3.559761 -0.525713
3323 -357991.398300 0.000000 -3.559761 -0.525713
3157 -357991.398300 0.000000 -3.559761 -0.525713
5989 -357991.398300 0.000000 -3.559761 -0.525713
5940 -357991.398300 0.000000 -3.559761 -0.525713
5693 -357991.398300 0.000000 -3.559761 -0.525713
5717 -357991.398300 0.000000 -3.559761 -0.525713
5707 -357991.398300 0.000000 -3.559761 -0.525713
8684 -357991.398300 0.000000 -3.559761 -0.525713
8296 -357991.398300 0.000000 -3.559761 -0.525713
8265 -357991.398300 0.000000 -3.559761 -0.525713
8376 -357991.398300 0.000000 -3.559761 -0.525713
10919 -357991.398300 0.000000 -3.559761 -0.525713
10866 -357991.398300 0.000000 -3.559761 -0.525713
10992 -357991.398300 0.000000 -3.559761 -0.525713
10745 -357991.398300 0.000000 -3.559761 -0.525713
10734 -357991.398300 0.000000 -3.559761 -0.525713
13625 -357991.398300 0.000000 -3.559761 -0.525713
13581 -357991.398300 0.000000 -3.559761 -0.525713
13273 -357991.398300 0.000000 -3.559761 -0.525713
13317 -357991.398300 0.000000 -3.559761 -0.525713
16209 -357991.398300 0.000000 -3.559761 -0.525713
15847 -357991.398300 0.000000 -3.559761 -0.525713
15920 -357991.398300 0.000000 -3.559761 -0.525713
15892 -357991.398300 0.000000 -3.559761 -0.525713
15785 -357991.398300 0.000000 -3.559761 -0.525713
18549 -357991.398300 0.000000 -3.559761 -0.525713
18498 -357991.398300 0.000000 -3.559761 -0.525713
18633 -357991.398300 0.000000 -3.559761 -0.525713
18326 -357991.398300 0.000000 -3.559761 -0.525713
1056 -357991.807036 0.000000 -3.968497 -0.934449
692 -357991.807036 0.000000 -3.968497 -0.934449
673 -357991.807036 0.000000 -3.968497 -0.934449
738 -357991.807036 0.000000 -3.968497 -0.934449
735 -357991.807036 0.000000 -3.968497 -0.934449
3265 -357991.807036 0.000000 -3.968497 -0.934449
3346 -357991.807036 0.000000 -3.968497 -0.934449
3331 -357991.807036 0.000000 -3.968497 -0.934449
3158 -357991.807036 0.000000 -3.968497 -0.934449
5987 -357991.807036 0.000000 -3.968497 -0.934449
5960 -357991.807036 0.000000 -3.968497 -0.934449
5702 -357991.807036 0.000000 -3.968497 -0.934449
5714 -357991.807036 0.000000 -3.968497 -0.934449
5709 -357991.807036 0.000000 -3.968497 -0.934449
8683 -357991.807036 0.000000 -3.968497 -0.934449
8293 -357991.807036 0.000000 -3.968497 -0.934449
8276 -357991.807036 0.000000 -3.968497 -0.934449
8373 -357991.807036 0.000000 -3.968497 -0.934449
8206 -357991.807036 0.000000 -3.968497 -0.934449
10889 -357991.807036 0.000000 -3.968497 -0.934449
10989 -357991.807036 0.000000 -3.968497 -0.934449
10974 -357991.807036 0.000000 -3.968497 -0.934449
10736 -357991.807036 0.000000 -3.968497 -0.934449
13623 -357991.807036 0.000000 -3.968497 -0.934449
13596 -357991.807036 0.000000 -3.968497 -0.934449
13284 -357991.807036 0.000000 -3.968497 -0.934449
13314 -357991.807036 0.000000 -3.968497 -0.934449
13311 -357991.807036 0.000000 -3.968497 -0.934449
15869 -357991.807036 0.000000 -3.968497 -0.934449
15917 -357991.807036 0.000000 -3.968497 -0.934449
15902 -357991.807036 0.000000 -3.968497 -0.934449
16022 -357991.807036 0.000000 -3.968497 -0.934449
15787 -357991.807036 0.000000 -3.968497 -0.934449
18520 -357991.807036 0.000000 -3.968497 -0.934449
18631 -357991.807036 0.000000 -3.968497 -0.934449
18323 -357991.807036 0.000000 -3.968497 -0.934449
18316 -357991.807036 0.000000 -3.968497 -0.934449
38520 -357991.254201 0.000000 -3.415662 -0.381614
908 -357991.254201 0.000000 -3.415662 -0.381614
1038 -357991.254201 0.000000 -3.415662 -0.381614
675 -357991.254201 0.000000 -3.415662 -0.381614
658 -357991.254201 0.000000 -3.415662 -0.381614
3648 -357991.254201 0.000000 -3.415662 -0.381614
3267 -357991.254201 0.000000 -3.415662 -0.381614
3226 -357991.254201 0.000000 -3.415662 -0.381614
3333 -357991.254201 0.000000 -3.415662 -0.381614
3160 -357991.254201 0.000000 -3.415662 -0.381614
5840 -357991.254201 0.000000 -3.415662 -0.381614
5962 -357991.254201 0.000000 -3.415662 -0.381614
5925 -357991.254201 0.000000 -3.415662 -0.381614
5686 -357991.254201 0.000000 -3.415662 -0.381614
5711 -357991.254201 0.000000 -3.415662 -0.381614
8547 -357991.254201 0.000000 -3.415662 -0.381614
8235 -357991.254201 0.000000 -3.415662 -0.381614
8278 -357991.254201 0.000000 -3.415662 -0.381614
8261 -357991.254201 0.000000 -3.415662 -0.381614
51225 -357991.254201 0.000000 -3.415662 -0.381614
10891 -357991.254201 0.000000 -3.415662 -0.381614
10850 -357991.254201 0.000000 -3.415662 -0.381614
10976 -357991.254201 0.000000 -3.415662 -0.381614
10738 -357991.254201 0.000000 -3.415662 -0.381614
13470 -357991.254201 0.000000 -3.415662 -0.381614
13598 -357991.254201 0.000000 -3.415662 -0.381614
13286 -357991.254201 0.000000 -3.415662 -0.381614
13267 -357991.254201 0.000000 -3.415662 -0.381614
16239 -357991.254201 0.000000 -3.415662 -0.381614
16189 -357991.254201 0.000000 -3.415662 -0.381614
15829 -357991.254201 0.000000 -3.415662 -0.381614
15904 -357991.254201 0.000000 -3.415662 -0.381614
15888 -357991.254201 0.000000 -3.415662 -0.381614
18420 -357991.254201 0.000000 -3.415662 -0.381614
18522 -357991.254201 0.000000 -3.415662 -0.381614
18482 -357991.254201 0.000000 -3.415662 -0.381614
18309 -357991.254201 0.000000 -3.415662 -0.381614
38567 -357992.435098 0.000000 -4.596559 -1.562511
1037 -357992.435098 0.000000 -4.596559 -1.562511
674 -357992.435098 0.000000 -4.596559 -1.562511
752 -357992.435097 0.000000 -4.596559 -1.562511
736 -357992.435097 0.000000 -4.596559 -1.562511
3266 -357992.435098 0.000000 -4.596559 -1.562511
3372 -357992.435098 0.000000 -4.596559 -1.562511
3332 -357992.435098 0.000000 -4.596559 -1.562511
3159 -357992.435098 0.000000 -4.596559 -1.562511
3167 -357992.435098 0.000000 -4.596559 -1.562511
5961 -357992.435098 0.000000 -4.596559 -1.562511
6086 -357992.435097 0.000000 -4.596559 -1.562511
5728 -357992.435098 0.000000 -4.596559 -1.562511
5710 -357992.435098 0.000000 -4.596559 -1.562511
8698 -357992.435098 0.000000 -4.596559 -1.562511
8319 -357992.435098 0.000000 -4.596559 -1.562511
8277 -357992.435098 0.000000 -4.596559 -1.562511
8386 -357992.435098 0.000000 -4.596559 -1.562511
8211 -357992.435098 0.000000 -4.596559 -1.562511
10890 -357992.435098 0.000000 -4.596559 -1.562511
11014 -357992.435098 0.000000 -4.596559 -1.562511
10975 -357992.435098 0.000000 -4.596559 -1.562511
10737 -357992.435097 0.000000 -4.596559 -1.562510
10763 -357992.435098 0.000000 -4.596559 -1.562511
13597 -357992.435098 0.000000 -4.596559 -1.562511
13285 -357992.435098 0.000000 -4.596559 -1.562511
13328 -357992.435098 0.000000 -4.596559 -1.562511
13312 -357992.435097 0.000000 -4.596559 -1.562511
56274 -357992.435098 0.000000 -4.596559 -1.562511
15943 -357992.435097 0.000000 -4.596559 -1.562511
15903 -357992.435098 0.000000 -4.596559 -1.562511
16026 -357992.435098 0.000000 -4.596559 -1.562511
15791 -357992.435097 0.000000 -4.596559 -1.562510
18521 -357992.435097 0.000000 -4.596559 -1.562511
18649 -357992.435098 0.000000 -4.596559 -1.562511
18339 -357992.435098 0.000000 -4.596559 -1.562511
18317 -357992.435098 0.000000 -4.596559 -1.562511
793 -357992.435098 0.000000 -4.596559 -1.562511
909 -357992.435098 0.000000 -4.596559 -1.562511
875 -357992.435098 0.000000 -4.596559 -1.562511
638 -357992.435098 0.000000 -4.596559 -1.562511
3553 -357992.435098 0.000000 -4.596559 -1.562511
3499 -357992.435098 0.000000 -4.596559 -1.562511
3188 -357992.435097 0.000000 -4.596559 -1.562511
3227 -357992.435098 0.000000 -4.596559 -1.562511
3212 -357992.435098 0.000000 -4.596559 -1.562511
46176 -357992.435098 0.000000 -4.596559 -1.562511
5841 -357992.435098 0.000000 -4.596559 -1.562511
5801 -357992.435098 0.000000 -4.596559 -1.562511
5926 -357992.435098 0.000000 -4.596559 -1.562511
5687 -357992.435098 0.000000 -4.596559 -1.562511
8424 -357992.435098 0.000000 -4.596559 -1.562511
8548 -357992.435098 0.000000 -4.596559 -1.562511
8236 -357992.435098 0.000000 -4.596559 -1.562511
8219 -357992.435098 0.000000 -4.596559 -1.562511
11186 -357992.435098 0.000000 -4.596559 -1.562511
11138 -357992.435098 0.000000 -4.596559 -1.562511
10782 -357992.435098 0.000000 -4.596559 -1.562511
10851 -357992.435098 0.000000 -4.596559 -1.562511
10839 -357992.435097 0.000000 -4.596559 -1.562511
13372 -357992.435098 0.000000 -4.596559 -1.562511
13471 -357992.435098 0.000000 -4.596559 -1.562511
13434 -357992.435097 0.000000 -4.596559 -1.562511
13259 -357992.435098 0.000000 -4.596559 -1.562511
13268 -357992.435098 0.000000 -4.596559 -1.562511
16063 -357992.435098 0.000000 -4.596559 -1.562511
16190 -357992.435098 0.000000 -4.596559 -1.562511
15830 -357992.435097 0.000000 -4.596559 -1.562510
15813 -357992.435098 0.000000 -4.596559 -1.562511
18798 -357992.435098 0.000000 -4.596559 -1.562511
18421 -357992.435098 0.000000 -4.596559 -1.562511
18380 -357992.435098 0.000000 -4.596559 -1.562511
18483 -357992.435097 0.000000 -4.596559 -1.562511
18310 -357992.435098 0.000000 -4.596559 -1.562511
41124 -357991.254201 0.000000 -3.415662 -0.381614
794 -357991.254201 0.000000 -3.415662 -0.381614
755 -357991.254201 0.000000 -3.415662 -0.381614
876 -357991.254201 0.000000 -3.415662 -0.381614
639 -357991.254201 0.000000 -3.415662 -0.381614
3375 -357991.254201 0.000000 -3.415662 -0.381614
3500 -357991.254201 0.000000 -3.415662 -0.381614
3189 -357991.254201 0.000000 -3.415662 -0.381614
3170 -357991.254201 0.000000 -3.415662 -0.381614
6138 -357991.254201 0.000000 -3.415662 -0.381614
6088 -357991.254201 0.000000 -3.415662 -0.381614
5731 -357991.254201 0.000000 -3.415662 -0.381614
5802 -357991.254201 0.000000 -3.415662 -0.381614
5788 -357991.254201 0.000000 -3.415662 -0.381614
8322 -357991.254201 0.000000 -3.415662 -0.381614
8425 -357991.254201 0.000000 -3.415662 -0.381614
8389 -357991.254201 0.000000 -3.415662 -0.381614
8213 -357991.254201 0.000000 -3.415662 -0.381614
11072 -357991.254201 0.000000 -3.415662 -0.381614
11017 -357991.254201 0.000000 -3.415662 -0.381614
11139 -357991.254201 0.000000 -3.415662 -0.381614
10783 -357991.254201 0.000000 -3.415662 -0.381614
10766 -357991.254201 0.000000 -3.415662 -0.381614
13748 -357991.254201 0.000000 -3.415662 -0.381614
13373 -357991.254201 0.000000 -3.415662 -0.381614
13331 -357991.254201 0.000000 -3.415662 -0.381614
13435 -357991.254201 0.000000 -3.415662 -0.381614
13260 -357991.254201 0.000000 -3.415662 -0.381614
15946 -357991.254201 0.000000 -3.415662 -0.381614
16064 -357991.254201 0.000000 -3.415662 -0.381614
16029 -357991.254201 0.000000 -3.415662 -0.381614
15794 -357991.254201 0.000000 -3.415662 -0.381614
18707 -357991.254201 0.000000 -3.415662 -0.381614
18652 -357991.254201 0.000000 -3.415662 -0.381614
18342 -357991.254201 0.000000 -3.415662 -0.381614
18381 -357991.254201 0.000000 -3.415662 -0.381614
18367 -357991.254201 0.000000 -3.415662 -0.381614
819 -357991.807036 0.000000 -3.968497 -0.934449
792 -357991.807036 0.000000 -3.968497 -0.934449
886 -357991.807036 0.000000 -3.968497 -0.934449
874 -357991.807036 0.000000 -3.968497 -0.934449
637 -357991.807036 0.000000 -3.968497 -0.934449
3522 -357991.807036 0.000000 -3.968497 -0.934449
3498 -357991.807036 0.000000 -3.968497 -0.934449
3187 -357991.807036 0.000000 -3.968497 -0.934449
3214 -357991.807036 0.000000 -3.968497 -0.934449
3211 -357991.807036 0.000000 -3.968497 -0.934449
5771 -357991.807036 0.000000 -3.968497 -0.934449
5815 -357991.807036 0.000000 -3.968497 -0.934449
5800 -357991.807036 0.000000 -3.968497 -0.934449
5921 -357991.807036 0.000000 -3.968497 -0.934449
8450 -357991.807036 0.000000 -3.968497 -0.934449
8423 -357991.807036 0.000000 -3.968497 -0.934449
8530 -357991.807036 0.000000 -3.968497 -0.934449
8221 -357991.807036 0.000000 -3.968497 -0.934449
8218 -357991.807036 0.000000 -3.968497 -0.934449
11155 -357991.807036 0.000000 -3.968497 -0.934449
10796 -357991.807036 0.000000 -3.968497 -0.934449
10781 -357991.807036 0.000000 -3.968497 -0.934449
10840 -357991.807036 0.000000 -3.968497 -0.934449
13890 -357991.807036 0.000000 -3.968497 -0.934449
13371 -357991.807036 0.000000 -3.968497 -0.934449
13447 -357991.807036 0.000000 -3.968497 -0.934449
13433 -357991.807036 0.000000 -3.968497 -0.934449
13258 -357991.807036 0.000000 -3.968497 -0.934449
16088 -357991.807036 0.000000 -3.968497 -0.934449
16062 -357991.807036 0.000000 -3.968497 -0.934449
15806 -357991.807036 0.000000 -3.968497 -0.934449
15815 -357991.807036 0.000000 -3.968497 -0.934449
15812 -357991.807036 0.000000 -3.968497 -0.934449
18783 -357991.807036 0.000000 -3.968497 -0.934449
18394 -357991.807036 0.000000 -3.968497 -0.934449
18379 -357991.807036 0.000000 -3.968497 -0.934449
18472 -357991.807036 0.000000 -3.968497 -0.934449
821 -357991.398300 0.000000 -3.559761 -0.525713
772 -357991.398300 0.000000 -3.559761 -0.525713
889 -357991.398300 0.000000 -3.559761 -0.525713
644 -357991.398299 0.000000 -3.559761 -0.525712
635 -357991.398300 0.000000 -3.559761 -0.525713
3525 -357991.398300 0.000000 -3.559761 -0.525713
3484 -357991.398300 0.000000 -3.559761 -0.525713
3176 -357991.398300 0.000000 -3.559761 -0.525713
3217 -357991.398300 0.000000 -3.559761 -0.525713
6109 -357991.398300 0.000000 -3.559761 -0.525713
5749 -357991.398300 0.000000 -3.559761 -0.525713
5818 -357991.398300 0.000000 -3.559761 -0.525713
5793 -357991.398300 0.000000 -3.559761 -0.525713
5682 -357991.398300 0.000000 -3.559761 -0.525713
8452 -357991.398300 0.000000 -3.559761 -0.525713
8404 -357991.398300 0.000000 -3.559761 -0.525713
8532 -357991.398300 0.000000 -3.559761 -0.525713
8224 -357991.398300 0.000000 -3.559761 -0.525713
11043 -357991.398299 0.000000 -3.559761 -0.525712
11158 -357991.398300 0.000000 -3.559761 -0.525713
10799 -357991.398300 0.000000 -3.559761 -0.525713
10772 -357991.398300 0.000000 -3.559761 -0.525713
10843 -357991.398300 0.000000 -3.559761 -0.525713
53803 -357991.398300 0.000000 -3.559761 -0.525713
13349 -357991.398300 0.000000 -3.559761 -0.525713
13450 -357991.398300 0.000000 -3.559761 -0.525713
13426 -357991.398300 0.000000 -3.559761 -0.525713
13257 -357991.398300 0.000000 -3.559761 -0.525713
16090 -357991.398300 0.000000 -3.559761 -0.525713
16043 -357991.398300 0.000000 -3.559761 -0.525713
15798 -357991.398300 0.000000 -3.559761 -0.525713
15818 -357991.398300 0.000000 -3.559761 -0.525713
18678 -357991.398300 0.000000 -3.559761 -0.525713
18784 -357991.398300 0.000000 -3.559761 -0.525713
18397 -357991.398300 0.000000 -3.559761 -0.525713
18372 -357991.398300 0.000000 -3.559761 -0.525713
18475 -357991.398300 0.000000 -3.559761 -0.525713
1169 -357991.269047 0.000000 -3.430509 -0.396460
791 -357991.269047 0.000000 -3.430509 -0.396460
771 -357991.269047 0.000000 -3.430509 -0.396460
873 -357991.269047 0.000000 -3.430509 -0.396460
636 -357991.269047 0.000000 -3.430509 -0.396460
3402 -357991.269047 0.000000 -3.430509 -0.396460
3497 -357991.269047 0.000000 -3.430509 -0.396460
3186 -357991.269047 0.000000 -3.430509 -0.396460
3175 -357991.269047 0.000000 -3.430509 -0.396460
3210 -357991.269047 0.000000 -3.430509 -0.396460
6108 -357991.269047 0.000000 -3.430509 -0.396460
5748 -357991.269047 0.000000 -3.430509 -0.396460
5799 -357991.269047 0.000000 -3.430509 -0.396460
5792 -357991.269047 0.000000 -3.430509 -0.396460
8349 -357991.269047 0.000000 -3.430509 -0.396460
8422 -357991.269047 0.000000 -3.430509 -0.396460
8403 -357991.269047 0.000000 -3.430509 -0.396460
8527 -357991.269047 0.000000 -3.430509 -0.396460
8217 -357991.269047 0.000000 -3.430509 -0.396460
11042 -357991.269047 0.000000 -3.430509 -0.396460
11137 -357991.269047 0.000000 -3.430509 -0.396460
10780 -357991.269047 0.000000 -3.430509 -0.396460
10771 -357991.269047 0.000000 -3.430509 -0.396460
10837 -357991.269047 0.000000 -3.430509 -0.396460
13370 -357991.269047 0.000000 -3.430509 -0.396460
13348 -357991.269047 0.000000 -3.430509 -0.396460
13432 -357991.269047 0.000000 -3.430509 -0.396460
13425 -357991.269047 0.000000 -3.430509 -0.396460
15974 -357991.269047 0.000000 -3.430509 -0.396460
16061 -357991.269047 0.000000 -3.430509 -0.396460
16042 -357991.269047 0.000000 -3.430509 -0.396460
15797 -357991.269047 0.000000 -3.430509 -0.396460
15811 -357991.269047 0.000000 -3.430509 -0.396460
18677 -357991.269047 0.000000 -3.430509 -0.396460
18356 -357991.269047 0.000000 -3.430509 -0.396460
18378 -357991.269047 0.000000 -3.430509 -0.396460
18371 -357991.269047 0.000000 -3.430509 -0.396460
1088 -357991.678761 0.000000 -3.840223 -0.806174
719 -357991.678761 0.000000 -3.840223 -0.806174
770 -357991.678761 0.000000 -3.840223 -0.806174
754 -357991.678761 0.000000 -3.840223 -0.806174
871 -357991.678761 0.000000 -3.840223 -0.806174
3401 -357991.678761 0.000000 -3.840223 -0.806174
3374 -357991.678761 0.000000 -3.840223 -0.806174
3483 -357991.678761 0.000000 -3.840223 -0.806174
3174 -357991.678761 0.000000 -3.840223 -0.806174
3169 -357991.678761 0.000000 -3.840223 -0.806174
6107 -357991.678761 0.000000 -3.840223 -0.806174
5747 -357991.678761 0.000000 -3.840223 -0.806174
5730 -357991.678761 0.000000 -3.840223 -0.806174
5791 -357991.678761 0.000000 -3.840223 -0.806174
8700 -357991.678761 0.000000 -3.840223 -0.806174
8321 -357991.678761 0.000000 -3.840223 -0.806174
8402 -357991.678761 0.000000 -3.840223 -0.806174
8388 -357991.678761 0.000000 -3.840223 -0.806174
8212 -357991.678761 0.000000 -3.840223 -0.806174
11041 -357991.678761 0.000000 -3.840223 -0.806174
11016 -357991.678761 0.000000 -3.840223 -0.806174
10756 -357991.678761 0.000000 -3.840223 -0.806174
10770 -357991.678761 0.000000 -3.840223 -0.806174
10765 -357991.678761 0.000000 -3.840223 -0.806174
13734 -357991.678761 0.000000 -3.840223 -0.806174
13347 -357991.678761 0.000000 -3.840223 -0.806174
13330 -357991.678761 0.000000 -3.840223 -0.806174
13424 -357991.678761 0.000000 -3.840223 -0.806174
15973 -357991.678761 0.000000 -3.840223 -0.806174
15945 -357991.678761 0.000000 -3.840223 -0.806174
16041 -357991.678761 0.000000 -3.840223 -0.806174
16028 -357991.678761 0.000000 -3.840223 -0.806174
15793 -357991.678761 0.000000 -3.840223 -0.806174
18676 -357991.678761 0.000000 -3.840223 -0.806174
18651 -357991.678761 0.000000 -3.840223 -0.806174
18341 -357991.678761 0.000000 -3.840223 -0.806174
18370 -357991.678761 0.000000 -3.840223 -0.806174
1061 -357991.611342 0.000000 -3.772804 -0.738755
698 -357991.611342 0.000000 -3.772804 -0.738755
773 -357991.611342 0.000000 -3.772804 -0.738755
744 -357991.611342 0.000000 -3.772804 -0.738755
633 -357991.611342 0.000000 -3.772804 -0.738755
3403 -357991.611342 0.000000 -3.772804 -0.738755
3352 -357991.611342 0.000000 -3.772804 -0.738755
3485 -357991.611342 0.000000 -3.772804 -0.738755
3177 -357991.611342 0.000000 -3.772804 -0.738755
5992 -357991.611342 0.000000 -3.772804 -0.738755
6110 -357991.611342 0.000000 -3.772804 -0.738755
5750 -357991.611342 0.000000 -3.772804 -0.738755
5720 -357991.611342 0.000000 -3.772804 -0.738755
5794 -357991.611342 0.000000 -3.772804 -0.738755
48754 -357991.611342 0.000000 -3.772804 -0.738755
8299 -357991.611342 0.000000 -3.772804 -0.738755
8405 -357991.611342 0.000000 -3.772804 -0.738755
8379 -357991.611342 0.000000 -3.772804 -0.738755
8209 -357991.611342 0.000000 -3.772804 -0.738755
11044 -357991.611342 0.000000 -3.772804 -0.738755
10995 -357991.611342 0.000000 -3.772804 -0.738755
10747 -357991.611342 0.000000 -3.772804 -0.738755
10773 -357991.611342 0.000000 -3.772804 -0.738755
13628 -357991.611342 0.000000 -3.772804 -0.738755
13735 -357991.611342 0.000000 -3.772804 -0.738755
13350 -357991.611342 0.000000 -3.772804 -0.738755
13320 -357991.611342 0.000000 -3.772804 -0.738755
13427 -357991.611342 0.000000 -3.772804 -0.738755
15975 -357991.611342 0.000000 -3.772804 -0.738755
15923 -357991.611342 0.000000 -3.772804 -0.738755
16044 -357991.611342 0.000000 -3.772804 -0.738755
15799 -357991.611342 0.000000 -3.772804 -0.738755
18552 -357991.611342 0.000000 -3.772804 -0.738755
18679 -357991.611342 0.000000 -3.772804 -0.738755
18635 -357991.611342 0.000000 -3.772804 -0.738755
18329 -357991.611342 0.000000 -3.772804 -0.738755
18373 -357991.611342 0.000000 -3.772804 -0.738755
1060 -357991.477918 0.000000 -3.639380 -0.605331
697 -357991.477918 0.000000 -3.639380 -0.605331
753 -357991.477918 0.000000 -3.639380 -0.605331
743 -357991.477918 0.000000 -3.639380 -0.605331
3297 -357991.477918 0.000000 -3.639380 -0.605331
3373 -357991.477918 0.000000 -3.639380 -0.605331
3351 -357991.477918 0.000000 -3.639380 -0.605331
3478 -357991.477918 0.000000 -3.639380 -0.605331
3168 -357991.477918 0.000000 -3.639380 -0.605331
5991 -357991.477918 0.000000 -3.639380 -0.605331
6087 -357991.477918 0.000000 -3.639380 -0.605331
5729 -357991.477918 0.000000 -3.639380 -0.605331
5719 -357991.477918 0.000000 -3.639380 -0.605331
8699 -357991.477918 0.000000 -3.639380 -0.605331
8320 -357991.477918 0.000000 -3.639380 -0.605331
8298 -357991.477918 0.000000 -3.639380 -0.605331
8387 -357991.477918 0.000000 -3.639380 -0.605331
8378 -357991.477918 0.000000 -3.639380 -0.605331
10921 -357991.477918 0.000000 -3.639380 -0.605331
11015 -357991.477918 0.000000 -3.639380 -0.605331
10994 -357991.477918 0.000000 -3.639380 -0.605331
10746 -357991.477918 0.000000 -3.639380 -0.605331
10764 -357991.477918 0.000000 -3.639380 -0.605331
13627 -357991.477918 0.000000 -3.639380 -0.605331
13304 -357991.477918 0.000000 -3.639380 -0.605331
13329 -357991.477918 0.000000 -3.639380 -0.605331
13319 -357991.477918 0.000000 -3.639380 -0.605331
16324 -357991.477918 0.000000 -3.639380 -0.605331
15944 -357991.477918 0.000000 -3.639380 -0.605331
15922 -357991.477918 0.000000 -3.639380 -0.605331
16027 -357991.477918 0.000000 -3.639380 -0.605331
15792 -357991.477918 0.000000 -3.639380 -0.605331
18551 -357991.477918 0.000000 -3.639380 -0.605331
18650 -357991.477918 0.000000 -3.639380 -0.605331
18340 -357991.477918 0.000000 -3.639380 -0.605331
18328 -357991.477918 0.000000 -3.639380 -0.605331
18366 -357991.477918 0.000000 -3.639380 -0.605331
939 -357991.092855 0.000000 -3.254316 -0.220268
1062 -357991.092855 0.000000 -3.254316 -0.220268
699 -357991.092855 0.000000 -3.254316 -0.220268
666 -357991.092855 0.000000 -3.254316 -0.220268
745 -357991.092855 0.000000 -3.254316 -0.220268
43702 -357991.092855 0.000000 -3.254316 -0.220268
3246 -357991.092855 0.000000 -3.254316 -0.220268
3353 -357991.092855 0.000000 -3.254316 -0.220268
3327 -357991.092855 0.000000 -3.254316 -0.220268
5871 -357991.092855 0.000000 -3.254316 -0.220268
5993 -357991.092855 0.000000 -3.254316 -0.220268
5944 -357991.092855 0.000000 -3.254316 -0.220268
5696 -357991.092855 0.000000 -3.254316 -0.220268
5721 -357991.092855 0.000000 -3.254316 -0.220268
8577 -357991.092855 0.000000 -3.254316 -0.220268
8686 -357991.092855 0.000000 -3.254316 -0.220268
8300 -357991.092855 0.000000 -3.254316 -0.220268
8269 -357991.092855 0.000000 -3.254316 -0.220268
8380 -357991.092855 0.000000 -3.254316 -0.220268
10922 -357991.092855 0.000000 -3.254316 -0.220268
10870 -357991.092855 0.000000 -3.254316 -0.220268
10996 -357991.092855 0.000000 -3.254316 -0.220268
10748 -357991.092855 0.000000 -3.254316 -0.220268
13501 -357991.092855 0.000000 -3.254316 -0.220268
13629 -357991.092855 0.000000 -3.254316 -0.220268
13584 -357991.092855 0.000000 -3.254316 -0.220268
13277 -357991.092855 0.000000 -3.254316 -0.220268
13321 -357991.092855 0.000000 -3.254316 -0.220268
16213 -357991.092855 0.000000 -3.254316 -0.220268
15851 -357991.092855 0.000000 -3.254316 -0.220268
15924 -357991.092855 0.000000 -3.254316 -0.220268
15896 -357991.092855 0.000000 -3.254316 -0.220268
15786 -357991.092855 0.000000 -3.254316 -0.220268
18553 -357991.092855 0.000000 -3.254316 -0.220268
18502 -357991.092855 0.000000 -3.254316 -0.220268
18636 -357991.092855 0.000000 -3.254316 -0.220268
18330 -357991.092855 0.000000 -3.254316 -0.220268
938 -357991.333053 0.000000 -3.494515 -0.460466
1039 -357991.333053 0.000000 -3.494515 -0.460466
676 -357991.333053 0.000000 -3.494515 -0.460466
665 -357991.333053 0.000000 -3.494515 -0.460466
3649 -357991.333053 0.000000 -3.494515 -0.460466
3268 -357991.333053 0.000000 -3.494515 -0.460466
3245 -357991.333053 0.000000 -3.494515 -0.460466
3334 -357991.333053 0.000000 -3.494515 -0.460466
3326 -357991.333053 0.000000 -3.494515 -0.460466
5870 -357991.333053 0.000000 -3.494515 -0.460466
5963 -357991.333053 0.000000 -3.494515 -0.460466
5943 -357991.333053 0.000000 -3.494515 -0.460466
5695 -357991.333053 0.000000 -3.494515 -0.460466
5712 -357991.333053 0.000000 -3.494515 -0.460466
8576 -357991.333053 0.000000 -3.494515 -0.460466
8254 -357991.333053 0.000000 -3.494515 -0.460466
8279 -357991.333053 0.000000 -3.494515 -0.460466
8268 -357991.333053 0.000000 -3.494515 -0.460466
11273 -357991.333053 0.000000 -3.494515 -0.460466
10892 -357991.333053 0.000000 -3.494515 -0.460466
10869 -357991.333053 0.000000 -3.494515 -0.460466
10977 -357991.333053 0.000000 -3.494515 -0.460466
10739 -357991.333053 0.000000 -3.494515 -0.460466
13500 -357991.333053 0.000000 -3.494515 -0.460466
13599 -357991.333053 0.000000 -3.494515 -0.460466
53691 -357991.333053 0.000000 -3.494515 -0.460466
13276 -357991.333053 0.000000 -3.494515 -0.460466
16240 -357991.333053 0.000000 -3.494515 -0.460466
16212 -357991.333053 0.000000 -3.494515 -0.460466
15850 -357991.333053 0.000000 -3.494515 -0.460466
15905 -357991.333053 0.000000 -3.494515 -0.460466
15895 -357991.333053 0.000000 -3.494515 -0.460466
18450 -357991.333053 0.000000 -3.494515 -0.460466
18523 -357991.333053 0.000000 -3.494515 -0.460466
18501 -357991.333053 0.000000 -3.494515 -0.460466
18628 -357991.333053 0.000000 -3.494515 -0.460466
18319 -357991.333053 0.000000 -3.494515 -0.460466
968 -357991.588006 0.000000 -3.749468 -0.715419
912 -357991.588006 0.000000 -3.749468 -0.715419
1041 -357991.588006 0.000000 -3.749468 -0.715419
679 -357991.588006 0.000000 -3.749468 -0.715419
659 -357991.588006 0.000000 -3.749468 -0.715419
3651 -357991.588006 0.000000 -3.749468 -0.715419
3271 -357991.588006 0.000000 -3.749468 -0.715419
3230 -357991.588006 0.000000 -3.749468 -0.715419
3337 -357991.588006 0.000000 -3.749468 -0.715419
5900 -357991.588006 0.000000 -3.749468 -0.715419
5844 -357991.588006 0.000000 -3.749468 -0.715419
5966 -357991.588006 0.000000 -3.749468 -0.715419
5929 -357991.588006 0.000000 -3.749468 -0.715419
5690 -357991.588006 0.000000 -3.749468 -0.715419
8605 -357991.588006 0.000000 -3.749468 -0.715419
8551 -357991.588006 0.000000 -3.749468 -0.715419
8239 -357991.588006 0.000000 -3.749468 -0.715419
8282 -357991.588006 0.000000 -3.749468 -0.715419
8262 -357991.588006 0.000000 -3.749468 -0.715419
51227 -357991.588006 0.000000 -3.749468 -0.715419
10895 -357991.588006 0.000000 -3.749468 -0.715419
10854 -357991.588006 0.000000 -3.749468 -0.715419
10980 -357991.588006 0.000000 -3.749468 -0.715419
13530 -357991.588006 0.000000 -3.749468 -0.715419
13474 -357991.588006 0.000000 -3.749468 -0.715419
13602 -357991.588006 0.000000 -3.749468 -0.715419
13290 -357991.588006 0.000000 -3.749468 -0.715419
13270 -357991.588006 0.000000 -3.749468 -0.715419
16242 -357991.588006 0.000000 -3.749468 -0.715419
16192 -357991.588006 0.000000 -3.749468 -0.715419
15833 -357991.588006 0.000000 -3.749468 -0.715419
15908 -357991.588006 0.000000 -3.749468 -0.715419
15889 -357991.588006 0.000000 -3.749468 -0.715419
18424 -357991.588006 0.000000 -3.749468 -0.715419
18526 -357991.588006 0.000000 -3.749468 -0.715419
18486 -357991.588006 0.000000 -3.749468 -0.715419
18312 -357991.588006 0.000000 -3.749468 -0.715419
937 -357991.461909 0.000000 -3.623371 -0.589322
911 -357991.461909 0.000000 -3.623371 -0.589322
652 -357991.461909 0.000000 -3.623371 -0.589322
664 -357991.461909 0.000000 -3.623371 -0.589322
3555 -357991.461909 0.000000 -3.623371 -0.589322
3635 -357991.461909 0.000000 -3.623371 -0.589322
3244 -357991.461909 0.000000 -3.623371 -0.589322
3229 -357991.461909 0.000000 -3.623371 -0.589322
3325 -357991.461909 0.000000 -3.623371 -0.589322
5869 -357991.461909 0.000000 -3.623371 -0.589322
5843 -357991.461909 0.000000 -3.623371 -0.589322
5942 -357991.461909 0.000000 -3.623371 -0.589322
5928 -357991.461909 0.000000 -3.623371 -0.589322
5689 -357991.461909 0.000000 -3.623371 -0.589322
8575 -357991.461909 0.000000 -3.623371 -0.589322
8550 -357991.461909 0.000000 -3.623371 -0.589322
8238 -357991.461909 0.000000 -3.623371 -0.589322
8267 -357991.461909 0.000000 -3.623371 -0.589322
11188 -357991.461909 0.000000 -3.623371 -0.589322
10822 -357991.461909 0.000000 -3.623371 -0.589322
10868 -357991.461909 0.000000 -3.623371 -0.589322
10853 -357991.461909 0.000000 -3.623371 -0.589322
10972 -357991.461909 0.000000 -3.623371 -0.589322
13499 -357991.461909 0.000000 -3.623371 -0.589322
13473 -357991.461909 0.000000 -3.623371 -0.589322
13583 -357991.461909 0.000000 -3.623371 -0.589322
13275 -357991.461909 0.000000 -3.623371 -0.589322
16119 -357991.461909 0.000000 -3.623371 -0.589322
16211 -357991.461909 0.000000 -3.623371 -0.589322
15849 -357991.461909 0.000000 -3.623371 -0.589322
15832 -357991.461909 0.000000 -3.623371 -0.589322
15894 -357991.461909 0.000000 -3.623371 -0.589322
18800 -357991.461909 0.000000 -3.623371 -0.589322
18423 -357991.461909 0.000000 -3.623371 -0.589322
18500 -357991.461909 0.000000 -3.623371 -0.589322
18485 -357991.461909 0.000000 -3.623371 -0.589322
18311 -357991.461909 0.000000 -3.623371 -0.589322
824 -357991.333450 0.000000 -3.494912 -0.460863
940 -357991.333450 0.000000 -3.494912 -0.460863
892 -357991.333450 0.000000 -3.494912 -0.460863
646 -357991.333450 0.000000 -3.494912 -0.460863
667 -357991.333450 0.000000 -3.494912 -0.460863
3528 -357991.333450 0.000000 -3.494912 -0.460863
3636 -357991.333450 0.000000 -3.494912 -0.460863
3247 -357991.333450 0.000000 -3.494912 -0.460863
3220 -357991.333450 0.000000 -3.494912 -0.460863
3328 -357991.333450 0.000000 -3.494912 -0.460863
5872 -357991.333450 0.000000 -3.494912 -0.460863
5821 -357991.333450 0.000000 -3.494912 -0.460863
5945 -357991.333450 0.000000 -3.494912 -0.460863
5697 -357991.333450 0.000000 -3.494912 -0.460863
8455 -357991.333450 0.000000 -3.494912 -0.460863
8578 -357991.333450 0.000000 -3.494912 -0.460863
8534 -357991.333450 0.000000 -3.494912 -0.460863
8227 -357991.333450 0.000000 -3.494912 -0.460863
8270 -357991.333450 0.000000 -3.494912 -0.460863
11161 -357991.333450 0.000000 -3.494912 -0.460863
10802 -357991.333450 0.000000 -3.494912 -0.460863
10871 -357991.333450 0.000000 -3.494912 -0.460863
10846 -357991.333450 0.000000 -3.494912 -0.460863
13401 -357991.333450 0.000000 -3.494912 -0.460863
13502 -357991.333450 0.000000 -3.494912 -0.460863
13453 -357991.333450 0.000000 -3.494912 -0.460863
13585 -357991.333450 0.000000 -3.494912 -0.460863
13278 -357991.333450 0.000000 -3.494912 -0.460863
16093 -357991.333450 0.000000 -3.494912 -0.460863
16214 -357991.333450 0.000000 -3.494912 -0.460863
15852 -357991.333450 0.000000 -3.494912 -0.460863
15821 -357991.333450 0.000000 -3.494912 -0.460863
15897 -357991.333450 0.000000 -3.494912 -0.460863
58855 -357991.333450 0.000000 -3.494912 -0.460863
18400 -357991.333450 0.000000 -3.494912 -0.460863
18503 -357991.333450 0.000000 -3.494912 -0.460863
18478 -357991.333450 0.000000 -3.494912 -0.460863
718 -357991.161025 0.000000 -3.322486 -0.288438
768 -357991.161025 0.000000 -3.322486 -0.288438
751 -357991.161025 0.000000 -3.322486 -0.288438
870 -357991.161025 0.000000 -3.322486 -0.288438
634 -357991.161025 0.000000 -3.322486 -0.288438
3371 -357991.161025 0.000000 -3.322486 -0.288438
3481 -357991.161025 0.000000 -3.322486 -0.288438
3172 -357991.161025 0.000000 -3.322486 -0.288438
3166 -357991.161025 0.000000 -3.322486 -0.288438
6105 -357991.161025 0.000000 -3.322486 -0.288438
5745 -357991.161025 0.000000 -3.322486 -0.288438
5727 -357991.161025 0.000000 -3.322486 -0.288438
5789 -357991.161025 0.000000 -3.322486 -0.288438
5787 -357991.161025 0.000000 -3.322486 -0.288438
8318 -357991.161025 0.000000 -3.322486 -0.288438
8400 -357991.161024 0.000000 -3.322486 -0.288438
8385 -357991.161025 0.000000 -3.322486 -0.288438
8210 -357991.161025 0.000000 -3.322486 -0.288438
8216 -357991.161025 0.000000 -3.322486 -0.288438
11013 -357991.161025 0.000000 -3.322486 -0.288438
10755 -357991.161024 0.000000 -3.322486 -0.288438
10768 -357991.161025 0.000000 -3.322486 -0.288438
10762 -357991.161025 0.000000 -3.322486 -0.288438
13732 -357991.161025 0.000000 -3.322486 -0.288438
13345 -357991.161025 0.000000 -3.322486 -0.288438
13327 -357991.161025 0.000000 -3.322486 -0.288438
13422 -357991.161025 0.000000 -3.322486 -0.288438
13256 -357991.161025 0.000000 -3.322486 -0.288438
15942 -357991.161025 0.000000 -3.322486 -0.288438
16039 -357991.161025 0.000000 -3.322486 -0.288438
56429 -357991.161025 0.000000 -3.322486 -0.288438
15790 -357991.161025 0.000000 -3.322486 -0.288438
18674 -357991.161025 0.000000 -3.322486 -0.288438
18648 -357991.161025 0.000000 -3.322486 -0.288438
18338 -357991.161025 0.000000 -3.322486 -0.288438
18368 -357991.161024 0.000000 -3.322486 -0.288438
18364 -357991.161025 0.000000 -3.322486 -0.288438
629 -357991.247936 0.000000 -3.409397 -0.375349
626 -357991.247936 0.000000 -3.409397 -0.375349
627 -357991.247936 0.000000 -3.409397 -0.375349
630 -357991.247936 0.000000 -3.409397 -0.375349
3151 -357991.247936 0.000000 -3.409397 -0.375349
3152 -357991.247936 0.000000 -3.409397 -0.375349
3155 -357991.247936 0.000000 -3.409397 -0.375349
3153 -357991.247936 0.000000 -3.409397 -0.375349
3154 -357991.247936 0.000000 -3.409397 -0.375349
5678 -357991.247936 0.000000 -3.409397 -0.375349
5680 -357991.247936 0.000000 -3.409397 -0.375349
5681 -357991.247936 0.000000 -3.409397 -0.375349
5679 -357991.247936 0.000000 -3.409397 -0.375349
8202 -357991.247936 0.000000 -3.409397 -0.375349
8203 -357991.247936 0.000000 -3.409397 -0.375349
8201 -357991.247936 0.000000 -3.409397 -0.375349
8204 -357991.247936 0.000000 -3.409397 -0.375349
8205 -357991.247936 0.000000 -3.409397 -0.375349
10728 -357991.247936 0.000000 -3.409397 -0.375349
10729 -357991.247936 0.000000 -3.409397 -0.375349
10732 -357991.247936 0.000000 -3.409397 -0.375349
10730 -357991.247936 0.000000 -3.409397 -0.375349
10731 -357991.247936 0.000000 -3.409397 -0.375349
13254 -357991.247936 0.000000 -3.409397 -0.375349
13252 -357991.247936 0.000000 -3.409397 -0.375349
13253 -357991.247936 0.000000 -3.409397 -0.375349
13255 -357991.247936 0.000000 -3.409397 -0.375349
15780 -357991.247936 0.000000 -3.409397 -0.375349
15781 -357991.247936 0.000000 -3.409397 -0.375349
15779 -357991.247936 0.000000 -3.409397 -0.375349
15782 -357991.247936 0.000000 -3.409397 -0.375349
15783 -357991.247936 0.000000 -3.409397 -0.375349
18303 -357991.247936 0.000000 -3.409397 -0.375349
18305 -357991.247936 0.000000 -3.409397 -0.375349
18306 -357991.247936 0.000000 -3.409397 -0.375349
18304 -357991.247936 0.000000 -3.409397 -0.375349
20830 -357991.247936 0.000000 -3.409397 -0.375349
1089 -357991.247936 0.000000 -3.409397 -0.375349
1040 -357991.247936 0.000000 -3.409397 -0.375349
678 -357991.247936 0.000000 -3.409397 -0.375349
756 -357991.247936 0.000000 -3.409397 -0.375349
737 -357991.247936 0.000000 -3.409397 -0.375349
3270 -357991.247936 0.000000 -3.409397 -0.375349
3376 -357991.247936 0.000000 -3.409397 -0.375349
3336 -357991.247936 0.000000 -3.409397 -0.375349
3162 -357991.247936 0.000000 -3.409397 -0.375349
6021 -357991.247936 0.000000 -3.409397 -0.375349
5965 -357991.247936 0.000000 -3.409397 -0.375349
6089 -357991.247936 0.000000 -3.409397 -0.375349
5732 -357991.247936 0.000000 -3.409397 -0.375349
5713 -357991.247936 0.000000 -3.409397 -0.375349
8701 -357991.247936 0.000000 -3.409397 -0.375349
8323 -357991.247936 0.000000 -3.409397 -0.375349
8281 -357991.247936 0.000000 -3.409397 -0.375349
8390 -357991.247936 0.000000 -3.409397 -0.375349
8214 -357991.247936 0.000000 -3.409397 -0.375349
10894 -357991.247936 0.000000 -3.409397 -0.375349
11018 -357991.247936 0.000000 -3.409397 -0.375349
10979 -357991.247936 0.000000 -3.409397 -0.375349
10741 -357991.247936 0.000000 -3.409397 -0.375349
13657 -357991.247936 0.000000 -3.409397 -0.375349
13601 -357991.247936 0.000000 -3.409397 -0.375349
13289 -357991.247936 0.000000 -3.409397 -0.375349
13332 -357991.247936 0.000000 -3.409397 -0.375349
13313 -357991.247936 0.000000 -3.409397 -0.375349
56276 -357991.247936 0.000000 -3.409397 -0.375349
15947 -357991.247936 0.000000 -3.409397 -0.375349
15907 -357991.247936 0.000000 -3.409397 -0.375349
16030 -357991.247936 0.000000 -3.409397 -0.375349
18581 -357991.247936 0.000000 -3.409397 -0.375349
18525 -357991.247936 0.000000 -3.409397 -0.375349
18653 -357991.247936 0.000000 -3.409397 -0.375349
18343 -357991.247936 0.000000 -3.409397 -0.375349
18321 -357991.247936 0.000000 -3.409397 -0.375349
5703 -357991.161025 0.000000 -3.322486 -0.288438
5718 -357991.161025 0.000000 -3.322486 -0.288438
8604 -357991.161025 0.000000 -3.322486 -0.288438
8685 -357991.161024 0.000000 -3.322486 -0.288438
8297 -357991.161025 0.000000 -3.322486 -0.288438
8280 -357991.161025 0.000000 -3.322486 -0.288438
8377 -357991.161024 0.000000 -3.322486 -0.288438
10920 -357991.161025 0.000000 -3.322486 -0.288438
10893 -357991.161025 0.000000 -3.322486 -0.288438
10993 -357991.161025 0.000000 -3.322486 -0.288438
10978 -357991.161025 0.000000 -3.322486 -0.288438
10740 -357991.161025 0.000000 -3.322486 -0.288438
13626 -357991.161025 0.000000 -3.322486 -0.288438
13600 -357991.161025 0.000000 -3.322486 -0.288438
13288 -357991.161025 0.000000 -3.322486 -0.288438
13318 -357991.161025 0.000000 -3.322486 -0.288438
1059 -357991.161025 0.000000 -3.322486 -0.288438
696 -357991.161025 0.000000 -3.322486 -0.288438
677 -357991.161025 0.000000 -3.322486 -0.288438
742 -357991.161025 0.000000 -3.322486 -0.288438
3650 -357991.161025 0.000000 -3.322486 -0.288438
3269 -357991.161025 0.000000 -3.322486 -0.288438
3350 -357991.161025 0.000000 -3.322486 -0.288438
3335 -357991.161025 0.000000 -3.322486 -0.288438
3161 -357991.161025 0.000000 -3.322486 -0.288438
5990 -357991.161025 0.000000 -3.322486 -0.288438
5964 -357991.161025 0.000000 -3.322486 -0.288438
16241 -357991.161024 0.000000 -3.322486 -0.288438
15871 -357991.161025 0.000000 -3.322486 -0.288438
15921 -357991.161025 0.000000 -3.322486 -0.288438
15906 -357991.161025 0.000000 -3.322486 -0.288438
16023 -357991.161025 0.000000 -3.322486 -0.288438
18550 -357991.161025 0.000000 -3.322486 -0.288438
18524 -357991.161025 0.000000 -3.322486 -0.288438
18634 -357991.161025 0.000000 -3.322486 -0.288438
18327 -357991.161025 0.000000 -3.322486 -0.288438
18320 -357991.161025 0.000000 -3.322486 -0.288438
