#ID      EIGB 	      EIPGB 	   GBbin        GBseg
534 -441726.275598 0.000000 -3.747923 -0.716332
263 -441726.275598 0.000000 -3.747923 -0.716332
736 -441726.275598 0.000000 -3.747923 -0.716332
3176 -441726.275598 0.000000 -3.747923 -0.716332
3581 -441726.275598 0.000000 -3.747922 -0.716332
3859 -441726.275598 0.000000 -3.747923 -0.716332
6353 -441726.275598 0.000000 -3.747923 -0.716332
6705 -441726.275598 0.000000 -3.747923 -0.716332
6601 -441726.275598 0.000000 -3.747923 -0.716332
6933 -441726.275598 0.000000 -3.747923 -0.716332
9973 -441726.275598 0.000000 -3.747923 -0.716332
9729 -441726.275598 0.000000 -3.747923 -0.716332
10109 -441726.275598 0.000000 -3.747922 -0.716332
12555 -441726.275598 0.000000 -3.747922 -0.716332
13036 -441726.275598 0.000000 -3.747923 -0.716332
13224 -441726.275598 0.000000 -3.747922 -0.716332
15795 -441726.275598 0.000000 -3.747923 -0.716332
16172 -441726.275598 0.000000 -3.747923 -0.716332
16057 -441726.275598 0.000000 -3.747923 -0.716332
18914 -441726.275598 0.000000 -3.747923 -0.716332
19394 -441726.275598 0.000000 -3.747922 -0.716332
19194 -441726.275598 0.000000 -3.747923 -0.716332
22225 -441726.275598 0.000000 -3.747923 -0.716332
21977 -441726.275598 0.000000 -3.747923 -0.716332
22472 -441726.275598 0.000000 -3.747923 -0.716332
382 -441726.116189 0.000000 -3.588513 -0.556923
294 -441726.116189 0.000000 -3.588513 -0.556923
650 -441726.116189 0.000000 -3.588513 -0.556923
3694 -441726.116189 0.000000 -3.588513 -0.556923
3424 -441726.116189 0.000000 -3.588513 -0.556923
3874 -441726.116189 0.000000 -3.588513 -0.556923
6297 -441726.116189 0.000000 -3.588513 -0.556923
6737 -441726.116189 0.000000 -3.588513 -0.556923
6979 -441726.116189 0.000000 -3.588513 -0.556923
6935 -441726.116189 0.000000 -3.588513 -0.556923
9857 -441726.116189 0.000000 -3.588513 -0.556923
9749 -441726.116189 0.000000 -3.588513 -0.556923
10060 -441726.116189 0.000000 -3.588513 -0.556923
13113 -441726.116189 0.000000 -3.588513 -0.556923
12877 -441726.116189 0.000000 -3.588513 -0.556923
13228 -441726.116189 0.000000 -3.588513 -0.556923
15704 -441726.116189 0.000000 -3.588513 -0.556923
16198 -441726.116189 0.000000 -3.588513 -0.556923
16350 -441726.116189 0.000000 -3.588513 -0.556923
18945 -441726.116189 0.000000 -3.588513 -0.556923
19315 -441726.116189 0.000000 -3.588513 -0.556923
19202 -441726.116189 0.000000 -3.588513 -0.556923
22063 -441726.116189 0.000000 -3.588513 -0.556923
22521 -441726.116189 0.000000 -3.588513 -0.556923
22337 -441726.116189 0.000000 -3.588513 -0.556923
381 -441726.010021 0.000000 -3.482346 -0.450755
686 -441726.010021 0.000000 -3.482346 -0.450755
649 -441726.010021 0.000000 -3.482346 -0.450755
3519 -441726.010021 0.000000 -3.482346 -0.450755
3423 -441726.010021 0.000000 -3.482346 -0.450755
3788 -441726.010021 0.000000 -3.482346 -0.450755
6805 -441726.010021 0.000000 -3.482346 -0.450755
6544 -441726.010021 0.000000 -3.482346 -0.450755
6978 -441726.010021 0.000000 -3.482346 -0.450755
9401 -441726.010021 0.000000 -3.482346 -0.450755
9856 -441726.010021 0.000000 -3.482346 -0.450755
10083 -441726.010021 0.000000 -3.482346 -0.450755
10059 -441726.010021 0.000000 -3.482346 -0.450755
12975 -441726.010021 0.000000 -3.482346 -0.450755
12876 -441726.010021 0.000000 -3.482346 -0.450755
13186 -441726.010021 0.000000 -3.482346 -0.450755
16233 -441726.010021 0.000000 -3.482346 -0.450755
16021 -441726.010021 0.000000 -3.482346 -0.450755
16349 -441726.010021 0.000000 -3.482346 -0.450755
18815 -441726.010021 0.000000 -3.482346 -0.450755
19314 -441726.010021 0.000000 -3.482346 -0.450755
19456 -441726.010021 0.000000 -3.482346 -0.450755
22062 -441726.010021 0.000000 -3.482346 -0.450755
22427 -441726.010021 0.000000 -3.482346 -0.450755
22336 -441726.010021 0.000000 -3.482346 -0.450755
228 -441726.019456 0.000000 -3.491781 -0.460190
716 -441726.019456 0.000000 -3.491781 -0.460190
492 -441726.019456 0.000000 -3.491781 -0.460190
3550 -441726.019456 0.000000 -3.491781 -0.460190
3293 -441726.019456 0.000000 -3.491781 -0.460190
3801 -441726.019456 0.000000 -3.491781 -0.460190
6671 -441726.019456 0.000000 -3.491781 -0.460190
6576 -441726.019456 0.000000 -3.491781 -0.460190
6921 -441726.019456 0.000000 -3.491781 -0.460190
9424 -441726.019456 0.000000 -3.491781 -0.460190
9695 -441726.019456 0.000000 -3.491781 -0.460190
10101 -441726.019456 0.000000 -3.491781 -0.460190
9935 -441726.019456 0.000000 -3.491781 -0.460190
13007 -441726.019456 0.000000 -3.491781 -0.460190
12711 -441726.019456 0.000000 -3.491781 -0.460190
13188 -441726.019456 0.000000 -3.491781 -0.460190
16137 -441726.019456 0.000000 -3.491781 -0.460190
16044 -441726.019456 0.000000 -3.491781 -0.460190
16323 -441726.019456 0.000000 -3.491781 -0.460190
18839 -441726.019456 0.000000 -3.491781 -0.460190
19171 -441726.019456 0.000000 -3.491781 -0.460190
19342 -441726.019456 0.000000 -3.491781 -0.460190
21950 -441726.019456 0.000000 -3.491781 -0.460190
22455 -441726.019456 0.000000 -3.491781 -0.460190
22159 -441726.019456 0.000000 -3.491781 -0.460190
227 -441726.057655 0.000000 -3.529980 -0.498389
603 -441726.057655 0.000000 -3.529980 -0.498389
491 -441726.057655 0.000000 -3.529980 -0.498389
3360 -441726.057655 0.000000 -3.529980 -0.498389
3829 -441726.057655 0.000000 -3.529980 -0.498389
3640 -441726.057655 0.000000 -3.529980 -0.498389
6670 -441726.057655 0.000000 -3.529980 -0.498389
6421 -441726.057655 0.000000 -3.529980 -0.498389
6920 -441726.057655 0.000000 -3.529980 -0.498389
9793 -441726.057655 0.000000 -3.529980 -0.498389
9694 -441726.057655 0.000000 -3.529980 -0.498389
10038 -441726.057655 0.000000 -3.529980 -0.498389
12529 -441726.057655 0.000000 -3.529980 -0.498389
12817 -441726.057655 0.000000 -3.529980 -0.498389
13207 -441726.057655 0.000000 -3.529980 -0.498389
13072 -441726.057655 0.000000 -3.529980 -0.498389
16136 -441726.057655 0.000000 -3.529980 -0.498389
15864 -441726.057655 0.000000 -3.529980 -0.498389
16322 -441726.057655 0.000000 -3.529980 -0.498389
19251 -441726.057655 0.000000 -3.529980 -0.498389
19170 -441726.057655 0.000000 -3.529980 -0.498389
19438 -441726.057655 0.000000 -3.529980 -0.498389
21949 -441726.057655 0.000000 -3.529980 -0.498389
22295 -441726.057655 0.000000 -3.529980 -0.498389
22545 -441726.057655 0.000000 -3.529980 -0.498389
130 -441726.129488 0.000000 -3.601812 -0.570222
451 -441726.129488 0.000000 -3.601812 -0.570222
776 -441726.129488 0.000000 -3.601812 -0.570222
3251 -441726.129488 0.000000 -3.601812 -0.570222
3759 -441726.129488 0.000000 -3.601812 -0.570222
3467 -441726.129488 0.000000 -3.601812 -0.570222
6508 -441726.129488 0.000000 -3.601812 -0.570222
6871 -441726.129488 0.000000 -3.601812 -0.570222
6785 -441726.129488 0.000000 -3.601812 -0.570222
9631 -441726.129488 0.000000 -3.601812 -0.570222
9559 -441726.129488 0.000000 -3.601812 -0.570222
9918 -441726.129488 0.000000 -3.601812 -0.570222
12940 -441726.129488 0.000000 -3.601812 -0.570222
12671 -441726.129488 0.000000 -3.601812 -0.570222
13170 -441726.129488 0.000000 -3.601812 -0.570222
12902 -441726.129488 0.000000 -3.601812 -0.570222
15986 -441726.129488 0.000000 -3.601812 -0.570222
16297 -441726.129488 0.000000 -3.601812 -0.570222
16222 -441726.129488 0.000000 -3.601812 -0.570222
19110 -441726.129488 0.000000 -3.601812 -0.570222
19006 -441726.129488 0.000000 -3.601812 -0.570222
19354 -441726.129488 0.000000 -3.601812 -0.570222
22391 -441726.129488 0.000000 -3.601812 -0.570222
22131 -441726.129488 0.000000 -3.601812 -0.570222
22553 -441726.129488 0.000000 -3.601812 -0.570222
131 -441726.072143 0.000000 -3.544467 -0.512877
631 -441726.072143 0.000000 -3.544467 -0.512877
777 -441726.072143 0.000000 -3.544467 -0.512877
3391 -441726.072143 0.000000 -3.544467 -0.512877
3760 -441726.072143 0.000000 -3.544467 -0.512877
3651 -441726.072143 0.000000 -3.544467 -0.512877
6509 -441726.072143 0.000000 -3.544467 -0.512877
6957 -441726.072143 0.000000 -3.544467 -0.512877
6786 -441726.072143 0.000000 -3.544467 -0.512877
9824 -441726.072143 0.000000 -3.544467 -0.512877
9560 -441726.072143 0.000000 -3.544467 -0.512877
10053 -441726.072143 0.000000 -3.544467 -0.512877
12941 -441726.072143 0.000000 -3.544467 -0.512877
12849 -441726.072143 0.000000 -3.544467 -0.512877
13171 -441726.072143 0.000000 -3.544467 -0.512877
13074 -441726.072143 0.000000 -3.544467 -0.512877
15987 -441726.072143 0.000000 -3.544467 -0.512877
16340 -441726.072143 0.000000 -3.544467 -0.512877
16223 -441726.072143 0.000000 -3.544467 -0.512877
19283 -441726.072143 0.000000 -3.544467 -0.512877
19007 -441726.072143 0.000000 -3.544467 -0.512877
19442 -441726.072143 0.000000 -3.544467 -0.512877
22392 -441726.072143 0.000000 -3.544467 -0.512877
22321 -441726.072143 0.000000 -3.544467 -0.512877
22554 -441726.072143 0.000000 -3.544467 -0.512877
568 -441726.783070 0.000000 -4.255395 -1.223804
476 -441726.783070 0.000000 -4.255395 -1.223804
748 -441726.783070 0.000000 -4.255395 -1.223804
3282 -441726.783070 0.000000 -4.255395 -1.223804
3615 -441726.783070 0.000000 -4.255395 -1.223804
3883 -441726.783070 0.000000 -4.255395 -1.223804
6386 -441726.783070 0.000000 -4.255395 -1.223804
6900 -441726.783070 0.000000 -4.255395 -1.223804
6610 -441726.783070 0.000000 -4.255395 -1.223804
9662 -441726.783070 0.000000 -4.255395 -1.223804
10008 -441726.783070 0.000000 -4.255395 -1.223804
9930 -441726.783070 0.000000 -4.255395 -1.223804
12783 -441726.783070 0.000000 -4.255395 -1.223804
12702 -441726.783070 0.000000 -4.255395 -1.223804
13059 -441726.783070 0.000000 -4.255395 -1.223804
16104 -441726.783070 0.000000 -4.255395 -1.223804
15830 -441726.783070 0.000000 -4.255395 -1.223804
16314 -441726.783070 0.000000 -4.255395 -1.223804
16062 -441726.783070 0.000000 -4.255395 -1.223804
19141 -441726.783070 0.000000 -4.255395 -1.223804
19421 -441726.783070 0.000000 -4.255395 -1.223804
19355 -441726.783070 0.000000 -4.255395 -1.223804
22260 -441726.783070 0.000000 -4.255395 -1.223804
22153 -441726.783070 0.000000 -4.255395 -1.223804
22482 -441726.783070 0.000000 -4.255395 -1.223804
567 -441726.342138 0.000000 -3.814463 -0.782872
297 -441726.342138 0.000000 -3.814463 -0.782872
747 -441726.342138 0.000000 -3.814463 -0.782872
3697 -441726.342138 0.000000 -3.814463 -0.782872
3614 -441726.342138 0.000000 -3.814463 -0.782872
3877 -441726.342138 0.000000 -3.814463 -0.782872
6385 -441726.342138 0.000000 -3.814463 -0.782872
6740 -441726.342138 0.000000 -3.814463 -0.782872
7007 -441726.342138 0.000000 -3.814463 -0.782872
9496 -441726.342138 0.000000 -3.814463 -0.782872
10007 -441726.342138 0.000000 -3.814463 -0.782872
9752 -441726.342138 0.000000 -3.814463 -0.782872
12782 -441726.342138 0.000000 -3.814463 -0.782872
13116 -441726.342138 0.000000 -3.814463 -0.782872
13058 -441726.342138 0.000000 -3.814462 -0.782872
15923 -441726.342138 0.000000 -3.814463 -0.782872
15829 -441726.342138 0.000000 -3.814463 -0.782872
16201 -441726.342138 0.000000 -3.814463 -0.782872
15955 -441726.342138 0.000000 -3.814463 -0.782872
18948 -441726.342138 0.000000 -3.814463 -0.782872
19420 -441726.342138 0.000000 -3.814463 -0.782872
19205 -441726.342138 0.000000 -3.814463 -0.782872
22259 -441726.342138 0.000000 -3.814463 -0.782872
22524 -441726.342138 0.000000 -3.814463 -0.782872
22481 -441726.342138 0.000000 -3.814463 -0.782872
261 -441725.790735 0.000000 -3.263060 -0.231469
634 -441725.790735 0.000000 -3.263060 -0.231469
308 -441725.790735 0.000000 -3.263060 -0.231469
3394 -441725.790735 0.000000 -3.263060 -0.231469
3857 -441725.790735 0.000000 -3.263060 -0.231469
3654 -441725.790735 0.000000 -3.263060 -0.231469
6703 -441725.790735 0.000000 -3.263060 -0.231469
6959 -441725.790735 0.000000 -3.263060 -0.231469
6931 -441725.790735 0.000000 -3.263060 -0.231469
9827 -441725.790735 0.000000 -3.263060 -0.231469
9727 -441725.790735 0.000000 -3.263060 -0.231469
10056 -441725.790735 0.000000 -3.263060 -0.231469
13082 -441725.790735 0.000000 -3.263060 -0.231469
12852 -441725.790735 0.000000 -3.263060 -0.231469
13222 -441725.790735 0.000000 -3.263060 -0.231469
15682 -441725.790735 0.000000 -3.263060 -0.231469
16170 -441725.790735 0.000000 -3.263060 -0.231469
16342 -441725.790735 0.000000 -3.263060 -0.231469
18912 -441725.790735 0.000000 -3.263060 -0.231469
19286 -441725.790735 0.000000 -3.263060 -0.231469
19192 -441725.790735 0.000000 -3.263060 -0.231469
22033 -441725.790735 0.000000 -3.263060 -0.231469
22493 -441725.790735 0.000000 -3.263060 -0.231469
22324 -441725.790735 0.000000 -3.263060 -0.231469
22296 -441725.790735 0.000000 -3.263060 -0.231469
142 -441725.731417 0.000000 -3.203741 -0.172151
652 -441725.731417 0.000000 -3.203741 -0.172151
604 -441725.731417 0.000000 -3.203741 -0.172151
3426 -441725.731417 0.000000 -3.203741 -0.172151
3787 -441725.731417 0.000000 -3.203741 -0.172151
3656 -441725.731417 0.000000 -3.203741 -0.172151
6543 -441725.731417 0.000000 -3.203741 -0.172151
6981 -441725.731417 0.000000 -3.203741 -0.172151
6796 -441725.731417 0.000000 -3.203741 -0.172151
9859 -441725.731417 0.000000 -3.203741 -0.172151
9571 -441725.731417 0.000000 -3.203741 -0.172151
10061 -441725.731417 0.000000 -3.203741 -0.172151
12974 -441725.731417 0.000000 -3.203741 -0.172151
12879 -441725.731417 0.000000 -3.203741 -0.172151
13185 -441725.731417 0.000000 -3.203741 -0.172151
15706 -441725.731417 0.000000 -3.203741 -0.172151
16020 -441725.731417 0.000000 -3.203741 -0.172151
16352 -441725.731417 0.000000 -3.203741 -0.172151
18814 -441725.731417 0.000000 -3.203741 -0.172151
19317 -441725.731417 0.000000 -3.203741 -0.172151
19015 -441725.731417 0.000000 -3.203741 -0.172151
22065 -441725.731417 0.000000 -3.203741 -0.172151
22426 -441725.731417 0.000000 -3.203741 -0.172151
22339 -441725.731417 0.000000 -3.203741 -0.172151
25284 -441725.731417 0.000000 -3.203741 -0.172151
685 -441725.676006 0.000000 -3.148331 -0.116740
479 -441725.676006 0.000000 -3.148331 -0.116740
662 -441725.676006 0.000000 -3.148331 -0.116740
3285 -441725.676006 0.000000 -3.148331 -0.116740
3786 -441725.676006 0.000000 -3.148330 -0.116740
3641 -441725.676006 0.000000 -3.148330 -0.116740
6542 -441725.676006 0.000000 -3.148330 -0.116740
6903 -441725.676006 0.000000 -3.148331 -0.116740
6795 -441725.676006 0.000000 -3.148330 -0.116740
9665 -441725.676006 0.000000 -3.148331 -0.116740
10082 -441725.676006 0.000000 -3.148331 -0.116740
9933 -441725.676006 0.000000 -3.148331 -0.116740
12973 -441725.676006 0.000000 -3.148331 -0.116740
12705 -441725.676006 0.000000 -3.148331 -0.116740
13184 -441725.676006 0.000000 -3.148331 -0.116740
16107 -441725.676006 0.000000 -3.148331 -0.116740
16019 -441725.676006 0.000000 -3.148331 -0.116740
16317 -441725.676006 0.000000 -3.148330 -0.116740
18813 -441725.676006 0.000000 -3.148331 -0.116740
19144 -441725.676006 0.000000 -3.148330 -0.116740
19455 -441725.676006 0.000000 -3.148331 -0.116740
21920 -441725.676006 0.000000 -3.148331 -0.116740
22425 -441725.676006 0.000000 -3.148331 -0.116740
22156 -441725.676006 0.000000 -3.148331 -0.116740
25098 -441725.676006 0.000000 -3.148331 -0.116740
415 -441726.057540 0.000000 -3.529865 -0.498274
719 -441726.057540 0.000000 -3.529865 -0.498274
659 -441726.057540 0.000000 -3.529865 -0.498274
3553 -441726.057540 0.000000 -3.529865 -0.498274
3454 -441726.057540 0.000000 -3.529865 -0.498274
3804 -441726.057540 0.000000 -3.529865 -0.498274
6835 -441726.057540 0.000000 -3.529865 -0.498274
6579 -441726.057540 0.000000 -3.529865 -0.498274
6992 -441726.057540 0.000000 -3.529865 -0.498274
9426 -441726.057540 0.000000 -3.529865 -0.498274
9889 -441726.057540 0.000000 -3.529865 -0.498274
10104 -441726.057540 0.000000 -3.529865 -0.498274
12635 -441726.057540 0.000000 -3.529865 -0.498274
13010 -441726.057540 0.000000 -3.529865 -0.498274
12895 -441726.057540 0.000000 -3.529865 -0.498274
15767 -441726.057540 0.000000 -3.529865 -0.498274
16263 -441726.057540 0.000000 -3.529865 -0.498274
16047 -441726.057540 0.000000 -3.529865 -0.498274
19075 -441726.057540 0.000000 -3.529865 -0.498274
18841 -441726.057540 0.000000 -3.529865 -0.498274
19338 -441726.057540 0.000000 -3.529865 -0.498274
18981 -441726.057540 0.000000 -3.529865 -0.498274
22096 -441726.057540 0.000000 -3.529865 -0.498274
22458 -441726.057540 0.000000 -3.529865 -0.498274
22343 -441726.057540 0.000000 -3.529865 -0.498274
262 -441725.892029 0.000000 -3.364353 -0.332763
739 -441725.892029 0.000000 -3.364353 -0.332763
499 -441725.892029 0.000000 -3.364353 -0.332763
3584 -441725.892029 0.000000 -3.364353 -0.332763
3858 -441725.892029 0.000000 -3.364353 -0.332763
3807 -441725.892029 0.000000 -3.364353 -0.332763
6704 -441725.892029 0.000000 -3.364353 -0.332763
6604 -441725.892029 0.000000 -3.364353 -0.332763
6932 -441725.892029 0.000000 -3.364353 -0.332763
9976 -441725.892029 0.000000 -3.364353 -0.332763
9728 -441725.892029 0.000000 -3.364353 -0.332763
10111 -441725.892029 0.000000 -3.364353 -0.332763
12554 -441725.892029 0.000000 -3.364353 -0.332763
13039 -441725.892029 0.000000 -3.364353 -0.332763
13223 -441725.892029 0.000000 -3.364353 -0.332763
15798 -441725.892029 0.000000 -3.364353 -0.332763
16171 -441725.892029 0.000000 -3.364353 -0.332763
16060 -441725.892029 0.000000 -3.364353 -0.332763
18913 -441725.892029 0.000000 -3.364353 -0.332763
19397 -441725.892029 0.000000 -3.364353 -0.332763
19193 -441725.892029 0.000000 -3.364353 -0.332763
22228 -441725.892029 0.000000 -3.364353 -0.332763
21976 -441725.892029 0.000000 -3.364353 -0.332763
22475 -441725.892029 0.000000 -3.364353 -0.332763
22100 -441725.892029 0.000000 -3.364353 -0.332763
133 -441726.300498 0.000000 -3.772823 -0.741232
450 -441726.300498 0.000000 -3.772823 -0.741232
779 -441726.300498 0.000000 -3.772823 -0.741232
3250 -441726.300498 0.000000 -3.772823 -0.741232
3762 -441726.300498 0.000000 -3.772823 -0.741232
3466 -441726.300498 0.000000 -3.772823 -0.741232
6511 -441726.300498 0.000000 -3.772823 -0.741232
6870 -441726.300498 0.000000 -3.772823 -0.741232
6788 -441726.300498 0.000000 -3.772823 -0.741232
6999 -441726.300498 0.000000 -3.772823 -0.741232
9562 -441726.300498 0.000000 -3.772823 -0.741232
9917 -441726.300498 0.000000 -3.772823 -0.741232
9528 -441726.300498 0.000000 -3.772823 -0.741232
12670 -441726.300498 0.000000 -3.772823 -0.741232
13173 -441726.300498 0.000000 -3.772823 -0.741232
12901 -441726.300498 0.000000 -3.772823 -0.741232
15989 -441726.300498 0.000000 -3.772823 -0.741232
16296 -441726.300498 0.000000 -3.772823 -0.741232
16224 -441726.300498 0.000000 -3.772823 -0.741232
19109 -441726.300498 0.000000 -3.772823 -0.741232
19009 -441726.300498 0.000000 -3.772823 -0.741232
19353 -441726.300498 0.000000 -3.772823 -0.741232
22394 -441726.300498 0.000000 -3.772823 -0.741232
22130 -441726.300498 0.000000 -3.772823 -0.741232
22556 -441726.300498 0.000000 -3.772823 -0.741232
101 -441726.293958 0.000000 -3.766283 -0.734692
601 -441726.293958 0.000000 -3.766283 -0.734692
309 -441726.293958 0.000000 -3.766283 -0.734692
3358 -441726.293958 0.000000 -3.766283 -0.734692
3731 -441726.293958 0.000000 -3.766283 -0.734692
3638 -441726.293958 0.000000 -3.766283 -0.734692
3885 -441726.293958 0.000000 -3.766283 -0.734692
6419 -441726.293958 0.000000 -3.766283 -0.734692
6770 -441726.293958 0.000000 -3.766283 -0.734692
6768 -441726.293958 0.000000 -3.766283 -0.734692
9530 -441726.293958 0.000000 -3.766283 -0.734692
10036 -441726.293958 0.000000 -3.766283 -0.734692
9758 -441726.293958 0.000000 -3.766283 -0.734692
12815 -441726.293958 0.000000 -3.766283 -0.734692
13150 -441726.293958 0.000000 -3.766283 -0.734692
13070 -441726.293958 0.000000 -3.766283 -0.734692
15957 -441726.293958 0.000000 -3.766283 -0.734692
15862 -441726.293958 0.000000 -3.766283 -0.734692
16219 -441726.293958 0.000000 -3.766283 -0.734692
19249 -441726.293958 0.000000 -3.766283 -0.734692
18982 -441726.293958 0.000000 -3.766283 -0.734692
19436 -441726.293958 0.000000 -3.766283 -0.734692
21858 -441726.293958 0.000000 -3.766283 -0.734692
22293 -441726.293958 0.000000 -3.766283 -0.734692
22546 -441726.293958 0.000000 -3.766283 -0.734692
537 -441726.976367 0.000000 -4.448691 -1.417101
449 -441726.976367 0.000000 -4.448691 -1.417101
740 -441726.976367 0.000000 -4.448691 -1.417101
3249 -441726.976367 0.000000 -4.448691 -1.417101
3585 -441726.976367 0.000000 -4.448691 -1.417101
3896 -441726.976367 0.000000 -4.448691 -1.417101
6355 -441726.976367 0.000000 -4.448691 -1.417101
6869 -441726.976367 0.000000 -4.448691 -1.417101
6605 -441726.976367 0.000000 -4.448691 -1.417101
6998 -441726.976367 0.000000 -4.448691 -1.417101
9977 -441726.976367 0.000000 -4.448691 -1.417101
9916 -441726.976367 0.000000 -4.448691 -1.417101
10112 -441726.976367 0.000000 -4.448691 -1.417101
12669 -441726.976367 0.000000 -4.448691 -1.417101
13040 -441726.976367 0.000000 -4.448691 -1.417101
12639 -441726.976367 0.000000 -4.448691 -1.417101
15799 -441726.976367 0.000000 -4.448691 -1.417101
16295 -441726.976367 0.000000 -4.448691 -1.417101
16061 -441726.976367 0.000000 -4.448691 -1.417101
19108 -441726.976367 0.000000 -4.448691 -1.417101
19398 -441726.976367 0.000000 -4.448691 -1.417101
19352 -441726.976367 0.000000 -4.448691 -1.417101
22229 -441726.976367 0.000000 -4.448691 -1.417101
22129 -441726.976367 0.000000 -4.448691 -1.417101
22476 -441726.976367 0.000000 -4.448691 -1.417101
230 -441726.186605 0.000000 -3.658930 -0.627339
602 -441726.186605 0.000000 -3.658930 -0.627339
494 -441726.186605 0.000000 -3.658930 -0.627339
3359 -441726.186605 0.000000 -3.658930 -0.627339
3831 -441726.186605 0.000000 -3.658930 -0.627339
3639 -441726.186605 0.000000 -3.658930 -0.627339
3458 -441726.186605 0.000000 -3.658930 -0.627339
6420 -441726.186605 0.000000 -3.658930 -0.627339
6923 -441726.186605 0.000000 -3.658930 -0.627339
6422 -441726.186605 0.000000 -3.658930 -0.627339
9697 -441726.186605 0.000000 -3.658930 -0.627339
10037 -441726.186605 0.000000 -3.658930 -0.627339
9936 -441726.186605 0.000000 -3.658930 -0.627339
12816 -441726.186605 0.000000 -3.658930 -0.627339
13209 -441726.186605 0.000000 -3.658930 -0.627339
13071 -441726.186605 0.000000 -3.658930 -0.627339
16139 -441726.186605 0.000000 -3.658930 -0.627339
15863 -441726.186605 0.000000 -3.658930 -0.627339
16324 -441726.186605 0.000000 -3.658930 -0.627339
19250 -441726.186605 0.000000 -3.658930 -0.627339
19173 -441726.186605 0.000000 -3.658930 -0.627339
19437 -441726.186605 0.000000 -3.658930 -0.627339
21952 -441726.186605 0.000000 -3.658930 -0.627339
22294 -441726.186605 0.000000 -3.658930 -0.627339
22485 -441726.186605 0.000000 -3.658930 -0.627339
416 -441726.267914 0.000000 -3.740239 -0.708648
50565 -441726.267914 0.000000 -3.740239 -0.708648
660 -441726.267914 0.000000 -3.740239 -0.708648
3728 -441726.267914 0.000000 -3.740239 -0.708648
3455 -441726.267914 0.000000 -3.740239 -0.708648
3882 -441726.267914 0.000000 -3.740239 -0.708648
56636 -441726.267914 0.000000 -3.740239 -0.708648
6767 -441726.267914 0.000000 -3.740239 -0.708648
6993 -441726.267914 0.000000 -3.740239 -0.708648
9527 -441726.267914 0.000000 -3.740239 -0.708648
9890 -441726.267914 0.000000 -3.740239 -0.708648
59557 -441726.267914 0.000000 -3.740239 -0.708648
12636 -441726.267914 0.000000 -3.740239 -0.708648
13147 -441726.267914 0.000000 -3.740239 -0.708648
12896 -441726.267914 0.000000 -3.740239 -0.708648
15954 -441726.267914 0.000000 -3.740239 -0.708648
66064 -441726.267914 0.000000 -3.740239 -0.708648
16216 -441726.267914 0.000000 -3.740239 -0.708648
19076 -441726.267914 0.000000 -3.740239 -0.708648
18979 -441726.267914 0.000000 -3.740239 -0.708648
19339 -441726.267914 0.000000 -3.740239 -0.708648
68780 -441726.267914 0.000000 -3.740239 -0.708648
22097 -441726.267914 0.000000 -3.740239 -0.708648
22543 -441726.267914 0.000000 -3.740239 -0.708648
22344 -441726.267914 0.000000 -3.740239 -0.708648
571 -441726.809349 0.000000 -4.281673 -1.250083
477 -441726.809349 0.000000 -4.281673 -1.250083
751 -441726.809349 0.000000 -4.281673 -1.250083
3283 -441726.809349 0.000000 -4.281673 -1.250083
3618 -441726.809349 0.000000 -4.281673 -1.250083
3730 -441726.809349 0.000000 -4.281673 -1.250083
6389 -441726.809349 0.000000 -4.281673 -1.250083
6901 -441726.809349 0.000000 -4.281673 -1.250083
6612 -441726.809349 0.000000 -4.281673 -1.250083
9663 -441726.809349 0.000000 -4.281673 -1.250083
10011 -441726.809349 0.000000 -4.281673 -1.250083
9931 -441726.809349 0.000000 -4.281673 -1.250083
12785 -441726.809349 0.000000 -4.281673 -1.250083
12703 -441726.809349 0.000000 -4.281673 -1.250083
13062 -441726.809349 0.000000 -4.281673 -1.250083
16105 -441726.809349 0.000000 -4.281673 -1.250083
15833 -441726.809349 0.000000 -4.281673 -1.250083
16315 -441726.809349 0.000000 -4.281673 -1.250083
18734 -441726.809349 0.000000 -4.281673 -1.250083
19142 -441726.809349 0.000000 -4.281673 -1.250083
19424 -441726.809349 0.000000 -4.281673 -1.250083
19356 -441726.809349 0.000000 -4.281673 -1.250083
22263 -441726.809349 0.000000 -4.281673 -1.250083
22154 -441726.809349 0.000000 -4.281673 -1.250083
22484 -441726.809349 0.000000 -4.281673 -1.250083
50487 -441726.268227 0.000000 -3.740552 -0.708961
478 -441726.268227 0.000000 -3.740552 -0.708961
419 -441726.268227 0.000000 -3.740552 -0.708961
3284 -441726.268227 0.000000 -3.740552 -0.708961
3789 -441726.268227 0.000000 -3.740552 -0.708961
53529 -441726.268227 0.000000 -3.740552 -0.708961
6545 -441726.268227 0.000000 -3.740552 -0.708961
6902 -441726.268227 0.000000 -3.740552 -0.708961
6797 -441726.268227 0.000000 -3.740552 -0.708961
9664 -441726.268227 0.000000 -3.740552 -0.708961
59884 -441726.268227 0.000000 -3.740552 -0.708961
9932 -441726.268227 0.000000 -3.740552 -0.708961
12976 -441726.268227 0.000000 -3.740552 -0.708961
12704 -441726.268227 0.000000 -3.740552 -0.708961
13187 -441726.268227 0.000000 -3.740552 -0.708961
65906 -441726.268227 0.000000 -3.740552 -0.708961
16022 -441726.268227 0.000000 -3.740552 -0.708961
16316 -441726.268227 0.000000 -3.740552 -0.708961
18816 -441726.268227 0.000000 -3.740552 -0.708961
19143 -441726.268227 0.000000 -3.740552 -0.708961
69257 -441726.268227 0.000000 -3.740552 -0.708961
19357 -441726.268227 0.000000 -3.740552 -0.708961
22428 -441726.268227 0.000000 -3.740552 -0.708961
22155 -441726.268227 0.000000 -3.740552 -0.708961
22559 -441726.268227 0.000000 -3.740552 -0.708961
134 -441726.066359 0.000000 -3.538683 -0.507093
632 -441726.066359 0.000000 -3.538683 -0.507093
766 -441726.066359 0.000000 -3.538683 -0.507093
3392 -441726.066359 0.000000 -3.538683 -0.507093
3763 -441726.066359 0.000000 -3.538683 -0.507093
3652 -441726.066359 0.000000 -3.538683 -0.507093
6512 -441726.066359 0.000000 -3.538683 -0.507093
6958 -441726.066359 0.000000 -3.538683 -0.507093
6789 -441726.066359 0.000000 -3.538683 -0.507093
9825 -441726.066359 0.000000 -3.538683 -0.507093
9563 -441726.066359 0.000000 -3.538683 -0.507093
10054 -441726.066359 0.000000 -3.538683 -0.507093
12943 -441726.066359 0.000000 -3.538683 -0.507093
12850 -441726.066359 0.000000 -3.538683 -0.507093
13174 -441726.066359 0.000000 -3.538683 -0.507093
15680 -441726.066359 0.000000 -3.538683 -0.507093
15990 -441726.066359 0.000000 -3.538683 -0.507093
16341 -441726.066359 0.000000 -3.538683 -0.507093
16225 -441726.066359 0.000000 -3.538683 -0.507093
19284 -441726.066359 0.000000 -3.538683 -0.507093
19010 -441726.066359 0.000000 -3.538683 -0.507093
19443 -441726.066359 0.000000 -3.538683 -0.507093
22395 -441726.066359 0.000000 -3.538683 -0.507093
22322 -441726.066359 0.000000 -3.538683 -0.507093
22557 -441726.066359 0.000000 -3.538683 -0.507093
264 -441726.067977 0.000000 -3.540302 -0.508712
633 -441726.067977 0.000000 -3.540302 -0.508711
500 -441726.067977 0.000000 -3.540302 -0.508712
3393 -441726.067977 0.000000 -3.540302 -0.508712
3860 -441726.067977 0.000000 -3.540302 -0.508711
3653 -441726.067977 0.000000 -3.540302 -0.508711
6706 -441726.067977 0.000000 -3.540302 -0.508712
6431 -441726.067977 0.000000 -3.540302 -0.508712
6934 -441726.067977 0.000000 -3.540302 -0.508711
9826 -441726.067977 0.000000 -3.540302 -0.508711
9730 -441726.067977 0.000000 -3.540302 -0.508711
10055 -441726.067977 0.000000 -3.540302 -0.508711
12556 -441726.067977 0.000000 -3.540302 -0.508712
12851 -441726.067977 0.000000 -3.540302 -0.508711
13225 -441726.067977 0.000000 -3.540302 -0.508711
15681 -441726.067977 0.000000 -3.540302 -0.508712
16173 -441726.067977 0.000000 -3.540302 -0.508711
15871 -441726.067977 0.000000 -3.540302 -0.508711
16326 -441726.067977 0.000000 -3.540302 -0.508712
19285 -441726.067977 0.000000 -3.540302 -0.508712
19195 -441726.067977 0.000000 -3.540302 -0.508712
19444 -441726.067977 0.000000 -3.540302 -0.508711
21978 -441726.067977 0.000000 -3.540302 -0.508712
22323 -441726.067977 0.000000 -3.540302 -0.508711
21857 -441726.067977 0.000000 -3.540302 -0.508712
385 -441726.204957 0.000000 -3.677282 -0.645691
295 -441726.204958 0.000000 -3.677282 -0.645692
653 -441726.204958 0.000000 -3.677282 -0.645692
3695 -441726.204958 0.000000 -3.677282 -0.645692
3427 -441726.204958 0.000000 -3.677282 -0.645692
3875 -441726.204957 0.000000 -3.677282 -0.645691
6299 -441726.204958 0.000000 -3.677282 -0.645692
6738 -441726.204958 0.000000 -3.677282 -0.645692
6982 -441726.204957 0.000000 -3.677282 -0.645692
9494 -441726.204957 0.000000 -3.677282 -0.645692
9860 -441726.204958 0.000000 -3.677282 -0.645692
9750 -441726.204957 0.000000 -3.677282 -0.645691
10062 -441726.204957 0.000000 -3.677282 -0.645692
13114 -441726.204958 0.000000 -3.677282 -0.645692
12880 -441726.204958 0.000000 -3.677282 -0.645692
13229 -441726.204958 0.000000 -3.677282 -0.645692
15707 -441726.204958 0.000000 -3.677282 -0.645692
16199 -441726.204958 0.000000 -3.677282 -0.645692
16267 -441726.204957 0.000000 -3.677282 -0.645691
18946 -441726.204958 0.000000 -3.677282 -0.645692
19318 -441726.204958 0.000000 -3.677282 -0.645692
19203 -441726.204958 0.000000 -3.677282 -0.645692
22066 -441726.204958 0.000000 -3.677282 -0.645692
22522 -441726.204957 0.000000 -3.677282 -0.645692
22340 -441726.204957 0.000000 -3.677282 -0.645691
231 -441726.028628 0.000000 -3.500953 -0.469362
717 -441726.028628 0.000000 -3.500953 -0.469362
495 -441726.028628 0.000000 -3.500953 -0.469362
3551 -441726.028628 0.000000 -3.500953 -0.469362
53632 -441726.028628 0.000000 -3.500953 -0.469362
3802 -441726.028628 0.000000 -3.500953 -0.469362
6673 -441726.028628 0.000000 -3.500953 -0.469362
6577 -441726.028628 0.000000 -3.500953 -0.469362
6924 -441726.028628 0.000000 -3.500953 -0.469362
59745 -441726.028628 0.000000 -3.500953 -0.469362
9698 -441726.028628 0.000000 -3.500953 -0.469362
10102 -441726.028628 0.000000 -3.500953 -0.469362
12531 -441726.028628 0.000000 -3.500953 -0.469362
13008 -441726.028628 0.000000 -3.500953 -0.469362
63010 -441726.028628 0.000000 -3.500953 -0.469362
13189 -441726.028628 0.000000 -3.500953 -0.469362
16140 -441726.028628 0.000000 -3.500953 -0.469362
16045 -441726.028628 0.000000 -3.500953 -0.469362
16325 -441726.028628 0.000000 -3.500953 -0.469362
69166 -441726.028628 0.000000 -3.500953 -0.469362
19174 -441726.028628 0.000000 -3.500953 -0.469362
19252 -441726.028628 0.000000 -3.500953 -0.469362
21953 -441726.028628 0.000000 -3.500953 -0.469362
22456 -441726.028628 0.000000 -3.500953 -0.469362
72162 -441726.028628 0.000000 -3.500953 -0.469362
418 -441726.045936 0.000000 -3.518261 -0.486670
718 -441726.045936 0.000000 -3.518261 -0.486670
661 -441726.045936 0.000000 -3.518261 -0.486670
3552 -441726.045936 0.000000 -3.518261 -0.486670
3457 -441726.045936 0.000000 -3.518261 -0.486670
3803 -441726.045936 0.000000 -3.518261 -0.486670
6838 -441726.045936 0.000000 -3.518261 -0.486670
6578 -441726.045936 0.000000 -3.518261 -0.486670
6995 -441726.045936 0.000000 -3.518261 -0.486670
9425 -441726.045936 0.000000 -3.518261 -0.486670
9892 -441726.045936 0.000000 -3.518261 -0.486670
10103 -441726.045936 0.000000 -3.518261 -0.486670
12638 -441726.045936 0.000000 -3.518261 -0.486670
13009 -441726.045936 0.000000 -3.518261 -0.486670
12898 -441726.045936 0.000000 -3.518261 -0.486670
13190 -441726.045936 0.000000 -3.518261 -0.486670
16266 -441726.045936 0.000000 -3.518261 -0.486670
16046 -441726.045936 0.000000 -3.518261 -0.486670
16217 -441726.045936 0.000000 -3.518261 -0.486670
18840 -441726.045936 0.000000 -3.518261 -0.486670
19341 -441726.045936 0.000000 -3.518261 -0.486670
19078 -441726.045936 0.000000 -3.518261 -0.486670
22099 -441726.045936 0.000000 -3.518261 -0.486670
22457 -441726.045936 0.000000 -3.518261 -0.486670
22345 -441726.045936 0.000000 -3.518261 -0.486670
570 -441726.330876 0.000000 -3.803201 -0.771610
296 -441726.330876 0.000000 -3.803201 -0.771610
750 -441726.330876 0.000000 -3.803201 -0.771610
53496 -441726.330876 0.000000 -3.803201 -0.771610
3617 -441726.330876 0.000000 -3.803201 -0.771610
3876 -441726.330876 0.000000 -3.803201 -0.771610
6388 -441726.330876 0.000000 -3.803201 -0.771610
6739 -441726.330876 0.000000 -3.803201 -0.771610
56808 -441726.330876 0.000000 -3.803201 -0.771610
9495 -441726.330876 0.000000 -3.803201 -0.771610
10010 -441726.330876 0.000000 -3.803201 -0.771610
9751 -441726.330876 0.000000 -3.803201 -0.771610
10113 -441726.330876 0.000000 -3.803201 -0.771610
62915 -441726.330876 0.000000 -3.803201 -0.771610
13061 -441726.330876 0.000000 -3.803201 -0.771610
13149 -441726.330876 0.000000 -3.803201 -0.771610
15832 -441726.330876 0.000000 -3.803201 -0.771610
16200 -441726.330876 0.000000 -3.803201 -0.771610
65665 -441726.330876 0.000000 -3.803201 -0.771610
18947 -441726.330876 0.000000 -3.803201 -0.771610
19423 -441726.330876 0.000000 -3.803201 -0.771610
19204 -441726.330876 0.000000 -3.803201 -0.771610
22262 -441726.330876 0.000000 -3.803201 -0.771610
72323 -441726.330876 0.000000 -3.803201 -0.771610
22483 -441726.330876 0.000000 -3.803201 -0.771610
1069 -441726.213764 0.000000 -3.686088 -0.654498
1175 -441726.213764 0.000000 -3.686088 -0.654498
855 -441726.213764 0.000000 -3.686088 -0.654498
4040 -441726.213764 0.000000 -3.686088 -0.654498
4277 -441726.213764 0.000000 -3.686088 -0.654498
3911 -441726.213764 0.000000 -3.686088 -0.654498
7674 -441726.213764 0.000000 -3.686088 -0.654498
7183 -441726.213764 0.000000 -3.686088 -0.654498
7019 -441726.213764 0.000000 -3.686088 -0.654498
10651 -441726.213764 0.000000 -3.686088 -0.654498
10282 -441726.213764 0.000000 -3.686088 -0.654498
10391 -441726.213764 0.000000 -3.686088 -0.654498
13761 -441726.213764 0.000000 -3.686088 -0.654498
13295 -441726.213764 0.000000 -3.686088 -0.654498
13483 -441726.213764 0.000000 -3.686088 -0.654498
16676 -441726.213764 0.000000 -3.686088 -0.654498
16937 -441726.213764 0.000000 -3.686088 -0.654498
16440 -441726.213764 0.000000 -3.686088 -0.654498
19772 -441726.213764 0.000000 -3.686088 -0.654498
19870 -441726.213764 0.000000 -3.686088 -0.654498
19540 -441726.213764 0.000000 -3.686088 -0.654498
23256 -441726.213764 0.000000 -3.686088 -0.654498
22963 -441726.213764 0.000000 -3.686088 -0.654498
22589 -441726.213764 0.000000 -3.686088 -0.654498
22718 -441726.213764 0.000000 -3.686088 -0.654498
918 -441726.109919 0.000000 -3.582244 -0.550654
1174 -441726.109919 0.000000 -3.582244 -0.550654
793 -441726.109919 0.000000 -3.582244 -0.550653
4582 -441726.109919 0.000000 -3.582244 -0.550654
4091 -441726.109919 0.000000 -3.582244 -0.550654
3910 -441726.109919 0.000000 -3.582244 -0.550654
7550 -441726.109919 0.000000 -3.582244 -0.550653
7182 -441726.109919 0.000000 -3.582244 -0.550654
7317 -441726.109919 0.000000 -3.582244 -0.550654
10650 -441726.109919 0.000000 -3.582244 -0.550653
10175 -441726.109919 0.000000 -3.582244 -0.550653
10390 -441726.109919 0.000000 -3.582244 -0.550654
13568 -441726.109919 0.000000 -3.582244 -0.550654
13839 -441726.109919 0.000000 -3.582244 -0.550654
13332 -441726.109919 0.000000 -3.582244 -0.550654
16675 -441726.109919 0.000000 -3.582244 -0.550654
16776 -441726.109919 0.000000 -3.582244 -0.550654
16439 -441726.109919 0.000000 -3.582244 -0.550654
20148 -441726.109919 0.000000 -3.582244 -0.550654
19869 -441726.109919 0.000000 -3.582244 -0.550654
19479 -441726.109919 0.000000 -3.582244 -0.550653
19639 -441726.109919 0.000000 -3.582244 -0.550654
22773 -441726.109919 0.000000 -3.582244 -0.550653
23078 -441726.109919 0.000000 -3.582244 -0.550654
22615 -441726.109919 0.000000 -3.582244 -0.550654
1072 -441726.256562 0.000000 -3.728886 -0.697296
1349 -441726.256562 0.000000 -3.728886 -0.697296
858 -441726.256562 0.000000 -3.728886 -0.697296
4179 -441726.256561 0.000000 -3.728886 -0.697296
4280 -441726.256562 0.000000 -3.728886 -0.697296
3964 -441726.256562 0.000000 -3.728886 -0.697296
7676 -441726.256562 0.000000 -3.728886 -0.697296
7367 -441726.256562 0.000000 -3.728886 -0.697296
7022 -441726.256562 0.000000 -3.728886 -0.697296
10781 -441726.256562 0.000000 -3.728886 -0.697296
10285 -441726.256562 0.000000 -3.728886 -0.697296
10580 -441726.256561 0.000000 -3.728886 -0.697296
10147 -441726.256562 0.000000 -3.728886 -0.697296
13397 -441726.256562 0.000000 -3.728886 -0.697296
13486 -441726.256561 0.000000 -3.728886 -0.697296
13252 -441726.256562 0.000000 -3.728886 -0.697296
16939 -441726.256562 0.000000 -3.728886 -0.697296
16583 -441726.256562 0.000000 -3.728886 -0.697296
16357 -441726.256562 0.000000 -3.728886 -0.697296
20037 -441726.256562 0.000000 -3.728886 -0.697296
19543 -441726.256562 0.000000 -3.728886 -0.697296
19818 -441726.256562 0.000000 -3.728886 -0.697296
22966 -441726.256562 0.000000 -3.728886 -0.697296
22646 -441726.256562 0.000000 -3.728886 -0.697296
22721 -441726.256562 0.000000 -3.728886 -0.697296
1103 -441726.231133 0.000000 -3.703458 -0.671867
1201 -441726.231133 0.000000 -3.703458 -0.671867
865 -441726.231133 0.000000 -3.703458 -0.671867
4065 -441726.231133 0.000000 -3.703458 -0.671867
4309 -441726.231133 0.000000 -3.703458 -0.671867
3920 -441726.231133 0.000000 -3.703458 -0.671867
7700 -441726.231133 0.000000 -3.703458 -0.671867
7214 -441726.231133 0.000000 -3.703458 -0.671867
7034 -441726.231133 0.000000 -3.703458 -0.671867
10684 -441726.231133 0.000000 -3.703458 -0.671867
10316 -441726.231133 0.000000 -3.703458 -0.671867
10405 -441726.231133 0.000000 -3.703458 -0.671867
10148 -441726.231133 0.000000 -3.703458 -0.671867
13320 -441726.231133 0.000000 -3.703458 -0.671867
13503 -441726.231133 0.000000 -3.703458 -0.671867
13234 -441726.231133 0.000000 -3.703458 -0.671867
16963 -441726.231133 0.000000 -3.703458 -0.671867
16459 -441726.231133 0.000000 -3.703458 -0.671867
16359 -441726.231133 0.000000 -3.703458 -0.671867
19904 -441726.231133 0.000000 -3.703458 -0.671867
19565 -441726.231133 0.000000 -3.703458 -0.671867
19642 -441726.231133 0.000000 -3.703458 -0.671867
22997 -441726.231133 0.000000 -3.703458 -0.671867
22607 -441726.231133 0.000000 -3.703458 -0.671867
22725 -441726.231133 0.000000 -3.703458 -0.671867
