#ID      EIFS 	      EIPFS 	   FSbin        FSseg
1859 -797028.810620 0.000000 -4.337578 -1.305221
2277 -797028.811131 0.000000 -4.338089 -1.305732
2366 -797028.810283 0.000000 -4.337242 -1.304884
2687 -797028.811140 0.000000 -4.338098 -1.305741
2737 -797028.810243 0.000000 -4.337202 -1.304844
2632 -797028.751111 0.000000 -4.278069 -1.245712
13234 -797028.810147 0.000000 -4.337106 -1.304748
13112 -797028.810620 0.000000 -4.337578 -1.305220
13730 -797028.811131 0.000000 -4.338090 -1.305732
13617 -797028.810283 0.000000 -4.337242 -1.304884
14007 -797028.811140 0.000000 -4.338098 -1.305741
13976 -797028.810243 0.000000 -4.337202 -1.304844
13994 -797028.751111 0.000000 -4.278069 -1.245712
24482 -797028.810147 0.000000 -4.337106 -1.304748
24572 -797028.810618 0.000000 -4.337576 -1.305219
24978 -797028.811132 0.000000 -4.338090 -1.305733
25051 -797028.810271 0.000000 -4.337229 -1.304872
24892 -797028.751108 0.000000 -4.278066 -1.245709
24936 -797028.810150 0.000000 -4.337108 -1.304751
35359 -797028.810620 0.000000 -4.337578 -1.305220
35956 -797028.811132 0.000000 -4.338090 -1.305733
35825 -797028.810284 0.000000 -4.337242 -1.304885
36371 -797028.811140 0.000000 -4.338098 -1.305741
36295 -797028.810243 0.000000 -4.337201 -1.304844
36331 -797028.751111 0.000000 -4.278069 -1.245712
36231 -797028.810147 0.000000 -4.337106 -1.304748
1813 -797028.749881 0.000000 -4.276840 -1.244482
2234 -797028.788100 0.000000 -4.315059 -1.282701
2320 -797028.749422 0.000000 -4.276381 -1.244023
2170 -797028.753844 0.000000 -4.280802 -1.248445
2714 -797028.749356 0.000000 -4.276314 -1.243956
2627 -797028.753824 0.000000 -4.280782 -1.248425
2107 -797028.749134 0.000000 -4.276092 -1.243735
13069 -797028.749881 0.000000 -4.276839 -1.244482
13685 -797028.788100 0.000000 -4.315059 -1.282701
13578 -797028.749422 0.000000 -4.276381 -1.244023
13648 -797028.753844 0.000000 -4.280802 -1.248445
13959 -797028.749356 0.000000 -4.276314 -1.243957
13987 -797028.753824 0.000000 -4.280782 -1.248425
24440 -797028.749134 0.000000 -4.276093 -1.243735
24525 -797028.749879 0.000000 -4.276838 -1.244480
24935 -797028.788102 0.000000 -4.315061 -1.282703
25016 -797028.749399 0.000000 -4.276357 -1.244000
24885 -797028.753824 0.000000 -4.280783 -1.248425
25260 -797028.749138 0.000000 -4.276096 -1.243739
25219 -797028.749881 0.000000 -4.276839 -1.244482
35910 -797028.788101 0.000000 -4.315059 -1.282702
35782 -797028.749423 0.000000 -4.276381 -1.244023
36344 -797028.788123 0.000000 -4.315082 -1.282724
36268 -797028.749356 0.000000 -4.276314 -1.243956
36316 -797028.753824 0.000000 -4.280782 -1.248425
36453 -797028.749134 0.000000 -4.276092 -1.243735
2233 -797028.711483 0.000000 -4.238441 -1.206084
2323 -797028.793813 0.000000 -4.320771 -1.288413
2169 -797028.791507 0.000000 -4.318465 -1.286107
2717 -797028.793728 0.000000 -4.320686 -1.288329
2626 -797028.791454 0.000000 -4.318412 -1.286055
1674 -797028.793617 0.000000 -4.320575 -1.288218
13068 -797028.792664 0.000000 -4.319622 -1.287265
13686 -797028.711483 0.000000 -4.238441 -1.206084
13577 -797028.793812 0.000000 -4.320771 -1.288413
13651 -797028.791507 0.000000 -4.318465 -1.286108
13958 -797028.793728 0.000000 -4.320686 -1.288329
13990 -797028.791454 0.000000 -4.318412 -1.286055
13067 -797028.793617 0.000000 -4.320576 -1.288218
24528 -797028.792663 0.000000 -4.319621 -1.287264
24367 -797028.791624 0.000000 -4.318583 -1.286225
25019 -797028.793797 0.000000 -4.320756 -1.288398
24884 -797028.791463 0.000000 -4.318421 -1.286064
25221 -797028.793624 0.000000 -4.320582 -1.288225
25218 -797028.792664 0.000000 -4.319623 -1.287265
35912 -797028.711482 0.000000 -4.238441 -1.206083
35781 -797028.793812 0.000000 -4.320771 -1.288413
35859 -797028.791506 0.000000 -4.318465 -1.286107
36267 -797028.793728 0.000000 -4.320686 -1.288329
36319 -797028.791454 0.000000 -4.318412 -1.286055
36454 -797028.793617 0.000000 -4.320575 -1.288218
36190 -797028.792664 0.000000 -4.319622 -1.287265
1675 -797028.711585 0.000000 -4.238544 -1.206186
2276 -797028.711126 0.000000 -4.238085 -1.205727
2150 -797028.711890 0.000000 -4.238848 -1.206491
2686 -797028.711186 0.000000 -4.238145 -1.205787
2608 -797028.711940 0.000000 -4.238899 -1.206541
2149 -797028.711171 0.000000 -4.238129 -1.205771
13026 -797028.713035 0.000000 -4.239994 -1.207636
13111 -797028.711585 0.000000 -4.238544 -1.206186
13535 -797028.711127 0.000000 -4.238085 -1.205728
13616 -797028.711890 0.000000 -4.238848 -1.206491
13936 -797028.711186 0.000000 -4.238145 -1.205787
13975 -797028.711940 0.000000 -4.238898 -1.206541
13114 -797028.711170 0.000000 -4.238128 -1.205771
24481 -797028.713035 0.000000 -4.239994 -1.207636
24356 -797028.711586 0.000000 -4.238545 -1.206187
24977 -797028.711130 0.000000 -4.238089 -1.205731
24863 -797028.711918 0.000000 -4.238876 -1.206519
25245 -797028.711165 0.000000 -4.238123 -1.205765
25212 -797028.713033 0.000000 -4.239992 -1.207634
35879 -797028.890945 0.000000 -4.417903 -1.385546
35739 -797028.711127 0.000000 -4.238085 -1.205727
35824 -797028.711890 0.000000 -4.238848 -1.206491
36233 -797028.711186 0.000000 -4.238145 -1.205787
36294 -797028.711940 0.000000 -4.238899 -1.206541
36486 -797028.711170 0.000000 -4.238129 -1.205771
36232 -797028.713035 0.000000 -4.239993 -1.207636
3878 -797028.891453 0.000000 -4.418411 -1.386054
3475 -797028.889016 0.000000 -4.415975 -1.383617
3386 -797028.891787 0.000000 -4.418746 -1.386388
3012 -797028.889102 0.000000 -4.416060 -1.383703
2949 -797028.891834 0.000000 -4.418793 -1.386435
2816 -797028.889106 0.000000 -4.416064 -1.383707
2800 -797028.891919 0.000000 -4.418878 -1.386520
15089 -797028.891453 0.000000 -4.418411 -1.386054
14474 -797028.889016 0.000000 -4.415975 -1.383617
14600 -797028.891787 0.000000 -4.418746 -1.386388
14120 -797028.889102 0.000000 -4.416060 -1.383703
14175 -797028.891834 0.000000 -4.418793 -1.386435
14146 -797028.906314 0.000000 -4.433273 -1.400915
26196 -797028.891919 0.000000 -4.418878 -1.386520
26108 -797028.891454 0.000000 -4.418413 -1.386055
25687 -797028.889018 0.000000 -4.415977 -1.383619
25605 -797028.891808 0.000000 -4.418766 -1.386409
25342 -797028.889098 0.000000 -4.416057 -1.383699
25301 -797028.891917 0.000000 -4.418876 -1.386518
25378 -797028.891454 0.000000 -4.418412 -1.386055
37192 -797028.889016 0.000000 -4.415975 -1.383617
37322 -797028.891787 0.000000 -4.418746 -1.386388
36724 -797028.889102 0.000000 -4.416060 -1.383703
36823 -797028.891834 0.000000 -4.418793 -1.386435
36520 -797028.889106 0.000000 -4.416064 -1.383707
36535 -797028.891919 0.000000 -4.418878 -1.386520
3473 -797028.916898 0.000000 -4.443856 -1.411499
3387 -797028.903398 0.000000 -4.430357 -1.397999
3010 -797028.917001 0.000000 -4.443959 -1.411602
2950 -797028.903460 0.000000 -4.430418 -1.398061
3080 -797028.901601 0.000000 -4.428559 -1.396202
2801 -797028.903584 0.000000 -4.430542 -1.398185
15087 -797028.902738 0.000000 -4.429697 -1.397339
14475 -797028.916898 0.000000 -4.443856 -1.411499
14598 -797028.903398 0.000000 -4.430357 -1.397999
14121 -797028.917001 0.000000 -4.443959 -1.411602
14173 -797028.903460 0.000000 -4.430418 -1.398061
14147 -797028.901601 0.000000 -4.428559 -1.396202
14034 -797028.903583 0.000000 -4.430542 -1.398184
26109 -797028.902739 0.000000 -4.429698 -1.397340
25685 -797028.916898 0.000000 -4.443856 -1.411499
25606 -797028.903414 0.000000 -4.430372 -1.398015
25340 -797028.916980 0.000000 -4.443938 -1.411581
25302 -797028.903580 0.000000 -4.430538 -1.398181
25377 -797028.902739 0.000000 -4.429698 -1.397340
37193 -797028.916898 0.000000 -4.443856 -1.411498
37320 -797028.903399 0.000000 -4.430357 -1.397999
36725 -797028.917001 0.000000 -4.443959 -1.411602
36821 -797028.903460 0.000000 -4.430418 -1.398061
36778 -797028.901601 0.000000 -4.428559 -1.396202
36533 -797028.903584 0.000000 -4.430542 -1.398185
36525 -797028.902738 0.000000 -4.429697 -1.397339
3517 -797029.012543 0.000000 -4.539501 -1.507143
3430 -797028.913901 0.000000 -4.440859 -1.408502
3049 -797029.012675 0.000000 -4.539633 -1.507276
2977 -797028.913986 0.000000 -4.440945 -1.408587
3086 -797028.912408 0.000000 -4.439367 -1.407009
2804 -797028.914067 0.000000 -4.441026 -1.408668
15130 -797028.912487 0.000000 -4.439446 -1.407088
14517 -797029.012542 0.000000 -4.539501 -1.507143
14642 -797028.913901 0.000000 -4.440859 -1.408502
14559 -797028.912398 0.000000 -4.439356 -1.406999
14197 -797028.913986 0.000000 -4.440944 -1.408587
14157 -797028.912408 0.000000 -4.439367 -1.407009
14036 -797028.914067 0.000000 -4.441026 -1.408668
26152 -797028.912488 0.000000 -4.439446 -1.407089
25729 -797029.012542 0.000000 -4.539501 -1.507143
25643 -797028.913909 0.000000 -4.440868 -1.408510
25782 -797028.912414 0.000000 -4.439372 -1.407015
25317 -797028.914061 0.000000 -4.441019 -1.408662
25383 -797028.912488 0.000000 -4.439446 -1.407089
37236 -797029.012542 0.000000 -4.539500 -1.507143
37364 -797028.913901 0.000000 -4.440859 -1.408502
36766 -797029.012675 0.000000 -4.539633 -1.507276
36857 -797028.913986 0.000000 -4.440945 -1.408587
36794 -797028.912408 0.000000 -4.439367 -1.407009
36546 -797028.914067 0.000000 -4.441026 -1.408668
36527 -797028.912487 0.000000 -4.439446 -1.407088
3732 -797029.015576 0.000000 -4.542535 -1.510177
3645 -797029.014871 0.000000 -4.541829 -1.509472
3220 -797029.015792 0.000000 -4.542750 -1.510393
3139 -797029.014894 0.000000 -4.541852 -1.509495
2877 -797029.015811 0.000000 -4.542770 -1.510412
2841 -797029.014964 0.000000 -4.541923 -1.509565
2913 -797029.012843 0.000000 -4.539801 -1.507444
14727 -797029.015576 0.000000 -4.542535 -1.510177
14857 -797029.014871 0.000000 -4.541829 -1.509472
14263 -797029.015792 0.000000 -4.542750 -1.510393
14359 -797029.014893 0.000000 -4.541852 -1.509494
14055 -797029.015811 0.000000 -4.542770 -1.510412
14067 -797029.014964 0.000000 -4.541923 -1.509565
26341 -797029.012843 0.000000 -4.539801 -1.507444
25937 -797029.015577 0.000000 -4.542535 -1.510177
25849 -797029.014874 0.000000 -4.541832 -1.509475
25474 -797029.015796 0.000000 -4.542754 -1.510397
25416 -797029.014963 0.000000 -4.541922 -1.509564
115136 -797029.012844 0.000000 -4.539803 -1.507445
25265 -797029.015576 0.000000 -4.542534 -1.510177
37555 -797029.014871 0.000000 -4.541829 -1.509472
36941 -797029.015792 0.000000 -4.542750 -1.510392
37063 -797029.014894 0.000000 -4.541852 -1.509495
36588 -797029.015811 0.000000 -4.542769 -1.510412
36638 -797029.014964 0.000000 -4.541923 -1.509565
36612 -797029.012843 0.000000 -4.539801 -1.507444
3730 -797029.012933 0.000000 -4.539892 -1.507534
3646 -797029.012299 0.000000 -4.539258 -1.506900
3217 -797029.013194 0.000000 -4.540152 -1.507795
3140 -797029.012342 0.000000 -4.539300 -1.506943
92730 -797029.018925 0.000000 -4.545884 -1.513526
2842 -797029.012382 0.000000 -4.539340 -1.506983
2911 -797029.019082 0.000000 -4.546041 -1.513683
14728 -797029.012933 0.000000 -4.539892 -1.507534
14854 -797029.012299 0.000000 -4.539258 -1.506900
14264 -797029.013194 0.000000 -4.540152 -1.507795
14356 -797029.012342 0.000000 -4.539301 -1.506943
14315 -797029.018926 0.000000 -4.545884 -1.513526
14064 -797029.012382 0.000000 -4.539340 -1.506983
26342 -797029.019082 0.000000 -4.546041 -1.513683
25934 -797029.012933 0.000000 -4.539892 -1.507534
25850 -797029.012300 0.000000 -4.539259 -1.506901
25471 -797029.013194 0.000000 -4.540152 -1.507795
25417 -797029.012379 0.000000 -4.539337 -1.506980
25544 -797029.019084 0.000000 -4.546042 -1.513685
25266 -797029.012933 0.000000 -4.539892 -1.507534
37552 -797029.012299 0.000000 -4.539258 -1.506900
36942 -797029.013194 0.000000 -4.540152 -1.507795
37060 -797029.012342 0.000000 -4.539300 -1.506943
36589 -797029.013212 0.000000 -4.540171 -1.507813
36635 -797029.012382 0.000000 -4.539340 -1.506983
36613 -797029.019082 0.000000 -4.546041 -1.513683
81428 -797029.017731 0.000000 -4.544690 -1.512332
3687 -797029.018324 0.000000 -4.545282 -1.512925
3264 -797029.018236 0.000000 -4.545194 -1.512837
3175 -797029.018424 0.000000 -4.545382 -1.513025
3318 -797029.063848 0.000000 -4.590806 -1.558449
2855 -797029.018453 0.000000 -4.545411 -1.513054
2919 -797029.063964 0.000000 -4.590922 -1.558565
14769 -797029.017731 0.000000 -4.544690 -1.512332
14901 -797029.018324 0.000000 -4.545282 -1.512924
14303 -797029.018236 0.000000 -4.545194 -1.512837
14392 -797029.018424 0.000000 -4.545382 -1.513025
14330 -797029.063848 0.000000 -4.590806 -1.558449
14079 -797029.018453 0.000000 -4.545411 -1.513054
14061 -797029.063964 0.000000 -4.590922 -1.558565
25981 -797029.017731 0.000000 -4.544690 -1.512332
25891 -797029.018324 0.000000 -4.545283 -1.512925
115369 -797029.063866 0.000000 -4.590825 -1.558467
25440 -797029.018445 0.000000 -4.545403 -1.513046
25551 -797029.063966 0.000000 -4.590924 -1.558566
25269 -797029.017730 0.000000 -4.544689 -1.512331
37597 -797029.018324 0.000000 -4.545282 -1.512925
36982 -797029.018236 0.000000 -4.545194 -1.512837
37106 -797029.018424 0.000000 -4.545382 -1.513025
37024 -797029.063848 0.000000 -4.590806 -1.558449
36661 -797029.018453 0.000000 -4.545411 -1.513054
36620 -797029.063964 0.000000 -4.590922 -1.558565
3688 -797029.064175 0.000000 -4.591134 -1.558776
93117 -797029.079980 0.000000 -4.606938 -1.574581
3176 -797029.064361 0.000000 -4.591319 -1.558961
3316 -797029.079971 0.000000 -4.606929 -1.574572
2856 -797029.064391 0.000000 -4.591349 -1.558991
2916 -797029.080041 0.000000 -4.606999 -1.574642
2797 -797029.064542 0.000000 -4.591500 -1.559142
14898 -797029.064175 0.000000 -4.591133 -1.558776
14822 -797029.079980 0.000000 -4.606938 -1.574581
14389 -797029.064360 0.000000 -4.591319 -1.558961
14331 -797029.079971 0.000000 -4.606929 -1.574572
14076 -797029.064391 0.000000 -4.591349 -1.558992
14062 -797029.080041 0.000000 -4.606999 -1.574642
25978 -797029.064542 0.000000 -4.591500 -1.559142
25892 -797029.064176 0.000000 -4.591134 -1.558777
26052 -797029.079981 0.000000 -4.606939 -1.574582
25441 -797029.064376 0.000000 -4.591334 -1.558977
25548 -797029.080042 0.000000 -4.607001 -1.574643
25270 -797029.064540 0.000000 -4.591499 -1.559141
25290 -797029.064175 0.000000 -4.591134 -1.558776
36983 -797029.062495 0.000000 -4.589453 -1.557096
37103 -797029.064360 0.000000 -4.591319 -1.558961
37025 -797029.079971 0.000000 -4.606929 -1.574572
36658 -797029.064391 0.000000 -4.591349 -1.558991
36621 -797029.080041 0.000000 -4.606999 -1.574642
36497 -797029.064542 0.000000 -4.591500 -1.559143
81424 -797029.115039 0.000000 -4.641997 -1.609640
3844 -797029.114793 0.000000 -4.641751 -1.609394
3219 -797029.115457 0.000000 -4.642416 -1.610058
3343 -797029.114882 0.000000 -4.641841 -1.609483
2876 -797029.115490 0.000000 -4.642449 -1.610091
2928 -797029.114923 0.000000 -4.641881 -1.609524
2912 -797029.450575 0.000000 -4.977534 -1.945176
14942 -797029.115039 0.000000 -4.641997 -1.609639
14856 -797029.114793 0.000000 -4.641751 -1.609394
14429 -797029.115457 0.000000 -4.642416 -1.610058
14358 -797029.114882 0.000000 -4.641841 -1.609483
14095 -797029.115490 0.000000 -4.642449 -1.610091
14066 -797029.114923 0.000000 -4.641881 -1.609524
14144 -797029.450575 0.000000 -4.977534 -1.945176
25936 -797029.115039 0.000000 -4.641997 -1.609640
26063 -797029.114793 0.000000 -4.641752 -1.609394
25473 -797029.115465 0.000000 -4.642423 -1.610066
25572 -797029.114916 0.000000 -4.641874 -1.609517
25279 -797029.115477 0.000000 -4.642436 -1.610078
25292 -797029.115038 0.000000 -4.641996 -1.609639
37554 -797029.114793 0.000000 -4.641751 -1.609394
37147 -797029.115457 0.000000 -4.642416 -1.610058
37062 -797029.114882 0.000000 -4.641841 -1.609483
36687 -797029.115490 0.000000 -4.642449 -1.610091
36637 -797029.114923 0.000000 -4.641881 -1.609524
126361 -797029.450575 0.000000 -4.977534 -1.945176
3879 -797029.451170 0.000000 -4.978128 -1.945771
3262 -797029.449450 0.000000 -4.976409 -1.944051
3388 -797029.451207 0.000000 -4.978165 -1.945808
2902 -797029.449477 0.000000 -4.976435 -1.944078
2951 -797029.451228 0.000000 -4.978186 -1.945828
2917 -797029.853386 0.000000 -5.380344 -2.347987
14986 -797029.450415 0.000000 -4.977374 -1.945016
14899 -797029.451170 0.000000 -4.978128 -1.945771
14476 -797029.449451 0.000000 -4.976409 -1.944051
14390 -797029.451207 0.000000 -4.978165 -1.945808
103978 -797029.853372 0.000000 -5.380330 -2.347973
14077 -797029.451228 0.000000 -4.978186 -1.945828
14148 -797029.853386 0.000000 -5.380344 -2.347987
25979 -797029.450415 0.000000 -4.977374 -1.945016
26110 -797029.451170 0.000000 -4.978128 -1.945771
25511 -797029.449459 0.000000 -4.976418 -1.944060
25607 -797029.451224 0.000000 -4.978183 -1.945825
25549 -797029.853389 0.000000 -5.380347 -2.347990
25303 -797029.450415 0.000000 -4.977373 -1.945016
37596 -797029.451170 0.000000 -4.978129 -1.945771
37194 -797029.449450 0.000000 -4.976409 -1.944051
37104 -797029.451207 0.000000 -4.978165 -1.945808
36726 -797029.449477 0.000000 -4.976435 -1.944078
36659 -797029.451228 0.000000 -4.978186 -1.945828
36779 -797029.853386 0.000000 -5.380344 -2.347987
36498 -797029.450415 0.000000 -4.977373 -1.945016
3877 -797029.852992 0.000000 -5.379950 -2.347593
3263 -797029.878459 0.000000 -5.405417 -2.373060
3385 -797029.853131 0.000000 -5.380089 -2.347732
3317 -797029.854624 0.000000 -5.381583 -2.349225
2948 -797029.853134 0.000000 -5.380093 -2.347735
2918 -797029.854632 0.000000 -5.381590 -2.349233
2799 -797029.852923 0.000000 -5.379881 -2.347524
14900 -797029.852992 0.000000 -5.379950 -2.347593
14473 -797029.878459 0.000000 -5.405417 -2.373060
14391 -797029.853131 0.000000 -5.380089 -2.347732
14550 -797029.854624 0.000000 -5.381583 -2.349225
14078 -797029.853134 0.000000 -5.380093 -2.347735
14145 -797029.854632 0.000000 -5.381590 -2.349232
25980 -797029.852923 0.000000 -5.379881 -2.347524
26107 -797029.852992 0.000000 -5.379950 -2.347593
25512 -797029.878460 0.000000 -5.405418 -2.373061
25604 -797029.853127 0.000000 -5.380085 -2.347728
25550 -797029.854635 0.000000 -5.381593 -2.349236
25300 -797029.852922 0.000000 -5.379881 -2.347523
25291 -797029.852992 0.000000 -5.379951 -2.347593
37191 -797029.878459 0.000000 -5.405417 -2.373060
37105 -797029.853131 0.000000 -5.380089 -2.347732
126579 -797029.854624 0.000000 -5.381583 -2.349225
36660 -797029.853134 0.000000 -5.380093 -2.347735
36777 -797029.854632 0.000000 -5.381590 -2.349233
36499 -797029.852923 0.000000 -5.379881 -2.347524
81457 -797029.880659 0.000000 -5.407618 -2.375260
3305 -797030.321501 0.000000 -5.848460 -2.816102
3432 -797029.880902 0.000000 -5.407861 -2.375503
3344 -797029.880144 0.000000 -5.407103 -2.374745
2979 -797029.880923 0.000000 -5.407881 -2.375523
2929 -797029.880150 0.000000 -5.407109 -2.374751
2806 -797029.880916 0.000000 -5.407875 -2.375517
14943 -797029.880659 0.000000 -5.407618 -2.375260
104375 -797029.880174 0.000000 -5.407133 -2.374775
14430 -797029.880902 0.000000 -5.407861 -2.375503
14561 -797029.880144 0.000000 -5.407103 -2.374745
14096 -797029.880923 0.000000 -5.407881 -2.375523
14159 -797029.880150 0.000000 -5.407109 -2.374751
14031 -797029.880916 0.000000 -5.407875 -2.375517
26154 -797029.880659 0.000000 -5.407618 -2.375260
26064 -797029.880174 0.000000 -5.407132 -2.374775
25645 -797029.880907 0.000000 -5.407865 -2.375507
25573 -797029.880154 0.000000 -5.407112 -2.374755
25319 -797029.880915 0.000000 -5.407873 -2.375516
25293 -797029.880660 0.000000 -5.407618 -2.375260
37237 -797030.321501 0.000000 -5.848460 -2.816102
37148 -797029.880903 0.000000 -5.407861 -2.375503
37289 -797029.880144 0.000000 -5.407103 -2.374745
36688 -797029.880923 0.000000 -5.407881 -2.375523
36796 -797029.880150 0.000000 -5.407109 -2.374751
36506 -797029.880916 0.000000 -5.407875 -2.375517
3731 -797029.077916 0.000000 -4.604874 -1.572517
3846 -797029.076294 0.000000 -4.603253 -1.570895
3218 -797029.078185 0.000000 -4.605144 -1.572786
3346 -797029.076310 0.000000 -4.603269 -1.570911
2875 -797029.078215 0.000000 -4.605173 -1.572816
2931 -797029.076357 0.000000 -4.603316 -1.570958
2798 -797029.078189 0.000000 -4.605147 -1.572790
14945 -797029.077916 0.000000 -4.604874 -1.572517
14855 -797029.076294 0.000000 -4.603253 -1.570895
14432 -797029.078185 0.000000 -4.605144 -1.572786
14357 -797029.076310 0.000000 -4.603269 -1.570911
14098 -797029.078215 0.000000 -4.605173 -1.572816
14065 -797029.076357 0.000000 -4.603315 -1.570958
115878 -797029.114686 0.000000 -4.641645 -1.609287
25935 -797029.077916 0.000000 -4.604874 -1.572517
26066 -797029.076295 0.000000 -4.603253 -1.570896
25472 -797029.078194 0.000000 -4.605152 -1.572795
25575 -797029.076357 0.000000 -4.603315 -1.570958
25278 -797029.078187 0.000000 -4.605145 -1.572788
25295 -797029.077916 0.000000 -4.604874 -1.572517
37553 -797029.076294 0.000000 -4.603253 -1.570895
37150 -797029.078186 0.000000 -4.605144 -1.572786
37061 -797029.076310 0.000000 -4.603269 -1.570911
36690 -797029.078215 0.000000 -4.605173 -1.572816
36636 -797029.076357 0.000000 -4.603315 -1.570958
36508 -797029.078189 0.000000 -4.605147 -1.572790
3845 -797030.321267 0.000000 -5.848225 -2.815868
3429 -797030.320737 0.000000 -5.847695 -2.815338
3345 -797030.321227 0.000000 -5.848185 -2.815828
2976 -797030.320749 0.000000 -5.847707 -2.815350
2930 -797030.321225 0.000000 -5.848183 -2.815826
2803 -797030.320798 0.000000 -5.847756 -2.815399
14944 -797030.320902 0.000000 -5.847861 -2.815503
15076 -797030.321267 0.000000 -5.848225 -2.815868
14431 -797030.320737 0.000000 -5.847695 -2.815338
14558 -797030.321227 0.000000 -5.848185 -2.815828
14097 -797030.320749 0.000000 -5.847707 -2.815350
14156 -797030.321225 0.000000 -5.848183 -2.815826
14032 -797030.320798 0.000000 -5.847757 -2.815399
26151 -797030.320902 0.000000 -5.847861 -2.815503
26065 -797030.321266 0.000000 -5.848225 -2.815867
25642 -797030.320744 0.000000 -5.847702 -2.815344
25574 -797030.321229 0.000000 -5.848187 -2.815830
25316 -797030.320798 0.000000 -5.847756 -2.815398
25294 -797030.320902 0.000000 -5.847861 -2.815503
127091 -797030.321267 0.000000 -5.848225 -2.815868
37149 -797030.320737 0.000000 -5.847695 -2.815338
37287 -797030.321227 0.000000 -5.848185 -2.815828
36689 -797030.320749 0.000000 -5.847707 -2.815350
36793 -797030.321225 0.000000 -5.848183 -2.815826
36507 -797030.320798 0.000000 -5.847756 -2.815399
36526 -797030.320902 0.000000 -5.847860 -2.815503
3686 -797030.325018 0.000000 -5.851977 -2.819619
3604 -797030.320014 0.000000 -5.846972 -2.814615
3174 -797030.325039 0.000000 -5.851997 -2.819640
3112 -797030.320009 0.000000 -5.846967 -2.814610
2854 -797030.325058 0.000000 -5.852016 -2.819659
2834 -797030.320087 0.000000 -5.847045 -2.814688
104624 -797030.320253 0.000000 -5.847211 -2.814854
14686 -797030.325018 0.000000 -5.851977 -2.819619
14821 -797030.320014 0.000000 -5.846972 -2.814615
14229 -797030.325039 0.000000 -5.851997 -2.819640
14329 -797030.320009 0.000000 -5.846967 -2.814610
14045 -797030.325058 0.000000 -5.852017 -2.819659
14060 -797030.320087 0.000000 -5.847045 -2.814688
26310 -797030.320253 0.000000 -5.847211 -2.814854
25890 -797030.325021 0.000000 -5.851980 -2.819622
25810 -797030.320017 0.000000 -5.846976 -2.814618
25439 -797030.325057 0.000000 -5.852015 -2.819658
25399 -797030.320087 0.000000 -5.847045 -2.814688
25268 -797030.325919 0.000000 -5.852877 -2.820520
37408 -797030.325018 0.000000 -5.851977 -2.819619
37541 -797030.320014 0.000000 -5.846972 -2.814614
36900 -797030.325039 0.000000 -5.851997 -2.819640
37023 -797030.320009 0.000000 -5.846967 -2.814610
36566 -797030.325058 0.000000 -5.852017 -2.819659
36619 -797030.320087 0.000000 -5.847045 -2.814688
36495 -797030.325919 0.000000 -5.852877 -2.820520
93416 -797029.078927 0.000000 -4.605885 -1.573527
3477 -797029.077609 0.000000 -4.604567 -1.572210
3605 -797029.078852 0.000000 -4.605810 -1.573453
3014 -797029.077671 0.000000 -4.604629 -1.572272
3113 -797029.078869 0.000000 -4.605827 -1.573470
2817 -797029.077644 0.000000 -4.604603 -1.572245
2835 -797029.078664 0.000000 -4.605623 -1.573265
15091 -797029.078927 0.000000 -4.605885 -1.573528
14687 -797029.077609 0.000000 -4.604567 -1.572210
14602 -797029.078852 0.000000 -4.605810 -1.573453
14230 -797029.077671 0.000000 -4.604629 -1.572272
14177 -797029.078869 0.000000 -4.605827 -1.573469
14046 -797029.077644 0.000000 -4.604603 -1.572245
26198 -797029.078664 0.000000 -4.605623 -1.573265
26311 -797029.078928 0.000000 -4.605886 -1.573528
25689 -797029.077610 0.000000 -4.604569 -1.572211
25811 -797029.078869 0.000000 -4.605828 -1.573470
25344 -797029.077641 0.000000 -4.604599 -1.572242
25400 -797029.078664 0.000000 -4.605622 -1.573265
25263 -797028.963400 0.000000 -4.490358 -1.458001
37409 -797029.077609 0.000000 -4.604567 -1.572210
37324 -797029.078852 0.000000 -4.605810 -1.573453
36901 -797029.077671 0.000000 -4.604629 -1.572272
36825 -797029.078869 0.000000 -4.605827 -1.573469
36567 -797029.077644 0.000000 -4.604603 -1.572245
36537 -797029.078664 0.000000 -4.605623 -1.573265
3559 -797029.874591 0.000000 -5.401549 -2.369192
3689 -797029.881885 0.000000 -5.408843 -2.376486
3603 -797029.881030 0.000000 -5.407989 -2.375631
3177 -797029.881903 0.000000 -5.408862 -2.376504
3111 -797029.881022 0.000000 -5.407981 -2.375623
2857 -797029.881905 0.000000 -5.408864 -2.376506
2833 -797029.881182 0.000000 -5.408140 -2.375783
14770 -797029.874591 0.000000 -5.401549 -2.369192
14685 -797029.881885 0.000000 -5.408843 -2.376486
14823 -797029.881030 0.000000 -5.407989 -2.375631
14228 -797029.881903 0.000000 -5.408862 -2.376504
14332 -797029.881022 0.000000 -5.407981 -2.375623
14044 -797029.881905 0.000000 -5.408864 -2.376506
26382 -797029.881182 0.000000 -5.408140 -2.375783
25770 -797029.874591 0.000000 -5.401549 -2.369192
25893 -797029.881886 0.000000 -5.408844 -2.376487
25809 -797029.881034 0.000000 -5.407993 -2.375635
25442 -797029.881902 0.000000 -5.408860 -2.376503
25398 -797029.881182 0.000000 -5.408140 -2.375783
25271 -797029.874591 0.000000 -5.401549 -2.369192
37407 -797029.881885 0.000000 -5.408843 -2.376485
126840 -797029.881030 0.000000 -5.407989 -2.375631
36899 -797029.881903 0.000000 -5.408862 -2.376504
37026 -797029.881022 0.000000 -5.407981 -2.375623
36565 -797029.881905 0.000000 -5.408864 -2.376506
36622 -797029.881182 0.000000 -5.408140 -2.375783
3520 -797029.825590 0.000000 -5.352548 -2.320191
3644 -797029.853723 0.000000 -5.380681 -2.348323
3051 -797029.825584 0.000000 -5.352542 -2.320185
3138 -797029.853720 0.000000 -5.380678 -2.348321
3089 -797029.852676 0.000000 -5.379635 -2.347277
2840 -797029.853690 0.000000 -5.380648 -2.348291
2830 -797029.852557 0.000000 -5.379516 -2.347158
14726 -797029.825590 0.000000 -5.352548 -2.320191
14645 -797029.853722 0.000000 -5.380681 -2.348323
104118 -797029.852688 0.000000 -5.379646 -2.347289
14200 -797029.853720 0.000000 -5.380678 -2.348321
14314 -797029.852676 0.000000 -5.379635 -2.347277
14039 -797029.853690 0.000000 -5.380648 -2.348291
26340 -797029.852557 0.000000 -5.379515 -2.347158
25732 -797029.825591 0.000000 -5.352549 -2.320192
25848 -797029.853721 0.000000 -5.380679 -2.348322
25784 -797029.852685 0.000000 -5.379644 -2.347286
25415 -797029.853688 0.000000 -5.380647 -2.348289
25386 -797029.852557 0.000000 -5.379516 -2.347158
25264 -797029.825590 0.000000 -5.352548 -2.320191
37367 -797029.853722 0.000000 -5.380681 -2.348323
36940 -797029.825584 0.000000 -5.352543 -2.320185
36860 -797029.853720 0.000000 -5.380678 -2.348321
37015 -797029.852676 0.000000 -5.379635 -2.347277
36549 -797029.853690 0.000000 -5.380648 -2.348291
36611 -797029.852557 0.000000 -5.379516 -2.347158
3519 -797029.430101 0.000000 -4.957060 -1.924702
3647 -797029.449700 0.000000 -4.976659 -1.944301
3050 -797029.430145 0.000000 -4.957104 -1.924746
3141 -797029.449714 0.000000 -4.976673 -1.944315
3088 -797029.448867 0.000000 -4.975826 -1.943468
2843 -797029.449777 0.000000 -4.976735 -1.944378
15132 -797029.449767 0.000000 -4.976726 -1.944368
14729 -797029.430102 0.000000 -4.957060 -1.924702
14644 -797029.449700 0.000000 -4.976659 -1.944301
14265 -797029.430145 0.000000 -4.957104 -1.924746
14199 -797029.449714 0.000000 -4.976673 -1.944315
14316 -797029.448867 0.000000 -4.975826 -1.943468
14038 -797029.449777 0.000000 -4.976735 -1.944378
26343 -797029.449768 0.000000 -4.976726 -1.944369
25731 -797029.430105 0.000000 -4.957063 -1.924706
25851 -797029.449711 0.000000 -4.976669 -1.944312
25369 -797029.430163 0.000000 -4.957122 -1.924764
25418 -797029.449776 0.000000 -4.976734 -1.944377
25385 -797029.449767 0.000000 -4.976726 -1.944368
37448 -797029.430101 0.000000 -4.957060 -1.924702
37366 -797029.449700 0.000000 -4.976659 -1.944301
36943 -797029.430145 0.000000 -4.957104 -1.924746
36859 -797029.449714 0.000000 -4.976673 -1.944315
126446 -797029.448867 0.000000 -4.975826 -1.943468
36548 -797029.449777 0.000000 -4.976735 -1.944378
36614 -797029.449767 0.000000 -4.976726 -1.944368
4039 -797029.114788 0.000000 -4.641746 -1.609389
3478 -797029.116579 0.000000 -4.643537 -1.611180
3602 -797029.114771 0.000000 -4.641729 -1.609372
3015 -797029.116697 0.000000 -4.643655 -1.611298
3110 -797029.114800 0.000000 -4.641758 -1.609401
2818 -797029.116685 0.000000 -4.643644 -1.611286
2832 -797029.114798 0.000000 -4.641757 -1.609399
15092 -797029.114788 0.000000 -4.641746 -1.609389
14684 -797029.116579 0.000000 -4.643537 -1.611180
14603 -797029.114771 0.000000 -4.641729 -1.609372
14227 -797029.116697 0.000000 -4.643655 -1.611298
14178 -797029.114800 0.000000 -4.641758 -1.609401
103899 -797029.112677 0.000000 -4.639635 -1.607278
26199 -797029.114798 0.000000 -4.641757 -1.609399
26309 -797029.114789 0.000000 -4.641747 -1.609389
25690 -797029.116580 0.000000 -4.643538 -1.611181
25808 -797029.114785 0.000000 -4.641743 -1.609386
25345 -797029.116679 0.000000 -4.643638 -1.611280
25397 -797029.114797 0.000000 -4.641756 -1.609398
25380 -797029.114788 0.000000 -4.641746 -1.609389
37406 -797029.116579 0.000000 -4.643537 -1.611180
37325 -797029.114771 0.000000 -4.641729 -1.609372
36898 -797029.116697 0.000000 -4.643655 -1.611298
36826 -797029.114800 0.000000 -4.641758 -1.609401
36564 -797029.116685 0.000000 -4.643644 -1.611286
36538 -797029.114798 0.000000 -4.641756 -1.609399
3518 -797029.259760 0.000000 -4.786718 -1.754361
3435 -797029.063349 0.000000 -4.590307 -1.557950
3591 -797029.064110 0.000000 -4.591068 -1.558710
2982 -797029.063390 0.000000 -4.590349 -1.557991
3087 -797029.064131 0.000000 -4.591090 -1.558732
2809 -797029.063349 0.000000 -4.590307 -1.557950
15131 -797029.063425 0.000000 -4.590384 -1.558026
14521 -797029.259760 0.000000 -4.786718 -1.754361
14643 -797029.063349 0.000000 -4.590307 -1.557950
14564 -797029.064110 0.000000 -4.591068 -1.558711
14198 -797029.063390 0.000000 -4.590349 -1.557991
14162 -797029.064131 0.000000 -4.591090 -1.558732
14037 -797029.063349 0.000000 -4.590307 -1.557950
26157 -797029.063426 0.000000 -4.590384 -1.558027
115586 -797029.064203 0.000000 -4.591162 -1.558804
25648 -797029.063352 0.000000 -4.590311 -1.557953
25783 -797029.064135 0.000000 -4.591094 -1.558736
25322 -797029.063347 0.000000 -4.590305 -1.557948
25384 -797029.063425 0.000000 -4.590384 -1.558026
37240 -797029.259760 0.000000 -4.786718 -1.754361
37365 -797029.063349 0.000000 -4.590307 -1.557950
37291 -797029.064110 0.000000 -4.591068 -1.558710
36858 -797029.063390 0.000000 -4.590349 -1.557991
36799 -797029.064131 0.000000 -4.591090 -1.558732
36547 -797029.063349 0.000000 -4.590307 -1.557950
36532 -797029.063425 0.000000 -4.590384 -1.558026
81459 -797029.018391 0.000000 -4.545349 -1.512992
3521 -797028.900241 0.000000 -4.427199 -1.394842
3434 -797029.018327 0.000000 -4.545285 -1.512928
92908 -797029.020783 0.000000 -4.547741 -1.515384
2981 -797029.018352 0.000000 -4.545311 -1.512953
3090 -797029.020808 0.000000 -4.547766 -1.515409
2808 -797029.018262 0.000000 -4.545220 -1.512863
15133 -797029.018391 0.000000 -4.545349 -1.512992
14520 -797028.900241 0.000000 -4.427199 -1.394842
14646 -797029.018327 0.000000 -4.545285 -1.512928
14563 -797029.020783 0.000000 -4.547741 -1.515384
14201 -797029.018352 0.000000 -4.545311 -1.512953
14161 -797029.020808 0.000000 -4.547766 -1.515409
14040 -797029.018262 0.000000 -4.545220 -1.512863
26156 -797029.018391 0.000000 -4.545350 -1.512992
25733 -797028.900240 0.000000 -4.427198 -1.394841
25647 -797029.018334 0.000000 -4.545292 -1.512935
25785 -797029.020812 0.000000 -4.547771 -1.515413
25321 -797029.018261 0.000000 -4.545219 -1.512862
25387 -797029.018391 0.000000 -4.545349 -1.512992
37239 -797028.900241 0.000000 -4.427199 -1.394842
37368 -797029.018327 0.000000 -4.545285 -1.512928
36767 -797028.900355 0.000000 -4.427314 -1.394956
36861 -797029.018352 0.000000 -4.545311 -1.512953
36798 -797029.020808 0.000000 -4.547766 -1.515409
36550 -797029.018262 0.000000 -4.545220 -1.512863
3882 -797029.012688 0.000000 -4.539646 -1.507289
3476 -797029.007940 0.000000 -4.534898 -1.502541
3391 -797029.012601 0.000000 -4.539559 -1.507202
3013 -797029.007995 0.000000 -4.534953 -1.502595
2954 -797029.012619 0.000000 -4.539577 -1.507220
3081 -797028.995822 0.000000 -4.522780 -1.490423
2802 -797029.012471 0.000000 -4.539429 -1.507072
15090 -797029.012688 0.000000 -4.539646 -1.507289
14479 -797029.007940 0.000000 -4.534898 -1.502541
14601 -797029.012601 0.000000 -4.539559 -1.507202
14124 -797029.007995 0.000000 -4.534953 -1.502595
14176 -797029.012619 0.000000 -4.539577 -1.507220
14151 -797028.995822 0.000000 -4.522780 -1.490423
26197 -797029.012471 0.000000 -4.539429 -1.507072
26113 -797029.012689 0.000000 -4.539647 -1.507290
25688 -797029.007940 0.000000 -4.534899 -1.502541
25610 -797029.012612 0.000000 -4.539571 -1.507213
115199 -797028.995825 0.000000 -4.522783 -1.490426
25306 -797029.012470 0.000000 -4.539429 -1.507071
25379 -797029.012688 0.000000 -4.539646 -1.507289
37197 -797029.007940 0.000000 -4.534898 -1.502541
37323 -797029.012601 0.000000 -4.539559 -1.507202
36729 -797029.007995 0.000000 -4.534953 -1.502595
36824 -797029.012619 0.000000 -4.539577 -1.507220
36781 -797028.995822 0.000000 -4.522780 -1.490423
36536 -797029.012471 0.000000 -4.539429 -1.507072
3881 -797029.016537 0.000000 -4.543495 -1.511138
3479 -797029.014220 0.000000 -4.541178 -1.508821
3390 -797029.016445 0.000000 -4.543403 -1.511045
3016 -797029.014272 0.000000 -4.541230 -1.508873
2953 -797029.016469 0.000000 -4.543427 -1.511070
92675 -797029.133186 0.000000 -4.660144 -1.627787
14988 -797029.016390 0.000000 -4.543348 -1.510991
15093 -797029.016537 0.000000 -4.543495 -1.511138
14478 -797029.014220 0.000000 -4.541178 -1.508821
14604 -797029.016444 0.000000 -4.543403 -1.511045
14123 -797029.014272 0.000000 -4.541230 -1.508873
14179 -797029.016469 0.000000 -4.543427 -1.511070
14150 -797029.133186 0.000000 -4.660144 -1.627787
26200 -797029.016390 0.000000 -4.543348 -1.510991
26112 -797029.016538 0.000000 -4.543497 -1.511139
25691 -797029.014219 0.000000 -4.541177 -1.508819
25609 -797029.016467 0.000000 -4.543425 -1.511068
25346 -797029.014186 0.000000 -4.541144 -1.508787
25305 -797029.016390 0.000000 -4.543348 -1.510991
37738 -797029.016537 0.000000 -4.543495 -1.511138
37196 -797029.014220 0.000000 -4.541178 -1.508820
37326 -797029.016444 0.000000 -4.543403 -1.511045
36728 -797029.014272 0.000000 -4.541230 -1.508873
36827 -797029.016469 0.000000 -4.543427 -1.511070
36521 -797029.014189 0.000000 -4.541147 -1.508790
36539 -797029.016390 0.000000 -4.543348 -1.510991
3880 -797028.914567 0.000000 -4.441525 -1.409168
3267 -797028.917780 0.000000 -4.444738 -1.412381
3389 -797028.914544 0.000000 -4.441502 -1.409145
3320 -797028.876769 0.000000 -4.403728 -1.371370
2952 -797028.914580 0.000000 -4.441539 -1.409181
2922 -797028.876877 0.000000 -4.403835 -1.371478
14987 -797028.915493 0.000000 -4.442452 -1.410094
14904 -797028.914567 0.000000 -4.441525 -1.409168
14477 -797028.917780 0.000000 -4.444738 -1.412381
14395 -797028.914544 0.000000 -4.441502 -1.409145
14551 -797028.876769 0.000000 -4.403728 -1.371370
14082 -797028.914580 0.000000 -4.441539 -1.409181
14149 -797028.876877 0.000000 -4.403835 -1.371478
25984 -797028.915493 0.000000 -4.442451 -1.410093
26111 -797028.914569 0.000000 -4.441528 -1.409170
25515 -797028.917768 0.000000 -4.444727 -1.412369
25608 -797028.914566 0.000000 -4.441524 -1.409167
25554 -797028.876878 0.000000 -4.403836 -1.371479
25304 -797028.915493 0.000000 -4.442451 -1.410094
37600 -797028.914567 0.000000 -4.441525 -1.409168
37195 -797028.917780 0.000000 -4.444738 -1.412381
37109 -797028.914544 0.000000 -4.441502 -1.409145
126583 -797028.876769 0.000000 -4.403728 -1.371370
36664 -797028.914580 0.000000 -4.441539 -1.409181
36780 -797028.876877 0.000000 -4.403835 -1.371478
36503 -797028.915493 0.000000 -4.442452 -1.410094
3883 -797028.904563 0.000000 -4.431521 -1.399163
3266 -797028.906845 0.000000 -4.433803 -1.401445
3392 -797028.904564 0.000000 -4.431522 -1.399165
2903 -797028.906864 0.000000 -4.433823 -1.401465
2955 -797028.904616 0.000000 -4.431575 -1.399217
2921 -797028.745364 0.000000 -4.272322 -1.239965
14989 -797028.906473 0.000000 -4.433431 -1.401074
14903 -797028.904563 0.000000 -4.431521 -1.399163
14480 -797028.906845 0.000000 -4.433803 -1.401445
14394 -797028.904564 0.000000 -4.431522 -1.399165
103981 -797028.745136 0.000000 -4.272095 -1.239737
14081 -797028.904616 0.000000 -4.431575 -1.399217
14152 -797028.745364 0.000000 -4.272322 -1.239965
25983 -797028.906472 0.000000 -4.433430 -1.401073
26114 -797028.904568 0.000000 -4.431526 -1.399168
25514 -797028.906829 0.000000 -4.433787 -1.401430
25611 -797028.904609 0.000000 -4.431567 -1.399210
25553 -797028.745365 0.000000 -4.272323 -1.239966
25307 -797028.906473 0.000000 -4.433431 -1.401074
37599 -797028.904562 0.000000 -4.431521 -1.399163
37198 -797028.906845 0.000000 -4.433803 -1.401446
37108 -797028.904564 0.000000 -4.431522 -1.399165
36730 -797028.906864 0.000000 -4.433823 -1.401465
36663 -797028.904616 0.000000 -4.431575 -1.399217
36782 -797028.745364 0.000000 -4.272322 -1.239964
36502 -797028.906473 0.000000 -4.433431 -1.401074
3735 -797028.891935 0.000000 -4.418894 -1.386536
3847 -797028.892004 0.000000 -4.418962 -1.386605
3223 -797028.892189 0.000000 -4.419147 -1.386790
3347 -797028.892019 0.000000 -4.418978 -1.386620
2880 -797028.892203 0.000000 -4.419162 -1.386804
2932 -797028.892103 0.000000 -4.419061 -1.386704
2915 -797028.848127 0.000000 -4.375085 -1.342727
14946 -797028.891935 0.000000 -4.418894 -1.386536
14860 -797028.892004 0.000000 -4.418962 -1.386605
14433 -797028.892189 0.000000 -4.419147 -1.386790
14362 -797028.892019 0.000000 -4.418978 -1.386620
14099 -797028.892203 0.000000 -4.419162 -1.386804
14070 -797028.892103 0.000000 -4.419061 -1.386704
26507 -797028.848127 0.000000 -4.375085 -1.342728
25940 -797028.891935 0.000000 -4.418893 -1.386536
26067 -797028.892012 0.000000 -4.418970 -1.386613
25477 -797028.892181 0.000000 -4.419139 -1.386782
25576 -797028.892099 0.000000 -4.419057 -1.386700
25282 -797028.891993 0.000000 -4.418951 -1.386594
25296 -797028.891935 0.000000 -4.418894 -1.386536
37558 -797028.892004 0.000000 -4.418962 -1.386605
37151 -797028.892189 0.000000 -4.419147 -1.386790
37066 -797028.892019 0.000000 -4.418978 -1.386620
36691 -797028.892203 0.000000 -4.419162 -1.386804
36641 -797028.892103 0.000000 -4.419061 -1.386704
126365 -797028.848126 0.000000 -4.375085 -1.342727
3734 -797028.710721 0.000000 -4.237680 -1.205322
3849 -797028.714556 0.000000 -4.241514 -1.209157
3222 -797028.711128 0.000000 -4.238087 -1.205729
3350 -797028.714613 0.000000 -4.241571 -1.209213
2879 -797028.711131 0.000000 -4.238089 -1.205732
2935 -797028.714817 0.000000 -4.241775 -1.209418
14811 -797029.900719 0.000000 -5.427678 -2.395320
14949 -797028.710722 0.000000 -4.237680 -1.205323
14859 -797028.714556 0.000000 -4.241514 -1.209156
14436 -797028.711128 0.000000 -4.238087 -1.205729
14361 -797028.714612 0.000000 -4.241571 -1.209213
14102 -797028.711130 0.000000 -4.238089 -1.205731
14069 -797028.714817 0.000000 -4.241775 -1.209418
115880 -797028.710213 0.000000 -4.237171 -1.204814
25939 -797028.710723 0.000000 -4.237682 -1.205324
26070 -797028.714566 0.000000 -4.241525 -1.209167
25476 -797028.711117 0.000000 -4.238076 -1.205718
25579 -797028.714812 0.000000 -4.241771 -1.209413
25281 -797029.900719 0.000000 -5.427678 -2.395320
37638 -797028.710722 0.000000 -4.237680 -1.205323
37557 -797028.714556 0.000000 -4.241514 -1.209157
37154 -797028.711128 0.000000 -4.238087 -1.205729
37065 -797028.714613 0.000000 -4.241571 -1.209214
36694 -797028.711131 0.000000 -4.238089 -1.205731
36640 -797028.714817 0.000000 -4.241775 -1.209418
36512 -797029.900719 0.000000 -5.427678 -2.395320
3692 -797028.794223 0.000000 -4.321182 -1.288824
93121 -797028.765381 0.000000 -4.292340 -1.259982
3180 -797028.794080 0.000000 -4.321038 -1.288681
3319 -797028.765345 0.000000 -4.292303 -1.259946
2860 -797028.794038 0.000000 -4.320997 -1.288639
2920 -797028.765291 0.000000 -4.292249 -1.259892
14773 -797028.789803 0.000000 -4.316761 -1.284404
14902 -797028.794223 0.000000 -4.321182 -1.288824
14825 -797028.765382 0.000000 -4.292340 -1.259982
14393 -797028.794080 0.000000 -4.321038 -1.288681
14335 -797028.765345 0.000000 -4.292303 -1.259946
14080 -797028.794039 0.000000 -4.320997 -1.288639
14063 -797028.765291 0.000000 -4.292249 -1.259892
25982 -797028.789805 0.000000 -4.316763 -1.284406
25896 -797028.794220 0.000000 -4.321178 -1.288821
26053 -797028.765360 0.000000 -4.292319 -1.259961
25445 -797028.794050 0.000000 -4.321008 -1.288651
25552 -797028.765293 0.000000 -4.292251 -1.259894
25274 -797028.789803 0.000000 -4.316761 -1.284403
37598 -797028.794223 0.000000 -4.321182 -1.288824
36986 -797028.790216 0.000000 -4.317174 -1.284817
37107 -797028.794080 0.000000 -4.321038 -1.288681
37029 -797028.765345 0.000000 -4.292303 -1.259946
36662 -797028.794038 0.000000 -4.320997 -1.288639
36625 -797028.765291 0.000000 -4.292249 -1.259892
36501 -797028.789803 0.000000 -4.316761 -1.284404
3773 -797028.751525 0.000000 -4.278484 -1.246126
3691 -797028.747775 0.000000 -4.274734 -1.242376
3268 -797028.751698 0.000000 -4.278657 -1.246299
3179 -797028.747694 0.000000 -4.274653 -1.242295
3321 -797028.721504 0.000000 -4.248462 -1.216105
2859 -797028.747614 0.000000 -4.274572 -1.242215
2923 -797028.721551 0.000000 -4.248510 -1.216152
14772 -797028.751525 0.000000 -4.278484 -1.246126
14905 -797028.747775 0.000000 -4.274733 -1.242376
14304 -797028.751699 0.000000 -4.278657 -1.246299
14396 -797028.747694 0.000000 -4.274653 -1.242295
14334 -797028.721504 0.000000 -4.248462 -1.216105
14083 -797028.747614 0.000000 -4.274573 -1.242215
26384 -797028.721551 0.000000 -4.248509 -1.216152
25985 -797028.751527 0.000000 -4.278486 -1.246128
25895 -797028.747768 0.000000 -4.274726 -1.242369
115372 -797028.721502 0.000000 -4.248461 -1.216103
25444 -797028.747620 0.000000 -4.274578 -1.242221
25555 -797028.721552 0.000000 -4.248510 -1.216153
25273 -797028.751525 0.000000 -4.278483 -1.246126
37601 -797028.747775 0.000000 -4.274734 -1.242376
36985 -797028.751699 0.000000 -4.278657 -1.246299
37110 -797028.747694 0.000000 -4.274653 -1.242295
37028 -797028.721504 0.000000 -4.248462 -1.216105
36665 -797028.747614 0.000000 -4.274572 -1.242215
36624 -797028.721551 0.000000 -4.248510 -1.216152
3733 -797028.807921 0.000000 -4.334880 -1.302522
3650 -797028.809411 0.000000 -4.336369 -1.304012
3221 -797028.808113 0.000000 -4.335071 -1.302714
3144 -797028.809355 0.000000 -4.336314 -1.303956
92734 -797028.812206 0.000000 -4.339164 -1.306807
2846 -797028.809327 0.000000 -4.336285 -1.303928
2914 -797028.812493 0.000000 -4.339452 -1.307094
14732 -797028.807922 0.000000 -4.334880 -1.302523
14858 -797028.809411 0.000000 -4.336369 -1.304012
14268 -797028.808113 0.000000 -4.335071 -1.302713
14360 -797028.809355 0.000000 -4.336313 -1.303956
14318 -797028.812206 0.000000 -4.339164 -1.306807
14068 -797028.809327 0.000000 -4.336285 -1.303928
26346 -797028.812493 0.000000 -4.339451 -1.307093
25938 -797028.807923 0.000000 -4.334881 -1.302524
25854 -797028.809407 0.000000 -4.336365 -1.304008
25475 -797028.808116 0.000000 -4.335074 -1.302717
25421 -797028.809330 0.000000 -4.336289 -1.303931
25545 -797028.812494 0.000000 -4.339452 -1.307094
25267 -797028.807921 0.000000 -4.334880 -1.302522
37556 -797028.809411 0.000000 -4.336369 -1.304012
36946 -797028.808113 0.000000 -4.335071 -1.302714
37064 -797028.809355 0.000000 -4.336313 -1.303956
36592 -797028.808117 0.000000 -4.335075 -1.302718
36639 -797028.809327 0.000000 -4.336285 -1.303928
36617 -797028.812493 0.000000 -4.339451 -1.307094
3516 -797029.021009 0.000000 -4.547968 -1.515610
3431 -797029.009841 0.000000 -4.536800 -1.504442
3590 -797029.009530 0.000000 -4.536488 -1.504131
2978 -797029.009935 0.000000 -4.536893 -1.504536
3085 -797029.009529 0.000000 -4.536487 -1.504130
2805 -797029.009968 0.000000 -4.536926 -1.504569
2829 -797029.009684 0.000000 -4.536642 -1.504285
14518 -797029.021009 0.000000 -4.547968 -1.515610
14641 -797029.009841 0.000000 -4.536800 -1.504442
14560 -797029.009529 0.000000 -4.536488 -1.504130
14196 -797029.009935 0.000000 -4.536893 -1.504536
14158 -797029.009529 0.000000 -4.536487 -1.504130
14035 -797029.009968 0.000000 -4.536926 -1.504569
26153 -797029.009684 0.000000 -4.536642 -1.504285
25728 -797029.021009 0.000000 -4.547968 -1.515610
25644 -797029.009843 0.000000 -4.536802 -1.504444
25781 -797029.009535 0.000000 -4.536493 -1.504136
25318 -797029.009960 0.000000 -4.536919 -1.504561
25382 -797029.009684 0.000000 -4.536643 -1.504285
25261 -797029.021009 0.000000 -4.547967 -1.515610
37363 -797029.009842 0.000000 -4.536800 -1.504442
37288 -797029.009530 0.000000 -4.536488 -1.504130
36856 -797029.009935 0.000000 -4.536893 -1.504536
36795 -797029.009529 0.000000 -4.536487 -1.504130
36545 -797029.009968 0.000000 -4.536926 -1.504569
36528 -797029.009684 0.000000 -4.536642 -1.504284
3474 -797029.020014 0.000000 -4.546972 -1.514615
3601 -797029.018697 0.000000 -4.545655 -1.513298
3011 -797029.020171 0.000000 -4.547129 -1.514772
3109 -797029.018700 0.000000 -4.545659 -1.513301
2815 -797029.020186 0.000000 -4.547144 -1.514787
2831 -797029.018823 0.000000 -4.545781 -1.513423
15088 -797029.018722 0.000000 -4.545681 -1.513323
14683 -797029.020014 0.000000 -4.546972 -1.514614
14599 -797029.018697 0.000000 -4.545656 -1.513298
14226 -797029.020171 0.000000 -4.547129 -1.514772
14174 -797029.018701 0.000000 -4.545659 -1.513301
14042 -797029.020186 0.000000 -4.547144 -1.514787
26195 -797029.018823 0.000000 -4.545781 -1.513424
26308 -797029.018723 0.000000 -4.545681 -1.513323
25686 -797029.020014 0.000000 -4.546973 -1.514615
25807 -797029.018702 0.000000 -4.545661 -1.513303
25341 -797029.020174 0.000000 -4.547133 -1.514775
25396 -797029.018823 0.000000 -4.545782 -1.513424
25262 -797029.018321 0.000000 -4.545279 -1.512922
37405 -797029.020014 0.000000 -4.546972 -1.514615
37321 -797029.018697 0.000000 -4.545655 -1.513298
36897 -797029.020171 0.000000 -4.547129 -1.514772
36822 -797029.018700 0.000000 -4.545659 -1.513301
36563 -797029.020186 0.000000 -4.547144 -1.514787
36534 -797029.018823 0.000000 -4.545781 -1.513424
48486 -797029.018322 0.000000 -4.545280 -1.512923
3848 -797029.021048 0.000000 -4.548006 -1.515649
3433 -797029.020047 0.000000 -4.547005 -1.514648
3349 -797029.020971 0.000000 -4.547929 -1.515572
2980 -797029.020079 0.000000 -4.547038 -1.514680
2934 -797029.021008 0.000000 -4.547966 -1.515609
2807 -797029.019933 0.000000 -4.546892 -1.514534
14948 -797029.020538 0.000000 -4.547497 -1.515139
15077 -797029.021048 0.000000 -4.548006 -1.515649
14435 -797029.020047 0.000000 -4.547005 -1.514648
14562 -797029.020971 0.000000 -4.547929 -1.515572
14101 -797029.020079 0.000000 -4.547038 -1.514680
14160 -797029.021008 0.000000 -4.547966 -1.515609
14033 -797029.019933 0.000000 -4.546892 -1.514534
26155 -797029.020538 0.000000 -4.547497 -1.515139
26069 -797029.021050 0.000000 -4.548009 -1.515651
25646 -797029.020046 0.000000 -4.547005 -1.514647
25578 -797029.021009 0.000000 -4.547967 -1.515610
25320 -797029.019932 0.000000 -4.546890 -1.514533
25298 -797029.020538 0.000000 -4.547496 -1.515139
127094 -797029.021048 0.000000 -4.548006 -1.515649
37153 -797029.020047 0.000000 -4.547005 -1.514648
37290 -797029.020971 0.000000 -4.547929 -1.515572
36693 -797029.020079 0.000000 -4.547038 -1.514680
36797 -797029.021008 0.000000 -4.547966 -1.515609
36511 -797029.019933 0.000000 -4.546892 -1.514534
36530 -797029.020538 0.000000 -4.547497 -1.515139
3920 -797029.009902 0.000000 -4.536860 -1.504503
3306 -797028.984152 0.000000 -4.511110 -1.478753
3436 -797029.009746 0.000000 -4.536704 -1.504347
3348 -797029.011013 0.000000 -4.537971 -1.505614
2983 -797029.009772 0.000000 -4.536730 -1.504373
2933 -797029.011068 0.000000 -4.538026 -1.505669
2810 -797029.009786 0.000000 -4.536744 -1.504387
14947 -797029.009902 0.000000 -4.536860 -1.504503
104378 -797029.011068 0.000000 -4.538026 -1.505669
14434 -797029.009746 0.000000 -4.536704 -1.504347
14565 -797029.011013 0.000000 -4.537971 -1.505614
14100 -797029.009772 0.000000 -4.536730 -1.504373
14163 -797029.011068 0.000000 -4.538026 -1.505669
26023 -797029.009786 0.000000 -4.536744 -1.504387
26158 -797029.009902 0.000000 -4.536861 -1.504503
26068 -797029.011071 0.000000 -4.538029 -1.505672
25649 -797029.009752 0.000000 -4.536711 -1.504353
25577 -797029.011069 0.000000 -4.538028 -1.505670
25323 -797029.009785 0.000000 -4.536744 -1.504386
25297 -797029.009902 0.000000 -4.536860 -1.504503
37241 -797028.984152 0.000000 -4.511110 -1.478753
37152 -797029.009746 0.000000 -4.536704 -1.504347
37292 -797029.011013 0.000000 -4.537971 -1.505614
36692 -797029.009772 0.000000 -4.536730 -1.504373
36800 -797029.011068 0.000000 -4.538026 -1.505669
36510 -797029.009786 0.000000 -4.536744 -1.504387
