#ID      EIGB 	      EIPGB 	   GBbin        GBseg
1859 -798258.831370 0.000000 -3.441142 -0.407786
2277 -798258.831370 0.000000 -3.441142 -0.407786
2366 -798258.831370 0.000000 -3.441142 -0.407786
2687 -798258.831370 0.000000 -3.441142 -0.407786
2737 -798258.831370 0.000000 -3.441142 -0.407786
2632 -798258.831370 0.000000 -3.441142 -0.407786
13234 -798258.831370 0.000000 -3.441142 -0.407786
13112 -798258.831370 0.000000 -3.441142 -0.407786
13730 -798258.831370 0.000000 -3.441142 -0.407786
13617 -798258.831370 0.000000 -3.441142 -0.407786
14007 -798258.831370 0.000000 -3.441142 -0.407786
13976 -798258.831370 0.000000 -3.441142 -0.407786
13994 -798258.831370 0.000000 -3.441142 -0.407786
24482 -798258.831370 0.000000 -3.441142 -0.407786
24572 -798258.831370 0.000000 -3.441142 -0.407786
24978 -798258.831370 0.000000 -3.441142 -0.407786
25051 -798258.831370 0.000000 -3.441142 -0.407786
24892 -798258.831370 0.000000 -3.441142 -0.407786
24936 -798258.831370 0.000000 -3.441142 -0.407786
35359 -798258.831370 0.000000 -3.441142 -0.407786
35956 -798258.831370 0.000000 -3.441142 -0.407786
35825 -798258.831370 0.000000 -3.441142 -0.407786
36371 -798258.831370 0.000000 -3.441142 -0.407786
36295 -798258.831370 0.000000 -3.441142 -0.407786
36331 -798258.831370 0.000000 -3.441142 -0.407786
36231 -798258.831370 0.000000 -3.441142 -0.407786
1813 -798258.966149 0.000000 -3.575921 -0.542565
2234 -798258.966149 0.000000 -3.575921 -0.542565
2320 -798258.966149 0.000000 -3.575921 -0.542565
2170 -798258.966149 0.000000 -3.575921 -0.542565
2714 -798258.966149 0.000000 -3.575921 -0.542565
2627 -798258.966149 0.000000 -3.575921 -0.542565
2107 -798258.966149 0.000000 -3.575921 -0.542565
13069 -798258.966149 0.000000 -3.575921 -0.542565
13685 -798258.966149 0.000000 -3.575921 -0.542565
13578 -798258.966149 0.000000 -3.575921 -0.542565
13648 -798258.966149 0.000000 -3.575921 -0.542565
13959 -798258.966149 0.000000 -3.575921 -0.542565
13987 -798258.966149 0.000000 -3.575921 -0.542565
24440 -798258.966149 0.000000 -3.575921 -0.542565
24525 -798258.966149 0.000000 -3.575921 -0.542565
24935 -798258.966149 0.000000 -3.575921 -0.542565
25016 -798258.966149 0.000000 -3.575921 -0.542565
24885 -798258.966149 0.000000 -3.575921 -0.542565
25260 -798258.966149 0.000000 -3.575921 -0.542565
25219 -798258.966149 0.000000 -3.575921 -0.542565
35910 -798258.966149 0.000000 -3.575921 -0.542565
35782 -798258.966149 0.000000 -3.575921 -0.542565
36344 -798258.966149 0.000000 -3.575921 -0.542565
36268 -798258.966149 0.000000 -3.575921 -0.542565
36316 -798258.966149 0.000000 -3.575921 -0.542565
36453 -798258.966149 0.000000 -3.575921 -0.542565
2233 -798258.986450 0.000000 -3.596222 -0.562866
2323 -798258.986450 0.000000 -3.596222 -0.562866
2169 -798258.986450 0.000000 -3.596222 -0.562866
2717 -798258.986450 0.000000 -3.596222 -0.562866
2626 -798258.986450 0.000000 -3.596222 -0.562866
1674 -798258.986450 0.000000 -3.596222 -0.562866
13068 -798258.986450 0.000000 -3.596222 -0.562866
13686 -798258.986450 0.000000 -3.596222 -0.562866
13577 -798258.986450 0.000000 -3.596222 -0.562866
13651 -798258.986449 0.000000 -3.596222 -0.562866
13958 -798258.986450 0.000000 -3.596222 -0.562866
13990 -798258.986449 0.000000 -3.596222 -0.562866
13067 -798258.986450 0.000000 -3.596222 -0.562866
24528 -798258.986450 0.000000 -3.596222 -0.562866
24367 -798258.986450 0.000000 -3.596222 -0.562866
25019 -798258.986450 0.000000 -3.596222 -0.562866
24884 -798258.986449 0.000000 -3.596222 -0.562866
25221 -798258.986450 0.000000 -3.596222 -0.562866
25218 -798258.986450 0.000000 -3.596222 -0.562866
35912 -798258.986450 0.000000 -3.596222 -0.562866
35781 -798258.986450 0.000000 -3.596222 -0.562866
35859 -798258.986450 0.000000 -3.596222 -0.562866
36267 -798258.986450 0.000000 -3.596222 -0.562866
36319 -798258.986450 0.000000 -3.596222 -0.562866
36454 -798258.986450 0.000000 -3.596222 -0.562866
36190 -798258.986450 0.000000 -3.596222 -0.562866
1675 -798259.111168 0.000000 -3.720941 -0.687585
2276 -798259.111168 0.000000 -3.720941 -0.687585
2150 -798259.111168 0.000000 -3.720941 -0.687585
2686 -798259.111168 0.000000 -3.720941 -0.687585
2608 -798259.111168 0.000000 -3.720941 -0.687585
2149 -798259.111168 0.000000 -3.720941 -0.687585
13026 -798259.111168 0.000000 -3.720941 -0.687585
13111 -798259.111168 0.000000 -3.720941 -0.687585
13535 -798259.111168 0.000000 -3.720941 -0.687585
13616 -798259.111168 0.000000 -3.720941 -0.687585
13936 -798259.111168 0.000000 -3.720941 -0.687585
13975 -798259.111168 0.000000 -3.720941 -0.687585
13114 -798259.111168 0.000000 -3.720941 -0.687585
24481 -798259.111168 0.000000 -3.720941 -0.687585
24356 -798259.111168 0.000000 -3.720941 -0.687585
24977 -798259.111168 0.000000 -3.720941 -0.687585
24863 -798259.111168 0.000000 -3.720941 -0.687585
25245 -798259.111168 0.000000 -3.720941 -0.687585
25212 -798259.111168 0.000000 -3.720941 -0.687585
35879 -798259.111168 0.000000 -3.720941 -0.687585
35739 -798259.111168 0.000000 -3.720941 -0.687585
35824 -798259.111168 0.000000 -3.720941 -0.687585
36233 -798259.111168 0.000000 -3.720941 -0.687585
36294 -798259.111168 0.000000 -3.720941 -0.687585
36486 -798259.111168 0.000000 -3.720941 -0.687585
36232 -798259.111168 0.000000 -3.720941 -0.687585
3878 -798258.894548 0.000000 -3.504321 -0.470965
3475 -798258.894549 0.000000 -3.504321 -0.470965
3386 -798258.894549 0.000000 -3.504321 -0.470965
3012 -798258.894548 0.000000 -3.504321 -0.470965
2949 -798258.894548 0.000000 -3.504321 -0.470965
2816 -798258.894548 0.000000 -3.504321 -0.470965
2800 -798258.894549 0.000000 -3.504321 -0.470965
15089 -798258.894549 0.000000 -3.504321 -0.470965
14474 -798258.894548 0.000000 -3.504321 -0.470965
14600 -798258.894548 0.000000 -3.504321 -0.470965
14120 -798258.894548 0.000000 -3.504321 -0.470965
14175 -798258.894549 0.000000 -3.504321 -0.470965
14146 -798258.894548 0.000000 -3.504321 -0.470965
26196 -798258.894549 0.000000 -3.504321 -0.470965
26108 -798258.894549 0.000000 -3.504321 -0.470965
25687 -798258.894549 0.000000 -3.504321 -0.470965
25605 -798258.894549 0.000000 -3.504321 -0.470965
25342 -798258.894548 0.000000 -3.504321 -0.470965
25301 -798258.894548 0.000000 -3.504321 -0.470965
25378 -798258.894548 0.000000 -3.504321 -0.470965
37192 -798258.894549 0.000000 -3.504321 -0.470965
37322 -798258.894548 0.000000 -3.504321 -0.470965
36724 -798258.894549 0.000000 -3.504321 -0.470965
36823 -798258.894549 0.000000 -3.504321 -0.470965
36520 -798258.894548 0.000000 -3.504321 -0.470965
36535 -798258.894549 0.000000 -3.504321 -0.470965
3473 -798258.735748 0.000000 -3.345521 -0.312165
3387 -798258.735748 0.000000 -3.345521 -0.312165
3010 -798258.735748 0.000000 -3.345521 -0.312165
2950 -798258.735748 0.000000 -3.345521 -0.312165
3080 -798258.735748 0.000000 -3.345521 -0.312165
2801 -798258.735748 0.000000 -3.345521 -0.312165
15087 -798258.735748 0.000000 -3.345521 -0.312165
14475 -798258.735748 0.000000 -3.345521 -0.312165
14598 -798258.735748 0.000000 -3.345521 -0.312165
14121 -798258.735748 0.000000 -3.345521 -0.312165
14173 -798258.735748 0.000000 -3.345521 -0.312165
14147 -798258.735748 0.000000 -3.345521 -0.312165
14034 -798258.735748 0.000000 -3.345521 -0.312165
26109 -798258.735748 0.000000 -3.345521 -0.312165
25685 -798258.735748 0.000000 -3.345521 -0.312165
25606 -798258.735748 0.000000 -3.345521 -0.312165
25340 -798258.735748 0.000000 -3.345521 -0.312165
25302 -798258.735748 0.000000 -3.345521 -0.312165
25377 -798258.735748 0.000000 -3.345521 -0.312165
37193 -798258.735748 0.000000 -3.345521 -0.312165
37320 -798258.735748 0.000000 -3.345521 -0.312165
36725 -798258.735748 0.000000 -3.345521 -0.312165
36821 -798258.735748 0.000000 -3.345521 -0.312165
36778 -798258.735748 0.000000 -3.345521 -0.312165
36533 -798258.735748 0.000000 -3.345520 -0.312164
36525 -798258.735748 0.000000 -3.345521 -0.312165
3517 -798258.718772 0.000000 -3.328545 -0.295189
3430 -798258.718772 0.000000 -3.328545 -0.295189
3049 -798258.718772 0.000000 -3.328545 -0.295189
2977 -798258.718772 0.000000 -3.328545 -0.295189
3086 -798258.718772 0.000000 -3.328545 -0.295189
2804 -798258.718772 0.000000 -3.328545 -0.295189
15130 -798258.718772 0.000000 -3.328545 -0.295189
14517 -798258.718772 0.000000 -3.328545 -0.295189
14642 -798258.718772 0.000000 -3.328545 -0.295189
14559 -798258.718772 0.000000 -3.328545 -0.295189
14197 -798258.718772 0.000000 -3.328545 -0.295189
14157 -798258.718772 0.000000 -3.328545 -0.295189
14036 -798258.718772 0.000000 -3.328545 -0.295189
26152 -798258.718772 0.000000 -3.328545 -0.295189
25729 -798258.718772 0.000000 -3.328545 -0.295189
25643 -798258.718772 0.000000 -3.328545 -0.295189
25782 -798258.718772 0.000000 -3.328545 -0.295189
25317 -798258.718772 0.000000 -3.328545 -0.295189
25383 -798258.718772 0.000000 -3.328545 -0.295189
37236 -798258.718772 0.000000 -3.328545 -0.295189
37364 -798258.718772 0.000000 -3.328545 -0.295189
36766 -798258.718772 0.000000 -3.328545 -0.295189
36857 -798258.718772 0.000000 -3.328545 -0.295189
36794 -798258.718772 0.000000 -3.328545 -0.295189
36546 -798258.718772 0.000000 -3.328545 -0.295189
36527 -798258.718772 0.000000 -3.328545 -0.295189
3732 -798259.069484 0.000000 -3.679257 -0.645901
3645 -798259.069484 0.000000 -3.679257 -0.645901
3220 -798259.069485 0.000000 -3.679257 -0.645901
3139 -798259.069484 0.000000 -3.679257 -0.645901
2877 -798259.069485 0.000000 -3.679257 -0.645901
2841 -798259.069485 0.000000 -3.679257 -0.645901
2913 -798259.069484 0.000000 -3.679257 -0.645901
14727 -798259.069484 0.000000 -3.679257 -0.645901
14857 -798259.069484 0.000000 -3.679257 -0.645901
14263 -798259.069484 0.000000 -3.679257 -0.645901
14359 -798259.069485 0.000000 -3.679257 -0.645901
14055 -798259.069485 0.000000 -3.679257 -0.645901
14067 -798259.069485 0.000000 -3.679257 -0.645901
26341 -798259.069485 0.000000 -3.679257 -0.645901
25937 -798259.069484 0.000000 -3.679257 -0.645901
25849 -798259.069484 0.000000 -3.679257 -0.645901
25474 -798259.069485 0.000000 -3.679257 -0.645901
25416 -798259.069484 0.000000 -3.679257 -0.645901
115136 -798259.069485 0.000000 -3.679257 -0.645901
25265 -798259.069484 0.000000 -3.679257 -0.645901
37555 -798259.069484 0.000000 -3.679257 -0.645901
36941 -798259.069484 0.000000 -3.679257 -0.645901
37063 -798259.069484 0.000000 -3.679257 -0.645901
36588 -798259.069485 0.000000 -3.679257 -0.645901
36638 -798259.069485 0.000000 -3.679257 -0.645901
36612 -798259.069484 0.000000 -3.679257 -0.645901
3730 -798259.193038 0.000000 -3.802811 -0.769455
3646 -798259.193038 0.000000 -3.802811 -0.769455
3217 -798259.193038 0.000000 -3.802811 -0.769455
3140 -798259.193038 0.000000 -3.802811 -0.769455
92730 -798259.193038 0.000000 -3.802811 -0.769455
2842 -798259.193038 0.000000 -3.802811 -0.769455
2911 -798259.193038 0.000000 -3.802811 -0.769455
14728 -798259.193038 0.000000 -3.802811 -0.769455
14854 -798259.193038 0.000000 -3.802811 -0.769455
14264 -798259.193038 0.000000 -3.802811 -0.769455
14356 -798259.193038 0.000000 -3.802811 -0.769455
14315 -798259.193038 0.000000 -3.802811 -0.769455
14064 -798259.193038 0.000000 -3.802811 -0.769455
26342 -798259.193038 0.000000 -3.802811 -0.769455
25934 -798259.193038 0.000000 -3.802811 -0.769455
25850 -798259.193038 0.000000 -3.802811 -0.769454
25471 -798259.193038 0.000000 -3.802811 -0.769455
25417 -798259.193038 0.000000 -3.802811 -0.769455
25544 -798259.193038 0.000000 -3.802811 -0.769455
25266 -798259.193038 0.000000 -3.802811 -0.769455
37552 -798259.193038 0.000000 -3.802811 -0.769455
36942 -798259.193038 0.000000 -3.802811 -0.769455
37060 -798259.193038 0.000000 -3.802811 -0.769455
36589 -798259.193038 0.000000 -3.802811 -0.769455
36635 -798259.193038 0.000000 -3.802811 -0.769455
36613 -798259.193038 0.000000 -3.802811 -0.769455
81428 -798259.101519 0.000000 -3.711292 -0.677936
3687 -798259.101519 0.000000 -3.711292 -0.677936
3264 -798259.101519 0.000000 -3.711292 -0.677936
3175 -798259.101519 0.000000 -3.711292 -0.677936
3318 -798259.101519 0.000000 -3.711292 -0.677936
2855 -798259.101520 0.000000 -3.711292 -0.677936
2919 -798259.101520 0.000000 -3.711292 -0.677936
14769 -798259.101519 0.000000 -3.711292 -0.677936
14901 -798259.101519 0.000000 -3.711292 -0.677936
14303 -798259.101519 0.000000 -3.711292 -0.677936
14392 -798259.101519 0.000000 -3.711292 -0.677936
14330 -798259.101520 0.000000 -3.711292 -0.677936
14079 -798259.101519 0.000000 -3.711292 -0.677936
14061 -798259.101519 0.000000 -3.711292 -0.677936
25981 -798259.101519 0.000000 -3.711292 -0.677936
25891 -798259.101519 0.000000 -3.711292 -0.677936
115369 -798259.101519 0.000000 -3.711292 -0.677936
25440 -798259.101520 0.000000 -3.711292 -0.677936
25551 -798259.101519 0.000000 -3.711292 -0.677936
25269 -798259.101519 0.000000 -3.711292 -0.677936
37597 -798259.101520 0.000000 -3.711292 -0.677936
36982 -798259.101519 0.000000 -3.711292 -0.677936
37106 -798259.101519 0.000000 -3.711292 -0.677936
37024 -798259.101519 0.000000 -3.711292 -0.677936
36661 -798259.101519 0.000000 -3.711292 -0.677936
36620 -798259.101519 0.000000 -3.711292 -0.677936
3688 -798259.234726 0.000000 -3.844499 -0.811143
93117 -798259.234726 0.000000 -3.844499 -0.811143
3176 -798259.234726 0.000000 -3.844499 -0.811143
3316 -798259.234726 0.000000 -3.844499 -0.811143
2856 -798259.234726 0.000000 -3.844499 -0.811143
2916 -798259.234726 0.000000 -3.844499 -0.811143
2797 -798259.234726 0.000000 -3.844499 -0.811143
14898 -798259.234726 0.000000 -3.844499 -0.811143
14822 -798259.234726 0.000000 -3.844499 -0.811143
14389 -798259.234726 0.000000 -3.844499 -0.811143
14331 -798259.234726 0.000000 -3.844499 -0.811143
14076 -798259.234726 0.000000 -3.844499 -0.811143
14062 -798259.234726 0.000000 -3.844499 -0.811143
25978 -798259.234726 0.000000 -3.844499 -0.811143
25892 -798259.234726 0.000000 -3.844499 -0.811143
26052 -798259.234726 0.000000 -3.844499 -0.811143
25441 -798259.234726 0.000000 -3.844499 -0.811143
25548 -798259.234726 0.000000 -3.844499 -0.811143
25270 -798259.234726 0.000000 -3.844499 -0.811143
25290 -798259.234726 0.000000 -3.844499 -0.811143
36983 -798259.234726 0.000000 -3.844499 -0.811143
37103 -798259.234726 0.000000 -3.844499 -0.811143
37025 -798259.234726 0.000000 -3.844499 -0.811143
36658 -798259.234726 0.000000 -3.844499 -0.811143
36621 -798259.234726 0.000000 -3.844499 -0.811143
36497 -798259.234726 0.000000 -3.844499 -0.811143
81424 -798258.836901 0.000000 -3.446674 -0.413317
3844 -798258.836901 0.000000 -3.446674 -0.413317
3219 -798258.836901 0.000000 -3.446674 -0.413317
3343 -798258.836901 0.000000 -3.446674 -0.413317
2876 -798258.836901 0.000000 -3.446674 -0.413317
2928 -798258.836901 0.000000 -3.446673 -0.413317
2912 -798258.836901 0.000000 -3.446674 -0.413317
14942 -798258.836901 0.000000 -3.446674 -0.413317
14856 -798258.836901 0.000000 -3.446674 -0.413317
14429 -798258.836901 0.000000 -3.446674 -0.413317
14358 -798258.836901 0.000000 -3.446673 -0.413317
14095 -798258.836901 0.000000 -3.446674 -0.413317
14066 -798258.836901 0.000000 -3.446674 -0.413317
14144 -798258.836901 0.000000 -3.446674 -0.413317
25936 -798258.836901 0.000000 -3.446674 -0.413317
26063 -798258.836901 0.000000 -3.446674 -0.413317
25473 -798258.836901 0.000000 -3.446674 -0.413317
25572 -798258.836901 0.000000 -3.446674 -0.413317
25279 -798258.836901 0.000000 -3.446673 -0.413317
25292 -798258.836901 0.000000 -3.446674 -0.413317
37554 -798258.836901 0.000000 -3.446673 -0.413317
37147 -798258.836901 0.000000 -3.446674 -0.413317
37062 -798258.836901 0.000000 -3.446674 -0.413317
36687 -798258.836901 0.000000 -3.446674 -0.413317
36637 -798258.836901 0.000000 -3.446673 -0.413317
126361 -798258.836901 0.000000 -3.446674 -0.413317
3879 -798258.994358 0.000000 -3.604130 -0.570774
3262 -798258.994358 0.000000 -3.604131 -0.570775
3388 -798258.994358 0.000000 -3.604131 -0.570775
2902 -798258.994358 0.000000 -3.604131 -0.570775
2951 -798258.994358 0.000000 -3.604131 -0.570775
2917 -798258.994358 0.000000 -3.604131 -0.570775
14986 -798258.994358 0.000000 -3.604131 -0.570775
14899 -798258.994358 0.000000 -3.604131 -0.570775
14476 -798258.994358 0.000000 -3.604131 -0.570775
14390 -798258.994358 0.000000 -3.604131 -0.570775
103978 -798258.994358 0.000000 -3.604131 -0.570774
14077 -798258.994358 0.000000 -3.604131 -0.570775
14148 -798258.994358 0.000000 -3.604131 -0.570775
25979 -798258.994358 0.000000 -3.604131 -0.570775
26110 -798258.994358 0.000000 -3.604131 -0.570775
25511 -798258.994358 0.000000 -3.604131 -0.570775
25607 -798258.994358 0.000000 -3.604131 -0.570775
25549 -798258.994358 0.000000 -3.604131 -0.570775
25303 -798258.994358 0.000000 -3.604131 -0.570775
37596 -798258.994358 0.000000 -3.604131 -0.570775
37194 -798258.994358 0.000000 -3.604131 -0.570775
37104 -798258.994358 0.000000 -3.604131 -0.570775
36726 -798258.994358 0.000000 -3.604131 -0.570775
36659 -798258.994358 0.000000 -3.604131 -0.570775
36779 -798258.994358 0.000000 -3.604131 -0.570775
36498 -798258.994358 0.000000 -3.604131 -0.570775
3877 -798259.354162 0.000000 -3.963935 -0.930579
3263 -798259.354162 0.000000 -3.963935 -0.930579
3385 -798259.354162 0.000000 -3.963935 -0.930579
3317 -798259.354162 0.000000 -3.963935 -0.930579
2948 -798259.354162 0.000000 -3.963935 -0.930579
2918 -798259.354162 0.000000 -3.963935 -0.930579
2799 -798259.354162 0.000000 -3.963935 -0.930579
14900 -798259.354162 0.000000 -3.963935 -0.930578
14473 -798259.354162 0.000000 -3.963935 -0.930579
14391 -798259.354162 0.000000 -3.963935 -0.930579
14550 -798259.354162 0.000000 -3.963935 -0.930579
14078 -798259.354162 0.000000 -3.963935 -0.930579
14145 -798259.354162 0.000000 -3.963935 -0.930579
25980 -798259.354162 0.000000 -3.963935 -0.930579
26107 -798259.354162 0.000000 -3.963935 -0.930579
25512 -798259.354162 0.000000 -3.963935 -0.930579
25604 -798259.354162 0.000000 -3.963935 -0.930579
25550 -798259.354162 0.000000 -3.963935 -0.930579
25300 -798259.354162 0.000000 -3.963935 -0.930579
25291 -798259.354162 0.000000 -3.963935 -0.930579
37191 -798259.354162 0.000000 -3.963935 -0.930579
37105 -798259.354162 0.000000 -3.963935 -0.930579
126579 -798259.354162 0.000000 -3.963935 -0.930579
36660 -798259.354162 0.000000 -3.963935 -0.930579
36777 -798259.354162 0.000000 -3.963935 -0.930579
36499 -798259.354162 0.000000 -3.963935 -0.930579
81457 -798259.426652 0.000000 -4.036424 -1.003068
3305 -798259.426652 0.000000 -4.036424 -1.003068
3432 -798259.426652 0.000000 -4.036424 -1.003068
3344 -798259.426652 0.000000 -4.036424 -1.003068
2979 -798259.426652 0.000000 -4.036424 -1.003068
2929 -798259.426652 0.000000 -4.036424 -1.003068
2806 -798259.426651 0.000000 -4.036424 -1.003068
14943 -798259.426652 0.000000 -4.036424 -1.003068
104375 -798259.426652 0.000000 -4.036424 -1.003068
14430 -798259.426652 0.000000 -4.036424 -1.003068
14561 -798259.426652 0.000000 -4.036424 -1.003068
14096 -798259.426652 0.000000 -4.036424 -1.003068
14159 -798259.426652 0.000000 -4.036424 -1.003068
14031 -798259.426652 0.000000 -4.036424 -1.003068
26154 -798259.426652 0.000000 -4.036424 -1.003068
26064 -798259.426651 0.000000 -4.036424 -1.003068
25645 -798259.426651 0.000000 -4.036424 -1.003068
25573 -798259.426651 0.000000 -4.036424 -1.003068
25319 -798259.426652 0.000000 -4.036424 -1.003068
25293 -798259.426652 0.000000 -4.036424 -1.003068
37237 -798259.426652 0.000000 -4.036424 -1.003068
37148 -798259.426652 0.000000 -4.036424 -1.003068
37289 -798259.426652 0.000000 -4.036424 -1.003068
36688 -798259.426652 0.000000 -4.036424 -1.003068
36796 -798259.426652 0.000000 -4.036424 -1.003068
36506 -798259.426652 0.000000 -4.036424 -1.003068
3731 -798258.800645 0.000000 -3.410418 -0.377062
3846 -798258.800645 0.000000 -3.410418 -0.377062
3218 -798258.800645 0.000000 -3.410418 -0.377062
3346 -798258.800645 0.000000 -3.410418 -0.377062
2875 -798258.800645 0.000000 -3.410418 -0.377062
2931 -798258.800645 0.000000 -3.410418 -0.377062
2798 -798258.800645 0.000000 -3.410418 -0.377062
14945 -798258.800645 0.000000 -3.410418 -0.377062
14855 -798258.800645 0.000000 -3.410418 -0.377062
14432 -798258.800645 0.000000 -3.410418 -0.377062
14357 -798258.800645 0.000000 -3.410418 -0.377062
14098 -798258.800645 0.000000 -3.410418 -0.377062
14065 -798258.800645 0.000000 -3.410418 -0.377062
115878 -798258.800645 0.000000 -3.410418 -0.377062
25935 -798258.800645 0.000000 -3.410418 -0.377062
26066 -798258.800645 0.000000 -3.410418 -0.377062
25472 -798258.800645 0.000000 -3.410418 -0.377062
25575 -798258.800645 0.000000 -3.410418 -0.377062
25278 -798258.800645 0.000000 -3.410418 -0.377062
25295 -798258.800645 0.000000 -3.410418 -0.377062
37553 -798258.800645 0.000000 -3.410418 -0.377062
37150 -798258.800645 0.000000 -3.410418 -0.377062
37061 -798258.800645 0.000000 -3.410418 -0.377062
36690 -798258.800645 0.000000 -3.410418 -0.377062
36636 -798258.800645 0.000000 -3.410418 -0.377062
36508 -798258.800645 0.000000 -3.410418 -0.377062
3845 -798260.027028 0.000000 -4.636801 -1.603445
3429 -798260.027029 0.000000 -4.636801 -1.603445
3345 -798260.027029 0.000000 -4.636801 -1.603445
2976 -798260.027028 0.000000 -4.636801 -1.603445
2930 -798260.027029 0.000000 -4.636801 -1.603445
2803 -798260.027029 0.000000 -4.636801 -1.603445
14944 -798260.027029 0.000000 -4.636801 -1.603445
15076 -798260.027028 0.000000 -4.636801 -1.603445
14431 -798260.027029 0.000000 -4.636801 -1.603445
14558 -798260.027029 0.000000 -4.636801 -1.603445
14097 -798260.027029 0.000000 -4.636801 -1.603445
14156 -798260.027029 0.000000 -4.636801 -1.603445
14032 -798260.027029 0.000000 -4.636801 -1.603445
26151 -798260.027029 0.000000 -4.636801 -1.603445
26065 -798260.027029 0.000000 -4.636801 -1.603445
25642 -798260.027029 0.000000 -4.636801 -1.603445
25574 -798260.027029 0.000000 -4.636801 -1.603445
25316 -798260.027028 0.000000 -4.636801 -1.603445
25294 -798260.027029 0.000000 -4.636801 -1.603445
127091 -798260.027029 0.000000 -4.636801 -1.603445
37149 -798260.027029 0.000000 -4.636801 -1.603445
37287 -798260.027029 0.000000 -4.636801 -1.603445
36689 -798260.027028 0.000000 -4.636801 -1.603445
36793 -798260.027029 0.000000 -4.636801 -1.603445
36507 -798260.027028 0.000000 -4.636801 -1.603445
36526 -798260.027029 0.000000 -4.636801 -1.603445
3686 -798260.027028 0.000000 -4.636801 -1.603445
3604 -798260.027029 0.000000 -4.636801 -1.603445
3174 -798260.027029 0.000000 -4.636801 -1.603445
3112 -798260.027029 0.000000 -4.636801 -1.603445
2854 -798260.027029 0.000000 -4.636801 -1.603445
2834 -798260.027028 0.000000 -4.636801 -1.603445
104624 -798260.027029 0.000000 -4.636801 -1.603445
14686 -798260.027028 0.000000 -4.636801 -1.603445
14821 -798260.027029 0.000000 -4.636801 -1.603445
14229 -798260.027029 0.000000 -4.636801 -1.603445
14329 -798260.027029 0.000000 -4.636801 -1.603445
14045 -798260.027029 0.000000 -4.636801 -1.603445
14060 -798260.027029 0.000000 -4.636801 -1.603445
26310 -798260.027029 0.000000 -4.636801 -1.603445
25890 -798260.027028 0.000000 -4.636801 -1.603445
25810 -798260.027029 0.000000 -4.636801 -1.603445
25439 -798260.027028 0.000000 -4.636801 -1.603445
25399 -798260.027029 0.000000 -4.636801 -1.603445
25268 -798260.027029 0.000000 -4.636801 -1.603445
37408 -798260.027029 0.000000 -4.636801 -1.603445
37541 -798260.027028 0.000000 -4.636801 -1.603445
36900 -798260.027028 0.000000 -4.636801 -1.603445
37023 -798260.027029 0.000000 -4.636801 -1.603445
36566 -798260.027029 0.000000 -4.636801 -1.603445
36619 -798260.027029 0.000000 -4.636801 -1.603445
36495 -798260.027029 0.000000 -4.636801 -1.603445
93416 -798258.800645 0.000000 -3.410418 -0.377062
3477 -798258.800645 0.000000 -3.410418 -0.377062
3605 -798258.800645 0.000000 -3.410418 -0.377062
3014 -798258.800645 0.000000 -3.410418 -0.377062
3113 -798258.800645 0.000000 -3.410418 -0.377062
2817 -798258.800645 0.000000 -3.410418 -0.377062
2835 -798258.800645 0.000000 -3.410418 -0.377062
15091 -798258.800645 0.000000 -3.410418 -0.377062
14687 -798258.800645 0.000000 -3.410418 -0.377062
14602 -798258.800645 0.000000 -3.410418 -0.377062
14230 -798258.800645 0.000000 -3.410418 -0.377062
14177 -798258.800645 0.000000 -3.410418 -0.377062
14046 -798258.800645 0.000000 -3.410418 -0.377062
26198 -798258.800645 0.000000 -3.410418 -0.377062
26311 -798258.800645 0.000000 -3.410418 -0.377062
25689 -798258.800645 0.000000 -3.410418 -0.377062
25811 -798258.800645 0.000000 -3.410418 -0.377062
25344 -798258.800645 0.000000 -3.410418 -0.377062
25400 -798258.800645 0.000000 -3.410418 -0.377062
25263 -798258.800645 0.000000 -3.410418 -0.377062
37409 -798258.800645 0.000000 -3.410418 -0.377062
37324 -798258.800645 0.000000 -3.410418 -0.377062
36901 -798258.800645 0.000000 -3.410418 -0.377062
36825 -798258.800645 0.000000 -3.410418 -0.377062
36567 -798258.800645 0.000000 -3.410418 -0.377062
36537 -798258.800645 0.000000 -3.410418 -0.377062
3559 -798259.426652 0.000000 -4.036424 -1.003068
3689 -798259.426652 0.000000 -4.036424 -1.003068
3603 -798259.426652 0.000000 -4.036424 -1.003068
3177 -798259.426652 0.000000 -4.036424 -1.003068
3111 -798259.426652 0.000000 -4.036424 -1.003068
2857 -798259.426652 0.000000 -4.036424 -1.003068
2833 -798259.426652 0.000000 -4.036424 -1.003068
14770 -798259.426652 0.000000 -4.036424 -1.003068
14685 -798259.426651 0.000000 -4.036424 -1.003068
14823 -798259.426651 0.000000 -4.036424 -1.003068
14228 -798259.426652 0.000000 -4.036424 -1.003068
14332 -798259.426652 0.000000 -4.036424 -1.003068
14044 -798259.426652 0.000000 -4.036424 -1.003068
26382 -798259.426652 0.000000 -4.036424 -1.003068
25770 -798259.426652 0.000000 -4.036424 -1.003068
25893 -798259.426652 0.000000 -4.036424 -1.003068
25809 -798259.426651 0.000000 -4.036424 -1.003068
25442 -798259.426652 0.000000 -4.036424 -1.003068
25398 -798259.426652 0.000000 -4.036424 -1.003068
25271 -798259.426651 0.000000 -4.036424 -1.003067
37407 -798259.426652 0.000000 -4.036424 -1.003068
126840 -798259.426652 0.000000 -4.036424 -1.003068
36899 -798259.426652 0.000000 -4.036424 -1.003068
37026 -798259.426652 0.000000 -4.036424 -1.003068
36565 -798259.426652 0.000000 -4.036424 -1.003068
36622 -798259.426652 0.000000 -4.036424 -1.003068
3520 -798259.354162 0.000000 -3.963935 -0.930579
3644 -798259.354162 0.000000 -3.963935 -0.930579
3051 -798259.354162 0.000000 -3.963935 -0.930579
3138 -798259.354162 0.000000 -3.963935 -0.930579
3089 -798259.354162 0.000000 -3.963935 -0.930579
2840 -798259.354162 0.000000 -3.963935 -0.930579
2830 -798259.354162 0.000000 -3.963935 -0.930579
14726 -798259.354162 0.000000 -3.963935 -0.930579
14645 -798259.354162 0.000000 -3.963935 -0.930579
104118 -798259.354162 0.000000 -3.963935 -0.930579
14200 -798259.354162 0.000000 -3.963935 -0.930579
14314 -798259.354162 0.000000 -3.963935 -0.930579
14039 -798259.354162 0.000000 -3.963935 -0.930579
26340 -798259.354162 0.000000 -3.963935 -0.930579
25732 -798259.354162 0.000000 -3.963935 -0.930579
25848 -798259.354162 0.000000 -3.963935 -0.930579
25784 -798259.354162 0.000000 -3.963935 -0.930579
25415 -798259.354162 0.000000 -3.963935 -0.930579
25386 -798259.354162 0.000000 -3.963935 -0.930579
25264 -798259.354162 0.000000 -3.963935 -0.930579
37367 -798259.354162 0.000000 -3.963935 -0.930579
36940 -798259.354162 0.000000 -3.963935 -0.930579
36860 -798259.354162 0.000000 -3.963935 -0.930579
37015 -798259.354162 0.000000 -3.963935 -0.930579
36549 -798259.354162 0.000000 -3.963935 -0.930579
36611 -798259.354162 0.000000 -3.963935 -0.930579
3519 -798258.994358 0.000000 -3.604131 -0.570775
3647 -798258.994358 0.000000 -3.604131 -0.570775
3050 -798258.994358 0.000000 -3.604131 -0.570775
3141 -798258.994358 0.000000 -3.604131 -0.570775
3088 -798258.994358 0.000000 -3.604131 -0.570775
2843 -798258.994358 0.000000 -3.604131 -0.570775
15132 -798258.994358 0.000000 -3.604131 -0.570775
14729 -798258.994358 0.000000 -3.604131 -0.570775
14644 -798258.994358 0.000000 -3.604131 -0.570775
14265 -798258.994358 0.000000 -3.604131 -0.570775
14199 -798258.994358 0.000000 -3.604131 -0.570775
14316 -798258.994358 0.000000 -3.604131 -0.570775
14038 -798258.994358 0.000000 -3.604131 -0.570775
26343 -798258.994358 0.000000 -3.604131 -0.570775
25731 -798258.994358 0.000000 -3.604131 -0.570775
25851 -798258.994358 0.000000 -3.604131 -0.570775
25369 -798258.994358 0.000000 -3.604131 -0.570775
25418 -798258.994358 0.000000 -3.604131 -0.570775
25385 -798258.994358 0.000000 -3.604131 -0.570775
37448 -798258.994358 0.000000 -3.604131 -0.570775
37366 -798258.994358 0.000000 -3.604131 -0.570775
36943 -798258.994358 0.000000 -3.604131 -0.570775
36859 -798258.994358 0.000000 -3.604131 -0.570775
126446 -798258.994358 0.000000 -3.604131 -0.570775
36548 -798258.994358 0.000000 -3.604131 -0.570775
36614 -798258.994358 0.000000 -3.604131 -0.570775
4039 -798258.836901 0.000000 -3.446674 -0.413317
3478 -798258.836901 0.000000 -3.446674 -0.413317
3602 -798258.836901 0.000000 -3.446674 -0.413317
3015 -798258.836901 0.000000 -3.446673 -0.413317
3110 -798258.836901 0.000000 -3.446674 -0.413317
2818 -798258.836901 0.000000 -3.446674 -0.413317
2832 -798258.836901 0.000000 -3.446674 -0.413317
15092 -798258.836901 0.000000 -3.446674 -0.413317
14684 -798258.836901 0.000000 -3.446674 -0.413317
14603 -798258.836901 0.000000 -3.446674 -0.413317
14227 -798258.836901 0.000000 -3.446674 -0.413317
14178 -798258.836901 0.000000 -3.446674 -0.413317
103899 -798258.836901 0.000000 -3.446674 -0.413317
26199 -798258.836901 0.000000 -3.446673 -0.413317
26309 -798258.836901 0.000000 -3.446673 -0.413317
25690 -798258.836901 0.000000 -3.446673 -0.413317
25808 -798258.836901 0.000000 -3.446673 -0.413317
25345 -798258.836901 0.000000 -3.446674 -0.413317
25397 -798258.836901 0.000000 -3.446674 -0.413317
25380 -798258.836901 0.000000 -3.446674 -0.413317
37406 -798258.836901 0.000000 -3.446674 -0.413317
37325 -798258.836901 0.000000 -3.446674 -0.413317
36898 -798258.836901 0.000000 -3.446674 -0.413317
36826 -798258.836901 0.000000 -3.446674 -0.413317
36564 -798258.836901 0.000000 -3.446673 -0.413317
36538 -798258.836901 0.000000 -3.446673 -0.413317
3518 -798259.234726 0.000000 -3.844499 -0.811143
3435 -798259.234726 0.000000 -3.844499 -0.811143
3591 -798259.234726 0.000000 -3.844499 -0.811143
2982 -798259.234726 0.000000 -3.844499 -0.811143
3087 -798259.234726 0.000000 -3.844499 -0.811143
2809 -798259.234726 0.000000 -3.844499 -0.811143
15131 -798259.234726 0.000000 -3.844499 -0.811143
14521 -798259.234726 0.000000 -3.844499 -0.811143
14643 -798259.234726 0.000000 -3.844499 -0.811143
14564 -798259.234726 0.000000 -3.844499 -0.811143
14198 -798259.234726 0.000000 -3.844499 -0.811143
14162 -798259.234726 0.000000 -3.844499 -0.811143
14037 -798259.234726 0.000000 -3.844499 -0.811143
26157 -798259.234726 0.000000 -3.844499 -0.811143
115586 -798259.234726 0.000000 -3.844499 -0.811143
25648 -798259.234726 0.000000 -3.844499 -0.811143
25783 -798259.234726 0.000000 -3.844499 -0.811143
25322 -798259.234726 0.000000 -3.844499 -0.811143
25384 -798259.234726 0.000000 -3.844499 -0.811143
37240 -798259.234726 0.000000 -3.844499 -0.811143
37365 -798259.234726 0.000000 -3.844499 -0.811143
37291 -798259.234726 0.000000 -3.844499 -0.811143
36858 -798259.234726 0.000000 -3.844499 -0.811143
36799 -798259.234726 0.000000 -3.844499 -0.811143
36547 -798259.234726 0.000000 -3.844499 -0.811143
36532 -798259.234726 0.000000 -3.844499 -0.811143
81459 -798259.101519 0.000000 -3.711292 -0.677936
3521 -798259.101519 0.000000 -3.711292 -0.677936
3434 -798259.101519 0.000000 -3.711292 -0.677936
92908 -798259.101519 0.000000 -3.711292 -0.677936
2981 -798259.101519 0.000000 -3.711292 -0.677936
3090 -798259.101519 0.000000 -3.711292 -0.677936
2808 -798259.101519 0.000000 -3.711292 -0.677936
15133 -798259.101520 0.000000 -3.711292 -0.677936
14520 -798259.101519 0.000000 -3.711292 -0.677936
14646 -798259.101519 0.000000 -3.711292 -0.677936
14563 -798259.101519 0.000000 -3.711292 -0.677936
14201 -798259.101519 0.000000 -3.711292 -0.677936
14161 -798259.101520 0.000000 -3.711292 -0.677936
14040 -798259.101519 0.000000 -3.711292 -0.677936
26156 -798259.101519 0.000000 -3.711292 -0.677936
25733 -798259.101519 0.000000 -3.711292 -0.677936
25647 -798259.101519 0.000000 -3.711292 -0.677936
25785 -798259.101520 0.000000 -3.711292 -0.677936
25321 -798259.101519 0.000000 -3.711292 -0.677936
25387 -798259.101519 0.000000 -3.711292 -0.677936
37239 -798259.101519 0.000000 -3.711292 -0.677936
37368 -798259.101519 0.000000 -3.711292 -0.677936
36767 -798259.101520 0.000000 -3.711292 -0.677936
36861 -798259.101519 0.000000 -3.711292 -0.677936
36798 -798259.101519 0.000000 -3.711292 -0.677936
36550 -798259.101519 0.000000 -3.711292 -0.677936
3882 -798259.193038 0.000000 -3.802811 -0.769455
3476 -798259.193038 0.000000 -3.802811 -0.769455
3391 -798259.193038 0.000000 -3.802811 -0.769455
3013 -798259.193038 0.000000 -3.802811 -0.769455
2954 -798259.193038 0.000000 -3.802811 -0.769455
3081 -798259.193038 0.000000 -3.802811 -0.769455
2802 -798259.193038 0.000000 -3.802811 -0.769455
15090 -798259.193038 0.000000 -3.802811 -0.769455
14479 -798259.193038 0.000000 -3.802811 -0.769455
14601 -798259.193038 0.000000 -3.802811 -0.769455
14124 -798259.193038 0.000000 -3.802811 -0.769455
14176 -798259.193038 0.000000 -3.802811 -0.769454
14151 -798259.193038 0.000000 -3.802811 -0.769455
26197 -798259.193038 0.000000 -3.802811 -0.769455
26113 -798259.193038 0.000000 -3.802811 -0.769455
25688 -798259.193038 0.000000 -3.802811 -0.769455
25610 -798259.193038 0.000000 -3.802811 -0.769455
115199 -798259.193038 0.000000 -3.802811 -0.769454
25306 -798259.193038 0.000000 -3.802811 -0.769455
25379 -798259.193038 0.000000 -3.802811 -0.769455
37197 -798259.193038 0.000000 -3.802811 -0.769455
37323 -798259.193038 0.000000 -3.802811 -0.769455
36729 -798259.193038 0.000000 -3.802811 -0.769455
36824 -798259.193038 0.000000 -3.802811 -0.769455
36781 -798259.193038 0.000000 -3.802811 -0.769455
36536 -798259.193038 0.000000 -3.802811 -0.769455
3881 -798259.069484 0.000000 -3.679257 -0.645901
3479 -798259.069485 0.000000 -3.679257 -0.645901
3390 -798259.069485 0.000000 -3.679257 -0.645901
3016 -798259.069485 0.000000 -3.679257 -0.645901
2953 -798259.069485 0.000000 -3.679257 -0.645901
92675 -798259.069484 0.000000 -3.679257 -0.645901
14988 -798259.069484 0.000000 -3.679257 -0.645901
15093 -798259.069485 0.000000 -3.679257 -0.645901
14478 -798259.069485 0.000000 -3.679257 -0.645901
14604 -798259.069484 0.000000 -3.679257 -0.645901
14123 -798259.069485 0.000000 -3.679257 -0.645901
14179 -798259.069485 0.000000 -3.679257 -0.645901
14150 -798259.069484 0.000000 -3.679257 -0.645901
26200 -798259.069485 0.000000 -3.679257 -0.645901
26112 -798259.069484 0.000000 -3.679257 -0.645901
25691 -798259.069485 0.000000 -3.679257 -0.645901
25609 -798259.069484 0.000000 -3.679257 -0.645901
25346 -798259.069484 0.000000 -3.679257 -0.645901
25305 -798259.069485 0.000000 -3.679257 -0.645901
37738 -798259.069485 0.000000 -3.679257 -0.645901
37196 -798259.069484 0.000000 -3.679257 -0.645901
37326 -798259.069485 0.000000 -3.679257 -0.645901
36728 -798259.069485 0.000000 -3.679257 -0.645901
36827 -798259.069485 0.000000 -3.679257 -0.645901
36521 -798259.069485 0.000000 -3.679257 -0.645901
36539 -798259.069485 0.000000 -3.679257 -0.645901
3880 -798258.718772 0.000000 -3.328545 -0.295189
3267 -798258.718772 0.000000 -3.328545 -0.295189
3389 -798258.718772 0.000000 -3.328545 -0.295189
3320 -798258.718772 0.000000 -3.328545 -0.295189
2952 -798258.718772 0.000000 -3.328545 -0.295189
2922 -798258.718772 0.000000 -3.328545 -0.295188
14987 -798258.718772 0.000000 -3.328545 -0.295189
14904 -798258.718772 0.000000 -3.328545 -0.295189
14477 -798258.718772 0.000000 -3.328545 -0.295189
14395 -798258.718772 0.000000 -3.328545 -0.295189
14551 -798258.718772 0.000000 -3.328545 -0.295189
14082 -798258.718772 0.000000 -3.328545 -0.295189
14149 -798258.718772 0.000000 -3.328545 -0.295189
25984 -798258.718772 0.000000 -3.328545 -0.295189
26111 -798258.718772 0.000000 -3.328545 -0.295189
25515 -798258.718772 0.000000 -3.328545 -0.295189
25608 -798258.718772 0.000000 -3.328545 -0.295189
25554 -798258.718772 0.000000 -3.328545 -0.295189
25304 -798258.718772 0.000000 -3.328545 -0.295189
37600 -798258.718772 0.000000 -3.328545 -0.295189
37195 -798258.718772 0.000000 -3.328545 -0.295189
37109 -798258.718772 0.000000 -3.328545 -0.295189
126583 -798258.718772 0.000000 -3.328545 -0.295189
36664 -798258.718772 0.000000 -3.328545 -0.295189
36780 -798258.718772 0.000000 -3.328545 -0.295189
36503 -798258.718772 0.000000 -3.328545 -0.295189
3883 -798258.735748 0.000000 -3.345521 -0.312165
3266 -798258.735748 0.000000 -3.345521 -0.312165
3392 -798258.735748 0.000000 -3.345521 -0.312165
2903 -798258.735748 0.000000 -3.345521 -0.312165
2955 -798258.735748 0.000000 -3.345521 -0.312165
2921 -798258.735748 0.000000 -3.345521 -0.312165
14989 -798258.735748 0.000000 -3.345521 -0.312165
14903 -798258.735748 0.000000 -3.345521 -0.312165
14480 -798258.735748 0.000000 -3.345521 -0.312165
14394 -798258.735748 0.000000 -3.345521 -0.312165
103981 -798258.735748 0.000000 -3.345521 -0.312165
14081 -798258.735748 0.000000 -3.345521 -0.312165
14152 -798258.735748 0.000000 -3.345521 -0.312165
25983 -798258.735748 0.000000 -3.345521 -0.312165
26114 -798258.735748 0.000000 -3.345521 -0.312165
25514 -798258.735748 0.000000 -3.345521 -0.312165
25611 -798258.735748 0.000000 -3.345521 -0.312165
25553 -798258.735748 0.000000 -3.345521 -0.312165
25307 -798258.735748 0.000000 -3.345521 -0.312165
37599 -798258.735748 0.000000 -3.345521 -0.312165
37198 -798258.735748 0.000000 -3.345521 -0.312165
37108 -798258.735748 0.000000 -3.345521 -0.312165
36730 -798258.735748 0.000000 -3.345521 -0.312165
36663 -798258.735748 0.000000 -3.345521 -0.312165
36782 -798258.735748 0.000000 -3.345521 -0.312165
36502 -798258.735748 0.000000 -3.345521 -0.312165
3735 -798258.894549 0.000000 -3.504321 -0.470965
3847 -798258.894548 0.000000 -3.504321 -0.470965
3223 -798258.894548 0.000000 -3.504321 -0.470965
3347 -798258.894548 0.000000 -3.504321 -0.470965
2880 -798258.894548 0.000000 -3.504321 -0.470965
2932 -798258.894549 0.000000 -3.504321 -0.470965
2915 -798258.894548 0.000000 -3.504321 -0.470965
14946 -798258.894549 0.000000 -3.504321 -0.470965
14860 -798258.894548 0.000000 -3.504321 -0.470965
14433 -798258.894549 0.000000 -3.504321 -0.470965
14362 -798258.894549 0.000000 -3.504321 -0.470965
14099 -798258.894549 0.000000 -3.504321 -0.470965
14070 -798258.894548 0.000000 -3.504321 -0.470965
26507 -798258.894548 0.000000 -3.504321 -0.470965
25940 -798258.894548 0.000000 -3.504321 -0.470965
26067 -798258.894549 0.000000 -3.504321 -0.470965
25477 -798258.894548 0.000000 -3.504321 -0.470965
25576 -798258.894549 0.000000 -3.504321 -0.470965
25282 -798258.894549 0.000000 -3.504321 -0.470965
25296 -798258.894549 0.000000 -3.504321 -0.470965
37558 -798258.894549 0.000000 -3.504321 -0.470965
37151 -798258.894548 0.000000 -3.504321 -0.470965
37066 -798258.894549 0.000000 -3.504321 -0.470965
36691 -798258.894548 0.000000 -3.504321 -0.470965
36641 -798258.894549 0.000000 -3.504321 -0.470965
126365 -798258.894548 0.000000 -3.504321 -0.470965
3734 -798259.111168 0.000000 -3.720941 -0.687585
3849 -798259.111168 0.000000 -3.720941 -0.687585
3222 -798259.111168 0.000000 -3.720941 -0.687585
3350 -798259.111168 0.000000 -3.720941 -0.687585
2879 -798259.111168 0.000000 -3.720941 -0.687585
2935 -798259.111168 0.000000 -3.720941 -0.687585
14811 -798259.111168 0.000000 -3.720941 -0.687585
14949 -798259.111168 0.000000 -3.720941 -0.687585
14859 -798259.111168 0.000000 -3.720941 -0.687585
14436 -798259.111168 0.000000 -3.720941 -0.687585
14361 -798259.111168 0.000000 -3.720941 -0.687585
14102 -798259.111168 0.000000 -3.720941 -0.687585
14069 -798259.111168 0.000000 -3.720941 -0.687585
115880 -798259.111168 0.000000 -3.720941 -0.687585
25939 -798259.111168 0.000000 -3.720941 -0.687585
26070 -798259.111168 0.000000 -3.720941 -0.687585
25476 -798259.111168 0.000000 -3.720941 -0.687585
25579 -798259.111168 0.000000 -3.720941 -0.687585
25281 -798259.111168 0.000000 -3.720941 -0.687585
37638 -798259.111168 0.000000 -3.720941 -0.687585
37557 -798259.111168 0.000000 -3.720941 -0.687585
37154 -798259.111168 0.000000 -3.720941 -0.687585
37065 -798259.111168 0.000000 -3.720941 -0.687585
36694 -798259.111168 0.000000 -3.720941 -0.687585
36640 -798259.111168 0.000000 -3.720941 -0.687585
36512 -798259.111168 0.000000 -3.720941 -0.687585
3692 -798258.986450 0.000000 -3.596222 -0.562866
93121 -798258.986450 0.000000 -3.596222 -0.562866
3180 -798258.986450 0.000000 -3.596222 -0.562866
3319 -798258.986450 0.000000 -3.596222 -0.562866
2860 -798258.986450 0.000000 -3.596222 -0.562866
2920 -798258.986450 0.000000 -3.596222 -0.562866
14773 -798258.986450 0.000000 -3.596222 -0.562866
14902 -798258.986450 0.000000 -3.596222 -0.562866
14825 -798258.986450 0.000000 -3.596222 -0.562866
14393 -798258.986450 0.000000 -3.596222 -0.562866
14335 -798258.986450 0.000000 -3.596222 -0.562866
14080 -798258.986450 0.000000 -3.596222 -0.562866
14063 -798258.986450 0.000000 -3.596222 -0.562866
25982 -798258.986450 0.000000 -3.596222 -0.562866
25896 -798258.986450 0.000000 -3.596222 -0.562866
26053 -798258.986450 0.000000 -3.596222 -0.562866
25445 -798258.986450 0.000000 -3.596222 -0.562866
25552 -798258.986450 0.000000 -3.596222 -0.562866
25274 -798258.986450 0.000000 -3.596222 -0.562866
37598 -798258.986450 0.000000 -3.596222 -0.562866
36986 -798258.986450 0.000000 -3.596222 -0.562866
37107 -798258.986450 0.000000 -3.596222 -0.562866
37029 -798258.986450 0.000000 -3.596222 -0.562866
36662 -798258.986450 0.000000 -3.596222 -0.562866
36625 -798258.986450 0.000000 -3.596222 -0.562866
36501 -798258.986450 0.000000 -3.596222 -0.562866
3773 -798258.966149 0.000000 -3.575921 -0.542565
3691 -798258.966149 0.000000 -3.575921 -0.542565
3268 -798258.966149 0.000000 -3.575921 -0.542565
3179 -798258.966149 0.000000 -3.575921 -0.542565
3321 -798258.966149 0.000000 -3.575921 -0.542565
2859 -798258.966149 0.000000 -3.575921 -0.542565
2923 -798258.966149 0.000000 -3.575921 -0.542565
14772 -798258.966149 0.000000 -3.575921 -0.542565
14905 -798258.966149 0.000000 -3.575921 -0.542565
14304 -798258.966149 0.000000 -3.575921 -0.542565
14396 -798258.966149 0.000000 -3.575921 -0.542565
14334 -798258.966149 0.000000 -3.575921 -0.542565
14083 -798258.966149 0.000000 -3.575921 -0.542565
26384 -798258.966149 0.000000 -3.575921 -0.542565
25985 -798258.966149 0.000000 -3.575921 -0.542565
25895 -798258.966149 0.000000 -3.575921 -0.542565
115372 -798258.966149 0.000000 -3.575921 -0.542565
25444 -798258.966149 0.000000 -3.575921 -0.542565
25555 -798258.966149 0.000000 -3.575921 -0.542565
25273 -798258.966149 0.000000 -3.575921 -0.542565
37601 -798258.966149 0.000000 -3.575921 -0.542565
36985 -798258.966149 0.000000 -3.575921 -0.542565
37110 -798258.966149 0.000000 -3.575921 -0.542565
37028 -798258.966149 0.000000 -3.575921 -0.542565
36665 -798258.966149 0.000000 -3.575921 -0.542565
36624 -798258.966149 0.000000 -3.575921 -0.542565
3733 -798258.831370 0.000000 -3.441142 -0.407786
3650 -798258.831370 0.000000 -3.441142 -0.407786
3221 -798258.831370 0.000000 -3.441142 -0.407786
3144 -798258.831370 0.000000 -3.441142 -0.407786
92734 -798258.831370 0.000000 -3.441142 -0.407786
2846 -798258.831370 0.000000 -3.441142 -0.407786
2914 -798258.831370 0.000000 -3.441142 -0.407786
14732 -798258.831370 0.000000 -3.441142 -0.407786
14858 -798258.831370 0.000000 -3.441142 -0.407786
14268 -798258.831370 0.000000 -3.441142 -0.407786
14360 -798258.831370 0.000000 -3.441142 -0.407786
14318 -798258.831370 0.000000 -3.441142 -0.407786
14068 -798258.831370 0.000000 -3.441142 -0.407786
26346 -798258.831370 0.000000 -3.441142 -0.407786
25938 -798258.831370 0.000000 -3.441142 -0.407786
25854 -798258.831370 0.000000 -3.441142 -0.407786
25475 -798258.831370 0.000000 -3.441142 -0.407786
25421 -798258.831370 0.000000 -3.441142 -0.407786
25545 -798258.831370 0.000000 -3.441142 -0.407786
25267 -798258.831370 0.000000 -3.441142 -0.407786
37556 -798258.831370 0.000000 -3.441142 -0.407786
36946 -798258.831370 0.000000 -3.441142 -0.407786
37064 -798258.831370 0.000000 -3.441142 -0.407786
36592 -798258.831370 0.000000 -3.441142 -0.407786
36639 -798258.831370 0.000000 -3.441142 -0.407786
36617 -798258.831370 0.000000 -3.441142 -0.407786
3516 -798258.740669 0.000000 -3.350442 -0.317086
3431 -798258.740669 0.000000 -3.350442 -0.317086
3590 -798258.740669 0.000000 -3.350442 -0.317086
2978 -798258.740669 0.000000 -3.350442 -0.317086
3085 -798258.740669 0.000000 -3.350442 -0.317086
2805 -798258.740669 0.000000 -3.350442 -0.317086
2829 -798258.740669 0.000000 -3.350442 -0.317086
14518 -798258.740669 0.000000 -3.350442 -0.317086
14641 -798258.740669 0.000000 -3.350442 -0.317086
14560 -798258.740669 0.000000 -3.350442 -0.317086
14196 -798258.740669 0.000000 -3.350442 -0.317086
14158 -798258.740669 0.000000 -3.350442 -0.317086
14035 -798258.740669 0.000000 -3.350442 -0.317086
26153 -798258.740669 0.000000 -3.350442 -0.317086
25728 -798258.740669 0.000000 -3.350442 -0.317086
25644 -798258.740669 0.000000 -3.350442 -0.317086
25781 -798258.740669 0.000000 -3.350442 -0.317086
25318 -798258.740669 0.000000 -3.350442 -0.317086
25382 -798258.740669 0.000000 -3.350442 -0.317086
25261 -798258.740669 0.000000 -3.350442 -0.317086
37363 -798258.740669 0.000000 -3.350442 -0.317086
37288 -798258.740669 0.000000 -3.350442 -0.317086
36856 -798258.740669 0.000000 -3.350442 -0.317086
36795 -798258.740669 0.000000 -3.350442 -0.317086
36545 -798258.740669 0.000000 -3.350442 -0.317086
36528 -798258.740669 0.000000 -3.350442 -0.317086
3474 -798258.862526 0.000000 -3.472299 -0.438942
3601 -798258.862526 0.000000 -3.472299 -0.438942
3011 -798258.862526 0.000000 -3.472298 -0.438942
3109 -798258.862526 0.000000 -3.472298 -0.438942
2815 -798258.862526 0.000000 -3.472299 -0.438942
2831 -798258.862526 0.000000 -3.472299 -0.438942
15088 -798258.862526 0.000000 -3.472299 -0.438942
14683 -798258.862526 0.000000 -3.472298 -0.438942
14599 -798258.862526 0.000000 -3.472298 -0.438942
14226 -798258.862526 0.000000 -3.472299 -0.438942
14174 -798258.862526 0.000000 -3.472298 -0.438942
14042 -798258.862526 0.000000 -3.472298 -0.438942
26195 -798258.862526 0.000000 -3.472299 -0.438942
26308 -798258.862526 0.000000 -3.472299 -0.438942
25686 -798258.862526 0.000000 -3.472299 -0.438942
25807 -798258.862526 0.000000 -3.472298 -0.438942
25341 -798258.862526 0.000000 -3.472298 -0.438942
25396 -798258.862526 0.000000 -3.472299 -0.438942
25262 -798258.862526 0.000000 -3.472299 -0.438942
37405 -798258.862526 0.000000 -3.472299 -0.438942
37321 -798258.862526 0.000000 -3.472299 -0.438942
36897 -798258.862526 0.000000 -3.472298 -0.438942
36822 -798258.862526 0.000000 -3.472299 -0.438942
36563 -798258.862526 0.000000 -3.472299 -0.438942
36534 -798258.862526 0.000000 -3.472299 -0.438942
48486 -798258.862526 0.000000 -3.472299 -0.438942
3848 -798258.862526 0.000000 -3.472298 -0.438942
3433 -798258.862526 0.000000 -3.472298 -0.438942
3349 -798258.862526 0.000000 -3.472298 -0.438942
2980 -798258.862526 0.000000 -3.472299 -0.438942
2934 -798258.862526 0.000000 -3.472299 -0.438942
2807 -798258.862526 0.000000 -3.472299 -0.438942
14948 -798258.862526 0.000000 -3.472298 -0.438942
15077 -798258.862526 0.000000 -3.472298 -0.438942
14435 -798258.862526 0.000000 -3.472298 -0.438942
14562 -798258.862526 0.000000 -3.472299 -0.438942
14101 -798258.862526 0.000000 -3.472299 -0.438942
14160 -798258.862526 0.000000 -3.472299 -0.438942
14033 -798258.862526 0.000000 -3.472298 -0.438942
26155 -798258.862526 0.000000 -3.472299 -0.438942
26069 -798258.862526 0.000000 -3.472299 -0.438942
25646 -798258.862526 0.000000 -3.472299 -0.438942
25578 -798258.862526 0.000000 -3.472299 -0.438942
25320 -798258.862526 0.000000 -3.472299 -0.438942
25298 -798258.862526 0.000000 -3.472299 -0.438942
127094 -798258.862526 0.000000 -3.472299 -0.438942
37153 -798258.862526 0.000000 -3.472298 -0.438942
37290 -798258.862526 0.000000 -3.472299 -0.438942
36693 -798258.862526 0.000000 -3.472299 -0.438942
36797 -798258.862526 0.000000 -3.472299 -0.438942
36511 -798258.862526 0.000000 -3.472299 -0.438942
36530 -798258.862526 0.000000 -3.472299 -0.438942
3920 -798258.740669 0.000000 -3.350442 -0.317086
3306 -798258.740669 0.000000 -3.350442 -0.317086
3436 -798258.740669 0.000000 -3.350442 -0.317086
3348 -798258.740669 0.000000 -3.350442 -0.317086
2983 -798258.740669 0.000000 -3.350442 -0.317086
2933 -798258.740669 0.000000 -3.350442 -0.317086
2810 -798258.740669 0.000000 -3.350442 -0.317086
14947 -798258.740669 0.000000 -3.350442 -0.317086
104378 -798258.740669 0.000000 -3.350442 -0.317086
14434 -798258.740669 0.000000 -3.350442 -0.317086
14565 -798258.740669 0.000000 -3.350442 -0.317086
14100 -798258.740669 0.000000 -3.350442 -0.317086
14163 -798258.740669 0.000000 -3.350442 -0.317086
26023 -798258.740669 0.000000 -3.350442 -0.317086
26158 -798258.740669 0.000000 -3.350442 -0.317086
26068 -798258.740669 0.000000 -3.350442 -0.317086
25649 -798258.740669 0.000000 -3.350442 -0.317086
25577 -798258.740669 0.000000 -3.350442 -0.317086
25323 -798258.740669 0.000000 -3.350442 -0.317086
25297 -798258.740669 0.000000 -3.350442 -0.317086
37241 -798258.740669 0.000000 -3.350442 -0.317086
37152 -798258.740669 0.000000 -3.350442 -0.317086
37292 -798258.740669 0.000000 -3.350442 -0.317086
36692 -798258.740669 0.000000 -3.350442 -0.317086
36800 -798258.740669 0.000000 -3.350442 -0.317086
36510 -798258.740669 0.000000 -3.350442 -0.317086
