#ID      EIFS 	      EIPFS 	   FSbin        FSseg
336 -140680.082742 0.000000 -4.429586 -2.608845
333 -140680.082328 0.000000 -4.429172 -2.608432
353 -140680.079341 0.000000 -4.426185 -2.605445
471 -140680.220295 0.000000 -4.567139 -2.746398
472 -140680.070059 0.000000 -4.416903 -2.596163
484 -140680.119833 0.000000 -4.466677 -2.645936
485 -140680.080385 0.000000 -4.427229 -2.606488
491 -140680.081831 0.000000 -4.428675 -2.607935
2310 -140680.081819 0.000000 -4.428663 -2.607923
2328 -140680.082205 0.000000 -4.429049 -2.608309
2329 -140680.082542 0.000000 -4.429386 -2.608645
2349 -140680.082741 0.000000 -4.429585 -2.608844
2350 -140680.082326 0.000000 -4.429170 -2.608429
2356 -140680.079338 0.000000 -4.426182 -2.605441
18264 -140680.116421 0.000000 -4.463265 -2.642525
2353 -140680.070043 0.000000 -4.416887 -2.596147
2332 -140680.119839 0.000000 -4.466683 -2.645943
4379 -140680.080380 0.000000 -4.427224 -2.606483
4402 -140680.081810 0.000000 -4.428654 -2.607913
4399 -140680.081766 0.000000 -4.428610 -2.607870
4421 -140680.082108 0.000000 -4.428952 -2.608211
4418 -140680.082403 0.000000 -4.429247 -2.608506
4433 -140680.082656 0.000000 -4.429500 -2.608759
4430 -140680.082793 0.000000 -4.429637 -2.608897
4438 -140680.082332 0.000000 -4.429176 -2.608435
6262 -140680.079324 0.000000 -4.426168 -2.605427
6378 -140680.220271 0.000000 -4.567115 -2.746374
6397 -140680.070054 0.000000 -4.416898 -2.596158
6398 -140680.119845 0.000000 -4.466689 -2.645948
6415 -140680.080391 0.000000 -4.427235 -2.606494
6416 -140680.081834 0.000000 -4.428678 -2.607937
6425 -140680.081820 0.000000 -4.428664 -2.607924
6426 -140680.082206 0.000000 -4.429050 -2.608309
6430 -140680.082542 0.000000 -4.429386 -2.608645
16368 -140680.226341 0.000000 -4.573185 -2.752444
455 -140680.349944 0.000000 -4.696788 -2.876048
473 -140680.351792 0.000000 -4.698636 -2.877895
470 -140680.340390 0.000000 -4.687234 -2.866494
486 -140680.239694 0.000000 -4.586538 -2.765797
483 -140680.227500 0.000000 -4.574344 -2.753603
492 -140680.228456 0.000000 -4.575300 -2.754559
490 -140680.227325 0.000000 -4.574169 -2.753429
2330 -140680.226956 0.000000 -4.573800 -2.753059
2327 -140680.226714 0.000000 -4.573558 -2.752817
2351 -140680.226495 0.000000 -4.573339 -2.752599
2348 -140680.226341 0.000000 -4.573185 -2.752444
2464 -140680.349943 0.000000 -4.696787 -2.876046
2475 -140680.351789 0.000000 -4.698633 -2.877892
2476 -140680.340389 0.000000 -4.687233 -2.866492
2480 -140680.239693 0.000000 -4.586537 -2.765796
4307 -140680.227502 0.000000 -4.574346 -2.753606
4327 -140680.228469 0.000000 -4.575313 -2.754573
4328 -140680.227361 0.000000 -4.574205 -2.753464
4347 -140680.227028 0.000000 -4.573872 -2.753131
4348 -140680.226840 0.000000 -4.573684 -2.752944
4354 -140680.226680 0.000000 -4.573524 -2.752783
4355 -140680.226533 0.000000 -4.573377 -2.752636
4406 -140680.349506 0.000000 -4.696350 -2.875610
4403 -140680.349876 0.000000 -4.696720 -2.875979
6377 -140680.351750 0.000000 -4.698594 -2.877853
6399 -140680.340368 0.000000 -4.687212 -2.866471
6396 -140680.239678 0.000000 -4.586522 -2.765781
6417 -140680.227493 0.000000 -4.574337 -2.753596
6414 -140680.228453 0.000000 -4.575297 -2.754557
6427 -140680.227325 0.000000 -4.574169 -2.753428
6424 -140680.226956 0.000000 -4.573800 -2.753059
6431 -140680.226714 0.000000 -4.573558 -2.752817
8240 -140680.226496 0.000000 -4.573340 -2.752599
396 -140680.341085 0.000000 -4.687929 -2.867188
397 -140680.341114 0.000000 -4.687958 -2.867217
418 -140680.341259 0.000000 -4.688103 -2.867362
419 -140680.342185 0.000000 -4.689029 -2.868289
434 -140680.341026 0.000000 -4.687870 -2.867129
435 -140680.348122 0.000000 -4.694966 -2.874225
443 -140680.396285 0.000000 -4.743129 -2.922388
444 -140680.412182 0.000000 -4.759026 -2.938285
446 -140680.410001 0.000000 -4.756845 -2.936105
2282 -140680.409822 0.000000 -4.756666 -2.935925
2451 -140680.341167 0.000000 -4.688011 -2.867270
2465 -140680.341085 0.000000 -4.687929 -2.867188
2463 -140680.341113 0.000000 -4.687957 -2.867216
2477 -140680.341258 0.000000 -4.688102 -2.867361
2474 -140680.342184 0.000000 -4.689028 -2.868287
2481 -140680.341026 0.000000 -4.687870 -2.867129
2479 -140680.348123 0.000000 -4.694967 -2.874227
4329 -140680.396291 0.000000 -4.743135 -2.922394
4326 -140680.412195 0.000000 -4.759039 -2.938298
4349 -140680.410022 0.000000 -4.756866 -2.936125
4346 -140680.409853 0.000000 -4.756697 -2.935957
4455 -140680.341092 0.000000 -4.687936 -2.867196
4466 -140680.340953 0.000000 -4.687797 -2.867056
4467 -140680.340939 0.000000 -4.687783 -2.867043
4439 -140680.341024 0.000000 -4.687868 -2.867127
4437 -140680.341209 0.000000 -4.688054 -2.867313
6326 -140680.342163 0.000000 -4.689007 -2.868266
6327 -140680.341016 0.000000 -4.687860 -2.867119
6346 -140680.348120 0.000000 -4.694964 -2.874223
6347 -140680.396285 0.000000 -4.743129 -2.922388
6357 -140680.412183 0.000000 -4.759027 -2.938287
6358 -140680.410003 0.000000 -4.756847 -2.936106
6361 -140680.409823 0.000000 -4.756667 -2.935926
6379 -140680.341166 0.000000 -4.688010 -2.867270
395 -140680.406394 0.000000 -4.753238 -2.932497
420 -140680.406496 0.000000 -4.753340 -2.932600
417 -140680.406902 0.000000 -4.753746 -2.933005
436 -140680.404929 0.000000 -4.751773 -2.931032
433 -140680.443896 0.000000 -4.790740 -2.969999
445 -140680.778451 0.000000 -5.125295 -3.304554
442 -140681.180421 0.000000 -5.527265 -3.706525
16387 -140681.181168 0.000000 -5.528012 -3.707271
356 -140680.407232 0.000000 -4.754076 -2.933335
2391 -140680.406779 0.000000 -4.753623 -2.932883
2412 -140680.406492 0.000000 -4.753336 -2.932596
2413 -140680.406394 0.000000 -4.753238 -2.932497
2429 -140680.406496 0.000000 -4.753340 -2.932599
2430 -140680.406901 0.000000 -4.753746 -2.933005
2440 -140680.404929 0.000000 -4.751773 -2.931032
2441 -140680.443897 0.000000 -4.790741 -2.970001
2444 -140680.778448 0.000000 -5.125292 -3.304551
4270 -140681.180423 0.000000 -5.527267 -3.706526
4276 -140681.181161 0.000000 -5.528006 -3.707265
4456 -140680.407210 0.000000 -4.754054 -2.933313
4454 -140680.406746 0.000000 -4.753590 -2.932849
4468 -140680.406434 0.000000 -4.753278 -2.932537
4465 -140680.406285 0.000000 -4.753129 -2.932388
4434 -140680.406274 0.000000 -4.753118 -2.932377
4441 -140680.406433 0.000000 -4.753277 -2.932536
4425 -140680.406875 0.000000 -4.753719 -2.932978
6325 -140680.404919 0.000000 -4.751763 -2.931023
6348 -140680.443900 0.000000 -4.790744 -2.970004
6345 -140680.778457 0.000000 -5.125301 -3.304561
6359 -140681.180423 0.000000 -5.527267 -3.706526
6456 -140680.405074 0.000000 -4.751918 -2.931178
6457 -140680.407229 0.000000 -4.754073 -2.933333
6419 -140680.406778 0.000000 -4.753622 -2.932881
6418 -140680.406492 0.000000 -4.753336 -2.932595
338 -140681.182187 0.000000 -5.529031 -3.708291
339 -140681.182347 0.000000 -5.529191 -3.708450
354 -140681.183267 0.000000 -5.530111 -3.709370
355 -140681.209642 0.000000 -5.556486 -3.735746
360 -140681.648548 0.000000 -5.995392 -4.174652
474 -140681.649599 0.000000 -5.996443 -4.175702
487 -140681.209507 0.000000 -5.556351 -3.735610
337 -140681.183452 0.000000 -5.530296 -3.709556
2390 -140681.182734 0.000000 -5.529578 -3.708837
2414 -140681.182368 0.000000 -5.529212 -3.708472
2411 -140681.182229 0.000000 -5.529073 -3.708332
2431 -140681.182187 0.000000 -5.529031 -3.708291
2428 -140681.182346 0.000000 -5.529190 -3.708450
2442 -140681.183267 0.000000 -5.530111 -3.709370
2439 -140681.209641 0.000000 -5.556485 -3.735744
2445 -140681.648544 0.000000 -5.995388 -4.174647
2331 -140681.649601 0.000000 -5.996445 -4.175704
4382 -140681.209506 0.000000 -5.556350 -3.735610
4404 -140681.183453 0.000000 -5.530297 -3.709556
4405 -140681.182734 0.000000 -5.529578 -3.708838
4423 -140681.182363 0.000000 -5.529207 -3.708466
4424 -140681.182218 0.000000 -5.529062 -3.708322
4435 -140681.182159 0.000000 -5.529003 -3.708262
4436 -140681.182158 0.000000 -5.529002 -3.708261
4440 -140681.182349 0.000000 -5.529193 -3.708452
6265 -140681.183273 0.000000 -5.530117 -3.709377
6271 -140681.209648 0.000000 -5.556492 -3.735752
22356 -140681.648553 0.000000 -5.995397 -4.174657
6443 -140681.649598 0.000000 -5.996442 -4.175701
6458 -140681.209503 0.000000 -5.556347 -3.735607
6455 -140681.183450 0.000000 -5.530294 -3.709554
6401 -140681.182733 0.000000 -5.529577 -3.708837
6428 -140681.182368 0.000000 -5.529212 -3.708471
6400 -140681.182229 0.000000 -5.529073 -3.708332
583 -140681.116787 0.000000 -5.463631 -3.642890
559 -140681.117502 0.000000 -5.464346 -3.643605
560 -140681.115227 0.000000 -5.462071 -3.641331
541 -140681.119101 0.000000 -5.465945 -3.645204
542 -140681.152585 0.000000 -5.499429 -3.678688
529 -140681.176961 0.000000 -5.523805 -3.703064
530 -140681.180115 0.000000 -5.526959 -3.706218
523 -140681.178609 0.000000 -5.525453 -3.704713
524 -140681.178875 0.000000 -5.525719 -3.704978
2669 -140681.178875 0.000000 -5.525719 -3.704979
2670 -140681.178955 0.000000 -5.525799 -3.705058
2663 -140681.178917 0.000000 -5.525761 -3.705020
2495 -140681.117501 0.000000 -5.464345 -3.643605
2494 -140681.115226 0.000000 -5.462070 -3.641329
2487 -140681.119100 0.000000 -5.465944 -3.645203
2486 -140681.152585 0.000000 -5.499429 -3.678688
2484 -140681.176959 0.000000 -5.523803 -3.703063
4602 -140681.180116 0.000000 -5.526960 -3.706220
4581 -140681.178613 0.000000 -5.525457 -3.704717
4580 -140681.178903 0.000000 -5.525747 -3.705006
4563 -140681.178886 0.000000 -5.525730 -3.704989
4562 -140681.178944 0.000000 -5.525788 -3.705047
4553 -140681.178987 0.000000 -5.525831 -3.705091
4475 -140681.116753 0.000000 -5.463597 -3.642856
4476 -140681.117493 0.000000 -5.464337 -3.643597
4473 -140681.115223 0.000000 -5.462067 -3.641326
6584 -140681.119110 0.000000 -5.465954 -3.645214
6561 -140681.152599 0.000000 -5.499443 -3.678702
6562 -140681.176963 0.000000 -5.523807 -3.703067
6543 -140681.180114 0.000000 -5.526958 -3.706217
6544 -140681.178607 0.000000 -5.525451 -3.704711
6533 -140681.178875 0.000000 -5.525719 -3.704978
6534 -140681.178873 0.000000 -5.525717 -3.704977
6532 -140681.178954 0.000000 -5.525798 -3.705057
14429 -140680.405352 0.000000 -4.752196 -2.931456
691 -140680.404876 0.000000 -4.751720 -2.930980
692 -140680.403653 0.000000 -4.750497 -2.929756
518 -140680.115694 0.000000 -4.462538 -2.641797
507 -140682.201645 0.000000 -6.548489 -4.727748
506 -140680.316370 0.000000 -4.663214 -2.842473
500 -140680.401427 0.000000 -4.748271 -2.927530
499 -140680.404123 0.000000 -4.750967 -2.930226
497 -140680.404937 0.000000 -4.751781 -2.931040
2618 -140680.405327 0.000000 -4.752171 -2.931430
2596 -140680.405443 0.000000 -4.752287 -2.931546
2595 -140680.405350 0.000000 -4.752194 -2.931453
2580 -140680.404870 0.000000 -4.751714 -2.930973
2579 -140680.403641 0.000000 -4.750485 -2.929745
2496 -140680.115692 0.000000 -4.462536 -2.641796
2485 -140682.201650 0.000000 -6.548494 -4.727753
2488 -140680.316372 0.000000 -4.663216 -2.842476
2483 -140680.401435 0.000000 -4.748279 -2.927538
4603 -140680.404141 0.000000 -4.750985 -2.930244
4579 -140680.404973 0.000000 -4.751817 -2.931077
4582 -140680.405400 0.000000 -4.752244 -2.931503
4561 -140680.405579 0.000000 -4.752423 -2.931683
4564 -140680.405602 0.000000 -4.752446 -2.931706
4552 -140680.405452 0.000000 -4.752296 -2.931555
4554 -140680.404931 0.000000 -4.751775 -2.931034
4551 -140680.403677 0.000000 -4.750521 -2.929780
6515 -140680.115575 0.000000 -4.462419 -2.641678
6514 -140682.201737 0.000000 -6.548581 -4.727840
6496 -140680.316408 0.000000 -4.663252 -2.842511
6495 -140680.401420 0.000000 -4.748264 -2.927524
6483 -140680.404115 0.000000 -4.750959 -2.930218
6482 -140680.404931 0.000000 -4.751775 -2.931034
6476 -140680.405324 0.000000 -4.752168 -2.931427
6475 -140680.405443 0.000000 -4.752287 -2.931546
641 -140680.240856 0.000000 -4.587700 -2.766959
643 -140680.240336 0.000000 -4.587180 -2.766440
618 -140680.236512 0.000000 -4.583356 -2.762615
621 -140680.233915 0.000000 -4.580759 -2.760019
602 -140680.196971 0.000000 -4.543815 -2.723074
605 -140680.045607 0.000000 -4.392451 -2.571711
600 -140679.998969 0.000000 -4.345813 -2.525072
496 -140680.240024 0.000000 -4.586868 -2.766127
2735 -140680.240273 0.000000 -4.587117 -2.766377
2542 -140680.240340 0.000000 -4.587184 -2.766443
2541 -140680.240544 0.000000 -4.587388 -2.766648
2524 -140680.240854 0.000000 -4.587698 -2.766958
2523 -140680.240332 0.000000 -4.587176 -2.766435
2512 -140680.236503 0.000000 -4.583347 -2.762606
2511 -140680.233900 0.000000 -4.580744 -2.760003
2508 -140680.196959 0.000000 -4.543803 -2.723062
2507 -140680.045600 0.000000 -4.392444 -2.571704
4652 -140679.998933 0.000000 -4.345777 -2.525037
4651 -140679.996856 0.000000 -4.343700 -2.522960
4530 -140680.240257 0.000000 -4.587101 -2.766360
4508 -140680.240263 0.000000 -4.587107 -2.766366
4511 -140680.240349 0.000000 -4.587193 -2.766452
4496 -140680.240594 0.000000 -4.587439 -2.766698
4499 -140680.240923 0.000000 -4.587767 -2.767026
4491 -140680.240394 0.000000 -4.587238 -2.766498
6460 -140680.236548 0.000000 -4.583392 -2.762652
6635 -140680.233933 0.000000 -4.580777 -2.760036
6638 -140680.196975 0.000000 -4.543819 -2.723079
6626 -140680.045605 0.000000 -4.392449 -2.571709
6627 -140679.998961 0.000000 -4.345805 -2.525065
6469 -140680.240013 0.000000 -4.586857 -2.766117
6464 -140680.240268 0.000000 -4.587112 -2.766371
6463 -140680.240337 0.000000 -4.587181 -2.766441
6462 -140680.240544 0.000000 -4.587388 -2.766647
584 -140680.072036 0.000000 -4.418880 -2.598140
563 -140680.071790 0.000000 -4.418634 -2.597894
562 -140680.077893 0.000000 -4.424737 -2.603996
545 -140680.076762 0.000000 -4.423606 -2.602866
544 -140680.079917 0.000000 -4.426761 -2.606021
533 -140680.047405 0.000000 -4.394249 -2.573508
532 -140680.013404 0.000000 -4.360248 -2.539508
527 -140680.009152 0.000000 -4.355996 -2.535256
526 -140680.009253 0.000000 -4.356097 -2.535356
2672 -140680.010006 0.000000 -4.356850 -2.536109
2540 -140680.072474 0.000000 -4.419318 -2.598577
2543 -140680.072034 0.000000 -4.418878 -2.598137
2522 -140680.071785 0.000000 -4.418629 -2.597888
2525 -140680.077884 0.000000 -4.424728 -2.603987
2510 -140680.076749 0.000000 -4.423593 -2.602853
2513 -140680.079899 0.000000 -4.426743 -2.606002
2506 -140680.047391 0.000000 -4.394235 -2.573495
4674 -140680.013383 0.000000 -4.360227 -2.539487
4650 -140680.009129 0.000000 -4.355973 -2.535233
4653 -140680.009222 0.000000 -4.356066 -2.535325
4645 -140680.009983 0.000000 -4.356827 -2.536086
4485 -140680.072626 0.000000 -4.419470 -2.598729
4484 -140680.072458 0.000000 -4.419302 -2.598561
4479 -140680.072011 0.000000 -4.418855 -2.598114
4478 -140680.071754 0.000000 -4.418598 -2.597857
4474 -140680.077856 0.000000 -4.424700 -2.603960
6586 -140680.076733 0.000000 -4.423577 -2.602836
6565 -140680.079897 0.000000 -4.426741 -2.606001
6564 -140680.047392 0.000000 -4.394236 -2.573495
6547 -140680.013397 0.000000 -4.360241 -2.539500
6546 -140680.009148 0.000000 -4.355992 -2.535252
6537 -140680.009251 0.000000 -4.356095 -2.535354
6536 -140680.010005 0.000000 -4.356849 -2.536108
6465 -140680.072474 0.000000 -4.419318 -2.598577
642 -140680.342600 0.000000 -4.689444 -2.868703
620 -140680.342382 0.000000 -4.689226 -2.868486
619 -140680.342972 0.000000 -4.689816 -2.869075
604 -140680.323764 0.000000 -4.670608 -2.849867
603 -140682.033348 0.000000 -6.380192 -4.559452
508 -140680.324015 0.000000 -4.670859 -2.850118
498 -140680.343307 0.000000 -4.690151 -2.869411
501 -140680.342776 0.000000 -4.689620 -2.868879
2617 -140680.342606 0.000000 -4.689450 -2.868710
2619 -140680.342598 0.000000 -4.689442 -2.868701
2594 -140680.342594 0.000000 -4.689438 -2.868697
2597 -140680.342594 0.000000 -4.689438 -2.868697
2578 -140680.342368 0.000000 -4.689212 -2.868472
2581 -140680.342944 0.000000 -4.689788 -2.869048
2573 -140680.323758 0.000000 -4.670602 -2.849862
2574 -140682.033428 0.000000 -6.380272 -4.559531
2482 -140680.324015 0.000000 -4.670859 -2.850118
4529 -140680.343315 0.000000 -4.690159 -2.869418
4528 -140680.342793 0.000000 -4.689637 -2.868897
4510 -140680.342639 0.000000 -4.689483 -2.868743
4509 -140680.342662 0.000000 -4.689506 -2.868765
4498 -140680.342705 0.000000 -4.689549 -2.868808
4497 -140680.342699 0.000000 -4.689543 -2.868802
4493 -140680.342675 0.000000 -4.689519 -2.868778
4492 -140680.342424 0.000000 -4.689268 -2.868528
6637 -140680.342988 0.000000 -4.689832 -2.869092
6636 -140680.323755 0.000000 -4.670599 -2.849858
6516 -140682.033087 0.000000 -6.379931 -4.559191
6494 -140680.324010 0.000000 -4.670854 -2.850113
6497 -140680.343282 0.000000 -4.690126 -2.869385
6481 -140680.342763 0.000000 -4.689607 -2.868866
6484 -140680.342600 0.000000 -4.689444 -2.868703
6474 -140680.342595 0.000000 -4.689440 -2.868699
6477 -140680.342595 0.000000 -4.689439 -2.868699
