#ID      EIFS 	      EIPFS 	   FSbin        FSseg
1023 -438693.779899 0.000000 -2.293001 -0.524935
1049 -438693.771891 0.000000 -2.284993 -0.516927
1050 -438693.779944 0.000000 -2.293046 -0.524980
1079 -438693.779859 0.000000 -2.292961 -0.524895
1080 -438693.780033 0.000000 -2.293135 -0.525069
1109 -438693.780122 0.000000 -2.293224 -0.525158
1110 -438693.780161 0.000000 -2.293263 -0.525197
1137 -438693.771708 0.000000 -2.284810 -0.516744
1138 -438693.771718 0.000000 -2.284820 -0.516754
1149 -438693.771729 0.000000 -2.284831 -0.516765
1150 -438693.771744 0.000000 -2.284846 -0.516780
1155 -438693.771771 0.000000 -2.284873 -0.516807
1549 -438693.815640 0.000000 -2.328742 -0.560676
1548 -438693.815631 0.000000 -2.328733 -0.560667
7457 -438693.815660 0.000000 -2.328762 -0.560696
7454 -438693.815770 0.000000 -2.328872 -0.560806
7488 -438693.816260 0.000000 -2.329362 -0.561297
7485 -438693.817094 0.000000 -2.330196 -0.562130
7520 -438693.799372 0.000000 -2.312474 -0.544408
7517 -438693.779899 0.000000 -2.293001 -0.524936
7551 -438693.771892 0.000000 -2.284994 -0.516928
7548 -438693.779945 0.000000 -2.293047 -0.524981
7575 -438693.779859 0.000000 -2.292961 -0.524895
7572 -438693.780033 0.000000 -2.293135 -0.525069
7593 -438693.780122 0.000000 -2.293224 -0.525158
7590 -438693.780162 0.000000 -2.293264 -0.525198
7603 -438693.771708 0.000000 -2.284810 -0.516744
7600 -438693.771718 0.000000 -2.284820 -0.516754
7608 -438693.771729 0.000000 -2.284831 -0.516765
13266 -438693.771744 0.000000 -2.284846 -0.516781
13290 -438693.771771 0.000000 -2.284873 -0.516807
13730 -438693.815640 0.000000 -2.328742 -0.560676
13731 -438693.815631 0.000000 -2.328733 -0.560667
13760 -438693.815660 0.000000 -2.328762 -0.560696
13761 -438693.815770 0.000000 -2.328872 -0.560806
13790 -438693.816260 0.000000 -2.329362 -0.561296
13791 -438693.817094 0.000000 -2.330196 -0.562130
13814 -438693.799372 0.000000 -2.312474 -0.544408
13815 -438693.779899 0.000000 -2.293001 -0.524935
13831 -438693.771892 0.000000 -2.284994 -0.516928
13832 -438693.779944 0.000000 -2.293046 -0.524980
13841 -438693.779859 0.000000 -2.292961 -0.524895
13842 -438693.780032 0.000000 -2.293134 -0.525068
19486 -438693.780120 0.000000 -2.293222 -0.525156
19487 -438693.780158 0.000000 -2.293260 -0.525194
19514 -438693.771701 0.000000 -2.284803 -0.516737
19515 -438693.780177 0.000000 -2.293279 -0.525213
19537 -438693.771710 0.000000 -2.284812 -0.516746
19538 -438693.771717 0.000000 -2.284818 -0.516753
19548 -438693.771732 0.000000 -2.284834 -0.516768
69616 -438693.771760 0.000000 -2.284862 -0.516796
20083 -438693.815646 0.000000 -2.328748 -0.560682
20099 -438693.815635 0.000000 -2.328737 -0.560671
20097 -438693.815664 0.000000 -2.328766 -0.560700
20112 -438693.815771 0.000000 -2.328873 -0.560807
20109 -438693.816262 0.000000 -2.329364 -0.561298
20119 -438693.808623 0.000000 -2.321725 -0.553659
20117 -438693.799371 0.000000 -2.312473 -0.544408
1051 -438694.001644 0.000000 -2.514746 -0.746681
1048 -438693.999931 0.000000 -2.513033 -0.744967
1081 -438693.998517 0.000000 -2.511619 -0.743553
1078 -438693.998216 0.000000 -2.511318 -0.743252
1111 -438693.998174 0.000000 -2.511276 -0.743210
1108 -438693.998182 0.000000 -2.511284 -0.743218
1139 -438693.998199 0.000000 -2.511301 -0.743235
1136 -438693.998219 0.000000 -2.511321 -0.743255
51047 -438693.998235 0.000000 -2.511337 -0.743271
1531 -438693.991806 0.000000 -2.504908 -0.736843
1532 -438693.991817 0.000000 -2.504919 -0.736853
1541 -438693.991849 0.000000 -2.504951 -0.736885
1542 -438693.991900 0.000000 -2.505002 -0.736936
1545 -438693.991955 0.000000 -2.505057 -0.736991
7275 -438693.991964 0.000000 -2.505066 -0.737000
7303 -438693.991772 0.000000 -2.504874 -0.736808
7304 -438693.991317 0.000000 -2.504419 -0.736353
7333 -438693.992401 0.000000 -2.505503 -0.737437
7334 -438693.998816 0.000000 -2.511918 -0.743852
7363 -438694.001644 0.000000 -2.514746 -0.746680
7364 -438693.999931 0.000000 -2.513033 -0.744967
7390 -438693.998517 0.000000 -2.511619 -0.743553
7391 -438693.998216 0.000000 -2.511318 -0.743252
7410 -438693.998174 0.000000 -2.511276 -0.743210
7411 -438693.998182 0.000000 -2.511284 -0.743218
7416 -438693.998199 0.000000 -2.511301 -0.743235
7417 -438693.998219 0.000000 -2.511321 -0.743255
7418 -438693.998235 0.000000 -2.511337 -0.743271
13704 -438693.991806 0.000000 -2.504908 -0.736843
13703 -438693.991817 0.000000 -2.504919 -0.736853
13732 -438693.991849 0.000000 -2.504950 -0.736885
13729 -438693.991900 0.000000 -2.505002 -0.736936
13762 -438693.991955 0.000000 -2.505057 -0.736991
13759 -438693.991964 0.000000 -2.505066 -0.737000
13792 -438693.991772 0.000000 -2.504874 -0.736808
13789 -438693.991316 0.000000 -2.504418 -0.736352
13816 -438693.992401 0.000000 -2.505503 -0.737437
13813 -438693.998815 0.000000 -2.511917 -0.743851
13833 -438694.001644 0.000000 -2.514746 -0.746680
13830 -438693.999930 0.000000 -2.513032 -0.744966
13843 -438693.998516 0.000000 -2.511618 -0.743552
13840 -438693.998215 0.000000 -2.511317 -0.743251
13846 -438693.998173 0.000000 -2.511275 -0.743209
19485 -438693.998182 0.000000 -2.511284 -0.743218
19516 -438693.998201 0.000000 -2.511303 -0.743237
19513 -438693.998224 0.000000 -2.511326 -0.743260
19539 -438693.998246 0.000000 -2.511347 -0.743282
19991 -438693.991783 0.000000 -2.504885 -0.736819
19992 -438693.991781 0.000000 -2.504883 -0.736817
20020 -438693.991799 0.000000 -2.504901 -0.736835
20021 -438693.991837 0.000000 -2.504939 -0.736873
20044 -438693.991893 0.000000 -2.504995 -0.736929
20045 -438693.991951 0.000000 -2.505053 -0.736987
20060 -438693.991962 0.000000 -2.505064 -0.736999
20061 -438693.991772 0.000000 -2.504874 -0.736808
20068 -438693.991317 0.000000 -2.504419 -0.736353
20069 -438693.992402 0.000000 -2.505504 -0.737438
25788 -438693.998816 0.000000 -2.511918 -0.743852
1213 -438695.166885 0.000000 -3.679987 -1.911921
1214 -438694.035576 0.000000 -2.548678 -0.780612
1242 -438693.982042 0.000000 -2.495144 -0.727078
1243 -438693.983321 0.000000 -2.496423 -0.728357
1272 -438693.983002 0.000000 -2.496104 -0.728038
1273 -438693.982870 0.000000 -2.495972 -0.727906
1302 -438693.982876 0.000000 -2.495978 -0.727912
1303 -438693.982912 0.000000 -2.496014 -0.727948
1326 -438693.982945 0.000000 -2.496047 -0.727981
1327 -438693.982968 0.000000 -2.496070 -0.728004
1342 -438693.982984 0.000000 -2.496086 -0.728020
1343 -438693.982999 0.000000 -2.496101 -0.728035
1351 -438693.983019 0.000000 -2.496121 -0.728055
1352 -438693.983050 0.000000 -2.496152 -0.728086
1354 -438693.991570 0.000000 -2.504672 -0.736606
7047 -438693.983141 0.000000 -2.496243 -0.728177
7054 -438693.983259 0.000000 -2.496361 -0.728295
57157 -438693.981888 0.000000 -2.494990 -0.726924
7624 -438694.054226 0.000000 -2.567328 -0.799262
7646 -438695.166885 0.000000 -3.679987 -1.911921
7644 -438694.035575 0.000000 -2.548677 -0.780611
7673 -438693.982041 0.000000 -2.495143 -0.727077
7670 -438693.983321 0.000000 -2.496423 -0.728357
7693 -438693.983002 0.000000 -2.496104 -0.728038
7690 -438693.982870 0.000000 -2.495972 -0.727906
7705 -438693.982876 0.000000 -2.495978 -0.727912
7702 -438693.982912 0.000000 -2.496014 -0.727948
7709 -438693.982945 0.000000 -2.496047 -0.727981
7707 -438693.982968 0.000000 -2.496069 -0.728004
13378 -438693.982984 0.000000 -2.496086 -0.728020
13375 -438693.982999 0.000000 -2.496101 -0.728035
13406 -438693.983019 0.000000 -2.496121 -0.728055
13403 -438693.983050 0.000000 -2.496152 -0.728086
13434 -438693.983098 0.000000 -2.496200 -0.728134
13431 -438693.983141 0.000000 -2.496243 -0.728177
13461 -438693.983259 0.000000 -2.496361 -0.728295
13458 -438693.981888 0.000000 -2.494990 -0.726924
13883 -438694.054226 0.000000 -2.567328 -0.799262
13902 -438695.166885 0.000000 -3.679987 -1.911921
13903 -438694.035577 0.000000 -2.548679 -0.780613
13914 -438693.982042 0.000000 -2.495144 -0.727078
13915 -438693.983323 0.000000 -2.496425 -0.728359
13920 -438693.983004 0.000000 -2.496106 -0.728040
13921 -438693.982872 0.000000 -2.495974 -0.727909
19631 -438693.982880 0.000000 -2.495982 -0.727916
19632 -438693.982916 0.000000 -2.496018 -0.727953
19661 -438693.982949 0.000000 -2.496050 -0.727985
19662 -438693.982969 0.000000 -2.496071 -0.728005
19691 -438693.982981 0.000000 -2.496083 -0.728017
19692 -438693.982989 0.000000 -2.496091 -0.728026
19720 -438693.982999 0.000000 -2.496101 -0.728035
19721 -438693.983016 0.000000 -2.496118 -0.728052
19742 -438693.983047 0.000000 -2.496149 -0.728083
19743 -438693.983095 0.000000 -2.496197 -0.728131
19750 -438693.983139 0.000000 -2.496240 -0.728175
19751 -438693.983257 0.000000 -2.496359 -0.728293
20126 -438694.067093 0.000000 -2.580195 -0.812129
20127 -438694.054225 0.000000 -2.567327 -0.799261
912 -438694.098618 0.000000 -2.611720 -0.843654
913 -438694.147286 0.000000 -2.660388 -0.892322
943 -438694.164023 0.000000 -2.677125 -0.909059
944 -438694.162195 0.000000 -2.675297 -0.907231
960 -438694.162220 0.000000 -2.675322 -0.907256
961 -438694.162267 0.000000 -2.675369 -0.907303
1498 -438694.091839 0.000000 -2.604941 -0.836875
1516 -438694.091750 0.000000 -2.604852 -0.836786
1514 -438694.091694 0.000000 -2.604796 -0.836730
1533 -438694.091662 0.000000 -2.604764 -0.836698
1530 -438694.091649 0.000000 -2.604751 -0.836685
1543 -438694.091654 0.000000 -2.604756 -0.836690
1540 -438694.091677 0.000000 -2.604779 -0.836713
1546 -438694.091723 0.000000 -2.604825 -0.836760
1544 -438694.091804 0.000000 -2.604906 -0.836840
7305 -438694.091936 0.000000 -2.605038 -0.836972
7302 -438694.092159 0.000000 -2.605261 -0.837195
7335 -438694.092190 0.000000 -2.605292 -0.837226
7332 -438694.090386 0.000000 -2.603488 -0.835422
7365 -438694.098618 0.000000 -2.611720 -0.843654
7362 -438694.147286 0.000000 -2.660388 -0.892322
7392 -438694.164023 0.000000 -2.677125 -0.909059
7389 -438694.162195 0.000000 -2.675297 -0.907231
7412 -438694.162220 0.000000 -2.675322 -0.907256
7409 -438694.162267 0.000000 -2.675369 -0.907303
7727 -438694.091840 0.000000 -2.604942 -0.836876
7738 -438694.091750 0.000000 -2.604852 -0.836786
7739 -438694.091694 0.000000 -2.604796 -0.836730
7743 -438694.091662 0.000000 -2.604764 -0.836698
13532 -438694.091649 0.000000 -2.604751 -0.836685
13562 -438694.091654 0.000000 -2.604756 -0.836690
13563 -438694.091677 0.000000 -2.604779 -0.836713
13594 -438694.091723 0.000000 -2.604825 -0.836760
13595 -438694.091804 0.000000 -2.604906 -0.836840
13626 -438694.091936 0.000000 -2.605038 -0.836972
13627 -438694.092159 0.000000 -2.605261 -0.837195
13654 -438694.092189 0.000000 -2.605291 -0.837225
13655 -438694.090385 0.000000 -2.603487 -0.835421
13674 -438694.098617 0.000000 -2.611719 -0.843653
13675 -438694.147285 0.000000 -2.660387 -0.892322
13686 -438694.164022 0.000000 -2.677124 -0.909058
13687 -438694.162194 0.000000 -2.675296 -0.907230
13689 -438694.162219 0.000000 -2.675321 -0.907255
13690 -438694.162267 0.000000 -2.675368 -0.907303
19421 -438694.162289 0.000000 -2.675391 -0.907325
19963 -438694.091746 0.000000 -2.604848 -0.836782
19962 -438694.091688 0.000000 -2.604790 -0.836724
19993 -438694.091653 0.000000 -2.604755 -0.836689
19990 -438694.091636 0.000000 -2.604738 -0.836672
20022 -438694.091633 0.000000 -2.604735 -0.836669
20019 -438694.091644 0.000000 -2.604746 -0.836680
20046 -438694.091672 0.000000 -2.604774 -0.836708
20043 -438694.091721 0.000000 -2.604823 -0.836757
20062 -438694.091803 0.000000 -2.604905 -0.836839
20059 -438694.091936 0.000000 -2.605038 -0.836972
20070 -438694.092160 0.000000 -2.605262 -0.837196
20067 -438694.092190 0.000000 -2.605292 -0.837226
20071 -438694.090386 0.000000 -2.603488 -0.835422
1212 -438694.774996 0.000000 -3.288098 -1.520032
1244 -438694.744003 0.000000 -3.257105 -1.489039
1241 -438694.746447 0.000000 -3.259549 -1.491483
1274 -438694.746230 0.000000 -3.259332 -1.491266
1271 -438694.746126 0.000000 -3.259228 -1.491162
1304 -438694.746079 0.000000 -3.259181 -1.491115
1301 -438694.746087 0.000000 -3.259189 -1.491123
1328 -438694.746084 0.000000 -3.259186 -1.491120
1325 -438694.746080 0.000000 -3.259182 -1.491116
1344 -438694.746078 0.000000 -3.259180 -1.491114
1341 -438694.746076 0.000000 -3.259177 -1.491112
1353 -438694.746056 0.000000 -3.259158 -1.491092
1350 -438694.746057 0.000000 -3.259159 -1.491093
1355 -438694.746034 0.000000 -3.259135 -1.491070
7459 -438694.924198 0.000000 -3.437299 -1.669234
7460 -438694.924290 0.000000 -3.437392 -1.669326
7490 -438694.924333 0.000000 -3.437435 -1.669369
7491 -438694.925789 0.000000 -3.438891 -1.670825
7522 -438694.908563 0.000000 -3.421665 -1.653599
7523 -438694.774996 0.000000 -3.288098 -1.520032
7553 -438694.744003 0.000000 -3.257105 -1.489039
7554 -438694.746447 0.000000 -3.259549 -1.491484
7577 -438694.746230 0.000000 -3.259332 -1.491266
7578 -438694.746126 0.000000 -3.259228 -1.491162
7595 -438694.746079 0.000000 -3.259181 -1.491115
7596 -438694.746087 0.000000 -3.259189 -1.491123
7605 -438694.746084 0.000000 -3.259186 -1.491120
7606 -438694.746080 0.000000 -3.259182 -1.491116
7610 -438694.746078 0.000000 -3.259180 -1.491114
13269 -438694.746076 0.000000 -3.259177 -1.491112
13291 -438694.746056 0.000000 -3.259158 -1.491092
13292 -438694.746057 0.000000 -3.259159 -1.491093
13301 -438694.746034 0.000000 -3.259136 -1.491070
63395 -438694.745998 0.000000 -3.259100 -1.491034
13862 -438694.924290 0.000000 -3.437392 -1.669326
13884 -438694.924333 0.000000 -3.437435 -1.669369
13882 -438694.925789 0.000000 -3.438891 -1.670825
13904 -438694.908563 0.000000 -3.421665 -1.653599
13901 -438694.774996 0.000000 -3.288098 -1.520032
13916 -438694.744003 0.000000 -3.257105 -1.489039
13913 -438694.746447 0.000000 -3.259549 -1.491483
13922 -438694.746229 0.000000 -3.259331 -1.491265
13919 -438694.746034 0.000000 -3.259136 -1.491070
19633 -438694.746099 0.000000 -3.259201 -1.491135
19630 -438694.746086 0.000000 -3.259188 -1.491122
19663 -438694.746082 0.000000 -3.259184 -1.491118
19660 -438694.746080 0.000000 -3.259182 -1.491116
19693 -438694.746080 0.000000 -3.259182 -1.491116
19690 -438694.746079 0.000000 -3.259181 -1.491115
19722 -438694.746079 0.000000 -3.259181 -1.491115
19719 -438694.746060 0.000000 -3.259162 -1.491096
19744 -438694.746061 0.000000 -3.259163 -1.491097
19741 -438694.745976 0.000000 -3.259078 -1.491012
20101 -438694.924197 0.000000 -3.437299 -1.669233
20114 -438694.924289 0.000000 -3.437391 -1.669325
20115 -438694.924333 0.000000 -3.437435 -1.669369
20121 -438694.925789 0.000000 -3.438891 -1.670825
20122 -438694.908563 0.000000 -3.421665 -1.653599
911 -438694.528421 0.000000 -3.041523 -1.273457
945 -438694.934697 0.000000 -3.447799 -1.679733
942 -438694.934196 0.000000 -3.447298 -1.679232
1391 -438694.156153 0.000000 -2.669255 -0.901189
1420 -438694.155647 0.000000 -2.668749 -0.900683
1421 -438694.155393 0.000000 -2.668495 -0.900429
1448 -438694.155264 0.000000 -2.668366 -0.900300
1449 -438694.155194 0.000000 -2.668296 -0.900230
1469 -438694.155154 0.000000 -2.668256 -0.900190
1470 -438694.155134 0.000000 -2.668236 -0.900170
1483 -438694.155128 0.000000 -2.668230 -0.900164
1484 -438694.155136 0.000000 -2.668237 -0.900172
1489 -438694.155161 0.000000 -2.668263 -0.900197
1490 -438694.155220 0.000000 -2.668322 -0.900256
7134 -438694.155347 0.000000 -2.668449 -0.900383
7135 -438694.155625 0.000000 -2.668727 -0.900661
7164 -438694.156154 0.000000 -2.669256 -0.901190
7165 -438694.154301 0.000000 -2.667403 -0.899337
7194 -438694.193297 0.000000 -2.706399 -0.938333
7195 -438694.528422 0.000000 -3.041523 -1.273458
7209 -438694.934697 0.000000 -3.447799 -1.679733
7210 -438694.934197 0.000000 -3.447298 -1.679233
7715 -438694.156153 0.000000 -2.669255 -0.901189
7728 -438694.155647 0.000000 -2.668749 -0.900683
7726 -438694.155393 0.000000 -2.668495 -0.900430
7740 -438694.155264 0.000000 -2.668366 -0.900300
7737 -438694.155194 0.000000 -2.668296 -0.900230
7744 -438694.155154 0.000000 -2.668256 -0.900190
7742 -438694.155134 0.000000 -2.668236 -0.900170
13564 -438694.155128 0.000000 -2.668230 -0.900164
13561 -438694.155135 0.000000 -2.668237 -0.900172
13596 -438694.155161 0.000000 -2.668263 -0.900197
13593 -438694.155220 0.000000 -2.668322 -0.900256
13628 -438694.155347 0.000000 -2.668449 -0.900383
13625 -438694.155625 0.000000 -2.668727 -0.900661
13656 -438694.156153 0.000000 -2.669255 -0.901189
13653 -438694.154301 0.000000 -2.667403 -0.899337
13676 -438694.193296 0.000000 -2.706398 -0.938332
13673 -438694.528421 0.000000 -3.041523 -1.273457
13688 -438694.934697 0.000000 -3.447799 -1.679733
13685 -438694.934196 0.000000 -3.447298 -1.679232
13933 -438694.156152 0.000000 -2.669254 -0.901188
13935 -438694.155646 0.000000 -2.668748 -0.900682
19797 -438694.155392 0.000000 -2.668493 -0.900428
19826 -438694.155262 0.000000 -2.668364 -0.900298
19827 -438694.155191 0.000000 -2.668292 -0.900227
19856 -438694.155149 0.000000 -2.668251 -0.900185
19857 -438694.155127 0.000000 -2.668229 -0.900163
19886 -438694.155117 0.000000 -2.668219 -0.900153
19887 -438694.155119 0.000000 -2.668221 -0.900155
19912 -438694.155131 0.000000 -2.668233 -0.900167
19913 -438694.155160 0.000000 -2.668262 -0.900196
19930 -438694.155219 0.000000 -2.668321 -0.900255
19931 -438694.155347 0.000000 -2.668449 -0.900383
19942 -438694.155626 0.000000 -2.668728 -0.900662
19943 -438694.156154 0.000000 -2.669256 -0.901190
19946 -438694.154301 0.000000 -2.667403 -0.899337
19947 -438694.193297 0.000000 -2.706399 -0.938333
1799 -438695.389497 0.000000 -3.902599 -2.134533
1800 -438694.953268 0.000000 -3.466370 -1.698304
1769 -438694.926950 0.000000 -3.440052 -1.671986
1770 -438694.926295 0.000000 -3.439397 -1.671331
1739 -438694.926073 0.000000 -3.439175 -1.671109
1740 -438694.926012 0.000000 -3.439114 -1.671048
1713 -438694.925986 0.000000 -3.439088 -1.671022
1714 -438694.925973 0.000000 -3.439074 -1.671009
1693 -438694.925965 0.000000 -3.439067 -1.671001
1694 -438694.925963 0.000000 -3.439065 -1.670999
1681 -438694.925964 0.000000 -3.439066 -1.671000
1682 -438694.925969 0.000000 -3.439071 -1.671005
1675 -438694.925974 0.000000 -3.439076 -1.671010
1676 -438694.925955 0.000000 -3.439057 -1.670991
8403 -438694.926020 0.000000 -3.439122 -1.671056
8404 -438694.926266 0.000000 -3.439368 -1.671302
8387 -438694.926946 0.000000 -3.440048 -1.671982
8388 -438694.953277 0.000000 -3.466378 -1.698313
8379 -438695.389633 0.000000 -3.902735 -2.134669
7809 -438695.389497 0.000000 -3.902599 -2.134533
7808 -438694.953268 0.000000 -3.466370 -1.698304
7786 -438694.926950 0.000000 -3.440052 -1.671987
7785 -438694.926295 0.000000 -3.439397 -1.671331
7769 -438694.926073 0.000000 -3.439175 -1.671109
7768 -438694.926012 0.000000 -3.439114 -1.671048
7759 -438694.925986 0.000000 -3.439088 -1.671022
7758 -438694.925973 0.000000 -3.439075 -1.671009
7756 -438694.925965 0.000000 -3.439067 -1.671002
14433 -438694.925963 0.000000 -3.439065 -1.670999
14403 -438694.925964 0.000000 -3.439066 -1.671000
14402 -438694.925969 0.000000 -3.439071 -1.671005
14371 -438694.925974 0.000000 -3.439076 -1.671010
14370 -438694.925955 0.000000 -3.439057 -1.670991
14339 -438694.926020 0.000000 -3.439122 -1.671056
14338 -438694.926265 0.000000 -3.439367 -1.671302
14313 -438694.926946 0.000000 -3.440048 -1.671982
14312 -438694.953276 0.000000 -3.466378 -1.698313
14297 -438695.389633 0.000000 -3.902735 -2.134669
13950 -438695.389497 0.000000 -3.902599 -2.134533
13951 -438694.953268 0.000000 -3.466370 -1.698304
13941 -438694.926950 0.000000 -3.440052 -1.671986
13942 -438694.926294 0.000000 -3.439396 -1.671331
13939 -438694.926073 0.000000 -3.439175 -1.671109
20552 -438694.925945 0.000000 -3.439047 -1.670981
20522 -438694.925986 0.000000 -3.439088 -1.671022
20523 -438694.925972 0.000000 -3.439074 -1.671008
20492 -438694.925943 0.000000 -3.439045 -1.670979
20493 -438694.925961 0.000000 -3.439063 -1.670997
20462 -438694.925940 0.000000 -3.439042 -1.670976
20463 -438694.925964 0.000000 -3.439066 -1.671000
20436 -438694.925938 0.000000 -3.439040 -1.670974
20437 -438694.925975 0.000000 -3.439077 -1.671011
20418 -438694.925977 0.000000 -3.439079 -1.671013
20419 -438694.926020 0.000000 -3.439122 -1.671056
20410 -438694.926266 0.000000 -3.439368 -1.671302
20411 -438694.926946 0.000000 -3.440048 -1.671982
20409 -438694.953277 0.000000 -3.466378 -1.698313
76127 -438695.389633 0.000000 -3.902735 -2.134669
1052 -438694.927674 0.000000 -3.440776 -1.672710
1053 -438694.923300 0.000000 -3.436402 -1.668336
1082 -438694.922817 0.000000 -3.435919 -1.667853
1083 -438694.926272 0.000000 -3.439374 -1.671308
1112 -438694.926233 0.000000 -3.439335 -1.671269
1113 -438694.926162 0.000000 -3.439264 -1.671198
1140 -438694.926161 0.000000 -3.439263 -1.671197
1141 -438694.934676 0.000000 -3.447778 -1.679712
1151 -438694.011357 0.000000 -2.524459 -0.756393
50684 -438694.923206 0.000000 -3.436308 -1.668242
50688 -438694.918132 0.000000 -3.431234 -1.663168
1551 -438694.927240 0.000000 -3.440342 -1.672276
1550 -438694.925885 0.000000 -3.438987 -1.670921
1552 -438694.925494 0.000000 -3.438596 -1.670530
7458 -438694.925429 0.000000 -3.438531 -1.670465
7492 -438694.925377 0.000000 -3.438479 -1.670413
7489 -438693.734173 0.000000 -2.247275 -0.479209
7524 -438693.741817 0.000000 -2.254919 -0.486853
7521 -438693.741765 0.000000 -2.254867 -0.486801
7555 -438694.927679 0.000000 -3.440781 -1.672715
7552 -438694.923304 0.000000 -3.436406 -1.668340
7579 -438694.922819 0.000000 -3.435921 -1.667855
7576 -438694.926273 0.000000 -3.439375 -1.671309
7597 -438694.926234 0.000000 -3.439336 -1.671270
7594 -438694.926162 0.000000 -3.439264 -1.671198
7607 -438694.926162 0.000000 -3.439264 -1.671198
7604 -438694.934677 0.000000 -3.447779 -1.679713
7611 -438694.011358 0.000000 -2.524460 -0.756394
57141 -438694.923206 0.000000 -3.436308 -1.668242
62825 -438694.918132 0.000000 -3.431234 -1.663168
13733 -438694.927240 0.000000 -3.440342 -1.672276
13734 -438694.925884 0.000000 -3.438986 -1.670921
13763 -438694.925493 0.000000 -3.438595 -1.670529
13764 -438694.925430 0.000000 -3.438532 -1.670466
13793 -438694.925378 0.000000 -3.438480 -1.670414
13794 -438694.925352 0.000000 -3.438454 -1.670388
13817 -438694.924708 0.000000 -3.437810 -1.669744
13818 -438694.924727 0.000000 -3.437829 -1.669763
13834 -438694.927679 0.000000 -3.440781 -1.672715
13835 -438694.931766 0.000000 -3.444868 -1.676802
13844 -438694.931263 0.000000 -3.444365 -1.676299
13845 -438694.934712 0.000000 -3.447814 -1.679748
13847 -438694.934659 0.000000 -3.447761 -1.679695
19488 -438694.934556 0.000000 -3.447658 -1.679592
19517 -438694.934513 0.000000 -3.447615 -1.679549
19518 -438694.934502 0.000000 -3.447604 -1.679538
19540 -438694.934522 0.000000 -3.447623 -1.679558
69073 -438694.925904 0.000000 -3.439006 -1.670940
69081 -438694.925864 0.000000 -3.438966 -1.670901
20086 -438694.925449 0.000000 -3.438551 -1.670485
20085 -438694.925452 0.000000 -3.438554 -1.670488
20102 -438694.925473 0.000000 -3.438575 -1.670509
20100 -438694.925507 0.000000 -3.438609 -1.670543
20116 -438694.925485 0.000000 -3.438587 -1.670522
20113 -438694.925383 0.000000 -3.438485 -1.670419
20123 -438694.933829 0.000000 -3.446931 -1.678865
20120 -438693.741817 0.000000 -2.254919 -0.486853
20124 -438694.933206 0.000000 -3.446308 -1.678242
44913 -438694.156025 0.000000 -2.669127 -0.901061
1994 -438692.973251 0.000000 -1.486353 0.281713
1963 -438694.156686 0.000000 -2.669788 -0.901722
1962 -438694.147679 0.000000 -2.660781 -0.892715
1931 -438694.156968 0.000000 -2.670070 -0.902004
1930 -438692.973493 0.000000 -1.486595 0.281471
1900 -438692.974099 0.000000 -1.487201 0.280865
1899 -438694.157481 0.000000 -2.670583 -0.902517
1876 -438694.157453 0.000000 -2.670555 -0.902489
1875 -438694.148531 0.000000 -2.661633 -0.893567
1860 -438694.156978 0.000000 -2.670080 -0.902015
1859 -438694.156972 0.000000 -2.670074 -0.902008
1559 -438694.162643 0.000000 -2.675745 -0.907679
1553 -438694.160893 0.000000 -2.673995 -0.905929
1554 -438694.160618 0.000000 -2.673720 -0.905654
8109 -438694.160480 0.000000 -2.673582 -0.905516
8110 -438694.160537 0.000000 -2.673639 -0.905573
8079 -438692.977318 0.000000 -1.490420 0.277646
8080 -438692.974951 0.000000 -1.488053 0.280013
8049 -438694.156033 0.000000 -2.669135 -0.901069
8050 -438694.164948 0.000000 -2.678050 -0.909984
8020 -438694.156692 0.000000 -2.669794 -0.901728
8021 -438694.147684 0.000000 -2.660786 -0.892720
7998 -438694.156973 0.000000 -2.670075 -0.902009
7999 -438692.973503 0.000000 -1.486605 0.281461
7984 -438692.974108 0.000000 -1.487210 0.280856
7985 -438694.157483 0.000000 -2.670585 -0.902519
7977 -438694.157455 0.000000 -2.670557 -0.902491
7978 -438694.148533 0.000000 -2.661634 -0.893569
7976 -438694.156980 0.000000 -2.670082 -0.902016
14648 -438694.156973 0.000000 -2.670075 -0.902009
14097 -438694.162644 0.000000 -2.675746 -0.907680
14074 -438694.160893 0.000000 -2.673995 -0.905929
14073 -438694.160618 0.000000 -2.673720 -0.905655
14043 -438694.160479 0.000000 -2.673581 -0.905515
14042 -438694.160535 0.000000 -2.673637 -0.905571
14015 -438694.160035 0.000000 -2.673137 -0.905071
14014 -438694.157953 0.000000 -2.671054 -0.902989
13995 -438694.156031 0.000000 -2.669133 -0.901068
13994 -438694.156458 0.000000 -2.669560 -0.901494
13983 -438694.156671 0.000000 -2.669773 -0.901707
13982 -438694.156125 0.000000 -2.669227 -0.901161
13979 -438694.156922 0.000000 -2.670024 -0.901958
13978 -438694.157301 0.000000 -2.670403 -0.902337
20702 -438694.157425 0.000000 -2.670527 -0.902461
20701 -438694.157444 0.000000 -2.670546 -0.902480
20670 -438694.157426 0.000000 -2.670528 -0.902463
20669 -438694.148511 0.000000 -2.661613 -0.893547
20638 -438694.157326 0.000000 -2.670428 -0.902362
20637 -438694.156936 0.000000 -2.670038 -0.901972
69736 -438694.168033 0.000000 -2.681135 -0.913069
20178 -438694.160614 0.000000 -2.673716 -0.905651
20179 -438694.160519 0.000000 -2.673621 -0.905556
20160 -438694.160436 0.000000 -2.673538 -0.905472
20161 -438694.160386 0.000000 -2.673487 -0.905422
20150 -438694.160488 0.000000 -2.673590 -0.905524
20151 -438692.977058 0.000000 -1.490160 0.277906
20146 -438692.974939 0.000000 -1.488041 0.280025
44999 -438694.734069 0.000000 -3.247171 -1.479105
2244 -438694.371479 0.000000 -2.884581 -1.116515
2245 -438695.116554 0.000000 -3.629656 -1.861590
2236 -438695.142547 0.000000 -3.655649 -1.887583
1660 -438694.746681 0.000000 -3.259783 -1.491717
1659 -438694.746621 0.000000 -3.259723 -1.491657
1630 -438693.555317 0.000000 -2.068419 -0.300353
1629 -438694.755161 0.000000 -3.268263 -1.500197
1606 -438694.755090 0.000000 -3.268192 -1.500126
1605 -438694.748498 0.000000 -3.261600 -1.493534
1590 -438694.748509 0.000000 -3.261610 -1.493545
1589 -438694.746816 0.000000 -3.259918 -1.491852
1582 -438694.746566 0.000000 -3.259668 -1.491602
1581 -438694.746650 0.000000 -3.259752 -1.491686
1579 -438694.746769 0.000000 -3.259871 -1.491805
8300 -438694.746813 0.000000 -3.259915 -1.491849
8270 -438694.755383 0.000000 -3.268485 -1.500419
8269 -438694.746254 0.000000 -3.259356 -1.491290
8238 -438694.746064 0.000000 -3.259166 -1.491100
8237 -438694.734069 0.000000 -3.247171 -1.479105
8207 -438694.371483 0.000000 -2.884585 -1.116519
8206 -438695.125018 0.000000 -3.638120 -1.870054
8186 -438695.142540 0.000000 -3.655642 -1.887576
7784 -438694.746680 0.000000 -3.259782 -1.491716
7787 -438694.746620 0.000000 -3.259722 -1.491656
7767 -438694.746503 0.000000 -3.259605 -1.491539
7770 -438694.755107 0.000000 -3.268209 -1.500144
7757 -438694.755090 0.000000 -3.268192 -1.500127
7760 -438694.748499 0.000000 -3.261601 -1.493535
7755 -438694.748509 0.000000 -3.261611 -1.493545
14434 -438694.746816 0.000000 -3.259918 -1.491852
14401 -438694.746566 0.000000 -3.259668 -1.491602
14404 -438694.746650 0.000000 -3.259752 -1.491686
14369 -438694.746767 0.000000 -3.259869 -1.491803
14372 -438694.746812 0.000000 -3.259914 -1.491848
14337 -438694.746907 0.000000 -3.260009 -1.491943
14340 -438694.746243 0.000000 -3.259345 -1.491279
14311 -438694.737580 0.000000 -3.250682 -1.482616
14314 -438694.734066 0.000000 -3.247168 -1.479102
14296 -438694.371462 0.000000 -2.884564 -1.116498
14298 -438695.116547 0.000000 -3.629649 -1.861583
14293 -438695.142542 0.000000 -3.655644 -1.887578
63469 -438695.141986 0.000000 -3.655088 -1.887022
13936 -438694.746433 0.000000 -3.259535 -1.491469
20373 -438694.746691 0.000000 -3.259793 -1.491727
20372 -438694.748431 0.000000 -3.261533 -1.493467
20342 -438694.748323 0.000000 -3.261425 -1.493359
20341 -438694.746217 0.000000 -3.259319 -1.491253
20310 -438694.746536 0.000000 -3.259638 -1.491572
20309 -438694.746752 0.000000 -3.259854 -1.491788
20281 -438694.746739 0.000000 -3.259841 -1.491775
20280 -438694.746796 0.000000 -3.259898 -1.491832
20259 -438694.746827 0.000000 -3.259929 -1.491863
20258 -438694.746857 0.000000 -3.259959 -1.491893
20244 -438694.746864 0.000000 -3.259966 -1.491900
20243 -438694.755416 0.000000 -3.268518 -1.500452
20236 -438694.746269 0.000000 -3.259371 -1.491306
20235 -438694.746065 0.000000 -3.259167 -1.491102
1993 -438694.094476 0.000000 -2.607578 -0.839512
1995 -438694.101213 0.000000 -2.614315 -0.846250
1961 -438694.092451 0.000000 -2.605553 -0.837487
1964 -438694.100575 0.000000 -2.613677 -0.845611
1929 -438694.100892 0.000000 -2.613994 -0.845928
1932 -438692.909584 0.000000 -1.422686 0.345380
1898 -438694.092674 0.000000 -2.605776 -0.837710
1901 -438694.092681 0.000000 -2.605783 -0.837717
1874 -438694.083993 0.000000 -2.597095 -0.829029
1877 -438694.092439 0.000000 -2.605541 -0.837475
1858 -438694.101972 0.000000 -2.615074 -0.847008
1861 -438694.092446 0.000000 -2.605548 -0.837482
1855 -438694.084012 0.000000 -2.597114 -0.829048
1856 -438694.101354 0.000000 -2.614456 -0.846390
7968 -438693.986600 0.000000 -2.499702 -0.731636
7946 -438693.986486 0.000000 -2.499588 -0.731522
7945 -438693.984634 0.000000 -2.497736 -0.729670
7917 -438693.988560 0.000000 -2.501662 -0.733596
7916 -438694.076683 0.000000 -2.589785 -0.821719
7887 -438692.911301 0.000000 -1.424403 0.343663
7886 -438694.101219 0.000000 -2.614321 -0.846255
7861 -438694.092455 0.000000 -2.605557 -0.837491
7860 -438692.908606 0.000000 -1.421708 0.346358
7842 -438692.908978 0.000000 -1.422080 0.345986
7841 -438692.909594 0.000000 -1.422696 0.345370
7830 -438694.092677 0.000000 -2.605779 -0.837713
7829 -438694.092683 0.000000 -2.605785 -0.837719
7826 -438694.083995 0.000000 -2.597097 -0.829031
7825 -438694.092441 0.000000 -2.605543 -0.837477
14561 -438694.101974 0.000000 -2.615076 -0.847010
14560 -438694.092447 0.000000 -2.605549 -0.837483
14531 -438694.084014 0.000000 -2.597116 -0.829050
14530 -438694.101356 0.000000 -2.614458 -0.846392
63607 -438694.092774 0.000000 -2.605876 -0.837810
14041 -438693.986484 0.000000 -2.499586 -0.731520
14044 -438693.984630 0.000000 -2.497732 -0.729666
14013 -438693.988555 0.000000 -2.501657 -0.733591
14016 -438694.076681 0.000000 -2.589783 -0.821717
13993 -438694.094471 0.000000 -2.607573 -0.839507
13996 -438694.092727 0.000000 -2.605829 -0.837763
13981 -438694.092432 0.000000 -2.605534 -0.837468
13984 -438694.092073 0.000000 -2.605175 -0.837109
13977 -438694.092375 0.000000 -2.605477 -0.837411
20732 -438694.092566 0.000000 -2.605668 -0.837602
20700 -438694.092638 0.000000 -2.605740 -0.837674
20703 -438694.092659 0.000000 -2.605761 -0.837695
20668 -438694.092445 0.000000 -2.605547 -0.837481
20671 -438694.092576 0.000000 -2.605678 -0.837612
20636 -438694.092400 0.000000 -2.605502 -0.837436
20639 -438694.092401 0.000000 -2.605503 -0.837437
20623 -438694.092598 0.000000 -2.605700 -0.837634
20624 -438694.092677 0.000000 -2.605778 -0.837713
20618 -438694.092736 0.000000 -2.605838 -0.837772
20138 -438693.986437 0.000000 -2.499539 -0.731473
20137 -438693.986412 0.000000 -2.499514 -0.731448
20131 -438693.984597 0.000000 -2.497699 -0.729633
20130 -438693.997014 0.000000 -2.510116 -0.742051
20128 -438694.093620 0.000000 -2.606722 -0.838656
2165 -438693.934162 0.000000 -2.447264 -0.679198
2136 -438693.855717 0.000000 -2.368819 -0.600753
2135 -438693.826734 0.000000 -2.339835 -0.571770
2106 -438693.822924 0.000000 -2.336026 -0.567960
2105 -438693.821615 0.000000 -2.334717 -0.566651
2083 -438693.812749 0.000000 -2.325851 -0.557785
1628 -438693.987740 0.000000 -2.500842 -0.732776
1631 -438693.988661 0.000000 -2.501763 -0.733697
1604 -438693.984233 0.000000 -2.497335 -0.729270
1607 -438693.983916 0.000000 -2.497018 -0.728952
1588 -438693.987616 0.000000 -2.500718 -0.732652
1591 -438693.995645 0.000000 -2.508747 -0.740681
1580 -438693.987593 0.000000 -2.500695 -0.732629
1583 -438693.987109 0.000000 -2.500211 -0.732145
1578 -438693.986848 0.000000 -2.499949 -0.731884
8301 -438693.986477 0.000000 -2.499579 -0.731514
8268 -438693.979217 0.000000 -2.492319 -0.724253
8271 -438692.806548 0.000000 -1.319650 0.448416
8236 -438693.979948 0.000000 -2.493050 -0.724984
8239 -438693.934162 0.000000 -2.447264 -0.679199
8205 -438693.855715 0.000000 -2.368817 -0.600752
8208 -438693.826730 0.000000 -2.339832 -0.571767
8185 -438693.822921 0.000000 -2.336023 -0.567957
8187 -438693.821613 0.000000 -2.334715 -0.566649
8180 -438693.812748 0.000000 -2.325850 -0.557784
57281 -438693.821139 0.000000 -2.334241 -0.566175
7748 -438693.988661 0.000000 -2.501763 -0.733697
7746 -438693.984233 0.000000 -2.497335 -0.729269
7745 -438692.792763 0.000000 -1.305865 0.462201
14236 -438693.987616 0.000000 -2.500718 -0.732652
14235 -438693.995724 0.000000 -2.508826 -0.740760
14206 -438693.987594 0.000000 -2.500696 -0.732630
14205 -438693.987111 0.000000 -2.500213 -0.732147
14176 -438693.986852 0.000000 -2.499954 -0.731888
14175 -438693.986483 0.000000 -2.499585 -0.731519
14148 -438693.987695 0.000000 -2.500797 -0.732731
14147 -438693.989090 0.000000 -2.502192 -0.734126
14128 -438693.979921 0.000000 -2.493023 -0.724957
14127 -438693.942614 0.000000 -2.455716 -0.687651
14114 -438693.855706 0.000000 -2.368808 -0.600742
14113 -438693.826703 0.000000 -2.339805 -0.571739
14108 -438693.822974 0.000000 -2.336076 -0.568010
14107 -438693.821735 0.000000 -2.334837 -0.566771
14105 -438693.821469 0.000000 -2.334571 -0.566505
20811 -438693.821241 0.000000 -2.334343 -0.566277
20374 -438693.983973 0.000000 -2.497075 -0.729009
20340 -438693.984207 0.000000 -2.497309 -0.729243
20343 -438693.988547 0.000000 -2.501649 -0.733583
20308 -438693.987582 0.000000 -2.500684 -0.732618
20311 -438693.987143 0.000000 -2.500245 -0.732179
20279 -438693.987028 0.000000 -2.500130 -0.732064
20282 -438693.987003 0.000000 -2.500104 -0.732039
20257 -438693.986964 0.000000 -2.500066 -0.732000
20260 -438693.986831 0.000000 -2.499933 -0.731867
20242 -438693.986480 0.000000 -2.499582 -0.731517
20245 -438693.987682 0.000000 -2.500784 -0.732718
20234 -438693.997539 0.000000 -2.510641 -0.742575
20237 -438693.979948 0.000000 -2.493050 -0.724984
1830 -438693.980930 0.000000 -2.494032 -0.725966
1803 -438693.996345 0.000000 -2.509447 -0.741382
1802 -438694.003729 0.000000 -2.516831 -0.748765
1773 -438692.812148 0.000000 -1.325250 0.442816
1772 -438694.003056 0.000000 -2.516158 -0.748092
1743 -438694.003097 0.000000 -2.516199 -0.748133
1742 -438694.003269 0.000000 -2.516371 -0.748305
1717 -438694.003480 0.000000 -2.516582 -0.748516
1716 -438693.994948 0.000000 -2.508050 -0.739984
1697 -438692.820826 0.000000 -1.333928 0.434138
1696 -438693.994996 0.000000 -2.508098 -0.740032
1685 -438693.994903 0.000000 -2.508005 -0.739939
1684 -438694.003349 0.000000 -2.516451 -0.748385
1679 -438693.994893 0.000000 -2.507995 -0.739929
1678 -438694.003368 0.000000 -2.516470 -0.748404
8407 -438694.011825 0.000000 -2.524927 -0.756861
8406 -438694.003390 0.000000 -2.516492 -0.748426
7947 -438693.444587 0.000000 -1.957689 -0.189623
7915 -438693.797782 0.000000 -2.310884 -0.542818
7918 -438693.980946 0.000000 -2.494048 -0.725982
7885 -438694.004817 0.000000 -2.517919 -0.749853
7888 -438694.003729 0.000000 -2.516831 -0.748765
7859 -438694.003345 0.000000 -2.516447 -0.748381
7862 -438694.003057 0.000000 -2.516159 -0.748093
7840 -438694.003099 0.000000 -2.516201 -0.748135
7843 -438694.003271 0.000000 -2.516373 -0.748307
7828 -438694.003481 0.000000 -2.516583 -0.748518
7831 -438693.994950 0.000000 -2.508052 -0.739986
7824 -438694.012014 0.000000 -2.525116 -0.757050
14589 -438693.994996 0.000000 -2.508098 -0.740032
14559 -438693.994903 0.000000 -2.508005 -0.739939
14562 -438694.003349 0.000000 -2.516451 -0.748385
14529 -438693.994893 0.000000 -2.507995 -0.739929
14532 -438694.003369 0.000000 -2.516471 -0.748405
14515 -438694.003349 0.000000 -2.516451 -0.748385
14516 -438694.003372 0.000000 -2.516474 -0.748408
14508 -438694.004205 0.000000 -2.517307 -0.749241
13967 -438693.797785 0.000000 -2.310887 -0.542821
13966 -438693.980930 0.000000 -2.494032 -0.725966
13954 -438694.004785 0.000000 -2.517887 -0.749821
13953 -438694.003686 0.000000 -2.516788 -0.748722
13945 -438694.003321 0.000000 -2.516423 -0.748357
13944 -438694.003121 0.000000 -2.516223 -0.748157
13940 -438694.003288 0.000000 -2.516390 -0.748324
20554 -438694.003218 0.000000 -2.516320 -0.748254
20526 -438694.003232 0.000000 -2.516334 -0.748268
20525 -438694.003403 0.000000 -2.516505 -0.748439
20496 -438694.003298 0.000000 -2.516400 -0.748334
20495 -438694.003248 0.000000 -2.516350 -0.748284
20466 -438694.003260 0.000000 -2.516362 -0.748296
20465 -438694.003325 0.000000 -2.516427 -0.748361
20440 -438694.003453 0.000000 -2.516555 -0.748489
20439 -438694.003532 0.000000 -2.516634 -0.748568
20422 -438694.003525 0.000000 -2.516627 -0.748561
20421 -438692.820555 0.000000 -1.333657 0.434409
20413 -438694.003404 0.000000 -2.516506 -0.748441
20129 -438693.436100 0.000000 -1.949202 -0.181136
20132 -438693.797772 0.000000 -2.310874 -0.542808
2260 -438693.831736 0.000000 -2.344838 -0.576772
1831 -438693.770156 0.000000 -2.283258 -0.515192
1801 -438693.781423 0.000000 -2.294525 -0.526459
1804 -438693.780685 0.000000 -2.293787 -0.525721
1771 -438693.772060 0.000000 -2.285162 -0.517096
1774 -438693.780572 0.000000 -2.293674 -0.525608
1741 -438693.772111 0.000000 -2.285213 -0.517147
1744 -438693.780134 0.000000 -2.293236 -0.525170
1715 -438693.780414 0.000000 -2.293516 -0.525450
1718 -438693.780604 0.000000 -2.293706 -0.525640
1695 -438693.780292 0.000000 -2.293394 -0.525328
1698 -438693.771439 0.000000 -2.284541 -0.516475
1683 -438693.780295 0.000000 -2.293397 -0.525331
1686 -438693.771891 0.000000 -2.284993 -0.516927
1677 -438692.597936 0.000000 -1.111038 0.657028
8433 -438693.772351 0.000000 -2.285453 -0.517387
8405 -438692.589982 0.000000 -1.103084 0.664982
8408 -438693.782108 0.000000 -2.295210 -0.527144
8389 -438693.779212 0.000000 -2.292314 -0.524248
8390 -438693.831751 0.000000 -2.344853 -0.576787
8380 -438693.393499 0.000000 -1.906601 -0.138535
7811 -438693.781431 0.000000 -2.294533 -0.526467
7810 -438693.780690 0.000000 -2.293792 -0.525726
7790 -438693.780536 0.000000 -2.293638 -0.525572
7789 -438693.780576 0.000000 -2.293678 -0.525612
7773 -438693.772113 0.000000 -2.285215 -0.517149
7772 -438693.780136 0.000000 -2.293237 -0.525172
7763 -438693.771944 0.000000 -2.285046 -0.516980
7762 -438693.780606 0.000000 -2.293708 -0.525642
14437 -438693.780294 0.000000 -2.293396 -0.525330
14436 -438693.771441 0.000000 -2.284543 -0.516477
14407 -438693.780296 0.000000 -2.293398 -0.525332
14406 -438693.780366 0.000000 -2.293468 -0.525402
14375 -438692.597941 0.000000 -1.111043 0.657023
14374 -438693.772353 0.000000 -2.285455 -0.517390
14343 -438693.781309 0.000000 -2.294411 -0.526345
14342 -438693.773641 0.000000 -2.286743 -0.518677
14317 -438692.587931 0.000000 -1.101033 0.667033
14316 -438693.831753 0.000000 -2.344855 -0.576789
14300 -438693.385023 0.000000 -1.898125 -0.130059
13952 -438693.781487 0.000000 -2.294589 -0.526523
13955 -438693.780756 0.000000 -2.293858 -0.525792
13943 -438693.780532 0.000000 -2.293634 -0.525568
13946 -438693.780139 0.000000 -2.293241 -0.525175
20553 -438693.780541 0.000000 -2.293643 -0.525577
20555 -438693.780745 0.000000 -2.293847 -0.525781
20524 -438693.780410 0.000000 -2.293512 -0.525446
20527 -438693.780003 0.000000 -2.293105 -0.525039
20494 -438693.780361 0.000000 -2.293463 -0.525397
20497 -438693.771910 0.000000 -2.285012 -0.516946
20464 -438693.771873 0.000000 -2.284975 -0.516909
20467 -438693.771840 0.000000 -2.284942 -0.516876
20438 -438693.780302 0.000000 -2.293404 -0.525339
20441 -438693.771898 0.000000 -2.285000 -0.516934
20420 -438693.772257 0.000000 -2.285359 -0.517293
20423 -438693.781227 0.000000 -2.294329 -0.526263
20412 -438693.790540 0.000000 -2.303642 -0.535576
20414 -438693.779192 0.000000 -2.292294 -0.524228
