#ID      EIGB 	      EIPGB 	   GBbin        GBseg
1023 -439627.827206 0.000000 -3.398647 -1.637467
1049 -439627.827206 0.000000 -3.398647 -1.637467
1050 -439627.827206 0.000000 -3.398647 -1.637467
1079 -439627.827206 0.000000 -3.398647 -1.637467
1080 -439627.827206 0.000000 -3.398647 -1.637467
1109 -439627.827206 0.000000 -3.398647 -1.637467
1110 -439627.827206 0.000000 -3.398647 -1.637467
1137 -439627.827206 0.000000 -3.398647 -1.637467
1138 -439627.827206 0.000000 -3.398647 -1.637467
1149 -439627.827206 0.000000 -3.398647 -1.637467
1150 -439627.827206 0.000000 -3.398647 -1.637467
1155 -439627.827206 0.000000 -3.398647 -1.637467
1549 -439627.827206 0.000000 -3.398647 -1.637467
1548 -439627.827206 0.000000 -3.398647 -1.637467
7457 -439627.827206 0.000000 -3.398647 -1.637467
7454 -439627.827206 0.000000 -3.398647 -1.637467
7488 -439627.827206 0.000000 -3.398647 -1.637467
7485 -439627.827206 0.000000 -3.398647 -1.637467
7520 -439627.827206 0.000000 -3.398647 -1.637467
7517 -439627.827206 0.000000 -3.398647 -1.637467
7551 -439627.827206 0.000000 -3.398647 -1.637467
7548 -439627.827206 0.000000 -3.398647 -1.637467
7575 -439627.827206 0.000000 -3.398647 -1.637467
7572 -439627.827206 0.000000 -3.398647 -1.637467
7593 -439627.827206 0.000000 -3.398647 -1.637467
7590 -439627.827206 0.000000 -3.398647 -1.637467
7603 -439627.827206 0.000000 -3.398647 -1.637467
7600 -439627.827206 0.000000 -3.398647 -1.637467
7608 -439627.827206 0.000000 -3.398647 -1.637467
13266 -439627.827206 0.000000 -3.398647 -1.637467
13290 -439627.827206 0.000000 -3.398647 -1.637467
13730 -439627.827206 0.000000 -3.398647 -1.637467
13731 -439627.827206 0.000000 -3.398647 -1.637467
13760 -439627.827206 0.000000 -3.398647 -1.637467
13761 -439627.827206 0.000000 -3.398647 -1.637467
13790 -439627.827206 0.000000 -3.398647 -1.637467
13791 -439627.827206 0.000000 -3.398647 -1.637467
13814 -439627.827206 0.000000 -3.398647 -1.637467
13815 -439627.827206 0.000000 -3.398647 -1.637467
13831 -439627.827206 0.000000 -3.398647 -1.637467
13832 -439627.827206 0.000000 -3.398647 -1.637467
13841 -439627.827206 0.000000 -3.398647 -1.637467
13842 -439627.827206 0.000000 -3.398647 -1.637467
19486 -439627.827206 0.000000 -3.398647 -1.637467
19487 -439627.827206 0.000000 -3.398647 -1.637467
19514 -439627.827206 0.000000 -3.398647 -1.637467
19515 -439627.827206 0.000000 -3.398647 -1.637467
19537 -439627.827206 0.000000 -3.398647 -1.637467
19538 -439627.827206 0.000000 -3.398647 -1.637467
19548 -439627.827206 0.000000 -3.398647 -1.637467
69616 -439627.827206 0.000000 -3.398647 -1.637467
20083 -439627.827206 0.000000 -3.398647 -1.637467
20099 -439627.827206 0.000000 -3.398647 -1.637467
20097 -439627.827206 0.000000 -3.398647 -1.637467
20112 -439627.827206 0.000000 -3.398647 -1.637467
20109 -439627.827206 0.000000 -3.398647 -1.637467
20119 -439627.827206 0.000000 -3.398647 -1.637467
20117 -439627.827206 0.000000 -3.398647 -1.637467
1051 -439627.942808 0.000000 -3.514249 -1.753069
1048 -439627.942808 0.000000 -3.514249 -1.753069
1081 -439627.942808 0.000000 -3.514249 -1.753069
1078 -439627.942808 0.000000 -3.514249 -1.753069
1111 -439627.942808 0.000000 -3.514249 -1.753069
1108 -439627.942808 0.000000 -3.514249 -1.753069
1139 -439627.942808 0.000000 -3.514249 -1.753069
1136 -439627.942808 0.000000 -3.514249 -1.753069
51047 -439627.942808 0.000000 -3.514249 -1.753069
1531 -439627.942808 0.000000 -3.514249 -1.753069
1532 -439627.942808 0.000000 -3.514249 -1.753069
1541 -439627.942808 0.000000 -3.514249 -1.753069
1542 -439627.942808 0.000000 -3.514249 -1.753069
1545 -439627.942808 0.000000 -3.514249 -1.753069
7275 -439627.942808 0.000000 -3.514249 -1.753069
7303 -439627.942808 0.000000 -3.514249 -1.753069
7304 -439627.942808 0.000000 -3.514249 -1.753069
7333 -439627.942808 0.000000 -3.514249 -1.753069
7334 -439627.942808 0.000000 -3.514249 -1.753069
7363 -439627.942808 0.000000 -3.514249 -1.753069
7364 -439627.942808 0.000000 -3.514249 -1.753069
7390 -439627.942808 0.000000 -3.514249 -1.753069
7391 -439627.942808 0.000000 -3.514249 -1.753069
7410 -439627.942808 0.000000 -3.514249 -1.753069
7411 -439627.942808 0.000000 -3.514249 -1.753069
7416 -439627.942808 0.000000 -3.514249 -1.753069
7417 -439627.942808 0.000000 -3.514249 -1.753069
7418 -439627.942808 0.000000 -3.514249 -1.753069
13704 -439627.942808 0.000000 -3.514249 -1.753069
13703 -439627.942808 0.000000 -3.514249 -1.753069
13732 -439627.942808 0.000000 -3.514249 -1.753069
13729 -439627.942808 0.000000 -3.514249 -1.753069
13762 -439627.942808 0.000000 -3.514249 -1.753069
13759 -439627.942808 0.000000 -3.514249 -1.753069
13792 -439627.942808 0.000000 -3.514249 -1.753069
13789 -439627.942808 0.000000 -3.514249 -1.753069
13816 -439627.942808 0.000000 -3.514249 -1.753069
13813 -439627.942808 0.000000 -3.514249 -1.753069
13833 -439627.942808 0.000000 -3.514249 -1.753069
13830 -439627.942808 0.000000 -3.514249 -1.753069
13843 -439627.942808 0.000000 -3.514249 -1.753069
13840 -439627.942808 0.000000 -3.514249 -1.753069
13846 -439627.942808 0.000000 -3.514249 -1.753069
19485 -439627.942808 0.000000 -3.514249 -1.753069
19516 -439627.942808 0.000000 -3.514249 -1.753069
19513 -439627.942808 0.000000 -3.514249 -1.753069
19539 -439627.942808 0.000000 -3.514249 -1.753069
19991 -439627.942808 0.000000 -3.514249 -1.753069
19992 -439627.942808 0.000000 -3.514249 -1.753069
20020 -439627.942808 0.000000 -3.514249 -1.753069
20021 -439627.942808 0.000000 -3.514249 -1.753069
20044 -439627.942808 0.000000 -3.514249 -1.753069
20045 -439627.942808 0.000000 -3.514249 -1.753069
20060 -439627.942808 0.000000 -3.514249 -1.753069
20061 -439627.942808 0.000000 -3.514249 -1.753069
20068 -439627.942808 0.000000 -3.514249 -1.753069
20069 -439627.942808 0.000000 -3.514249 -1.753069
25788 -439627.942808 0.000000 -3.514249 -1.753069
1213 -439627.886985 0.000000 -3.458426 -1.697246
1214 -439627.886985 0.000000 -3.458426 -1.697246
1242 -439627.886985 0.000000 -3.458426 -1.697246
1243 -439627.886985 0.000000 -3.458426 -1.697246
1272 -439627.886985 0.000000 -3.458426 -1.697246
1273 -439627.886985 0.000000 -3.458426 -1.697246
1302 -439627.886985 0.000000 -3.458426 -1.697246
1303 -439627.886985 0.000000 -3.458426 -1.697246
1326 -439627.886985 0.000000 -3.458426 -1.697246
1327 -439627.886985 0.000000 -3.458426 -1.697246
1342 -439627.886985 0.000000 -3.458426 -1.697246
1343 -439627.886985 0.000000 -3.458426 -1.697246
1351 -439627.886985 0.000000 -3.458426 -1.697246
1352 -439627.886985 0.000000 -3.458426 -1.697246
1354 -439627.886985 0.000000 -3.458426 -1.697246
7047 -439627.886985 0.000000 -3.458426 -1.697246
7054 -439627.886985 0.000000 -3.458426 -1.697246
57157 -439627.886985 0.000000 -3.458426 -1.697246
7624 -439627.886985 0.000000 -3.458426 -1.697246
7646 -439627.886985 0.000000 -3.458426 -1.697246
7644 -439627.886985 0.000000 -3.458426 -1.697246
7673 -439627.886985 0.000000 -3.458426 -1.697246
7670 -439627.886985 0.000000 -3.458426 -1.697246
7693 -439627.886985 0.000000 -3.458426 -1.697246
7690 -439627.886985 0.000000 -3.458426 -1.697246
7705 -439627.886985 0.000000 -3.458426 -1.697246
7702 -439627.886985 0.000000 -3.458426 -1.697246
7709 -439627.886985 0.000000 -3.458426 -1.697246
7707 -439627.886985 0.000000 -3.458426 -1.697246
13378 -439627.886985 0.000000 -3.458426 -1.697246
13375 -439627.886985 0.000000 -3.458426 -1.697246
13406 -439627.886985 0.000000 -3.458426 -1.697246
13403 -439627.886985 0.000000 -3.458426 -1.697246
13434 -439627.886985 0.000000 -3.458426 -1.697246
13431 -439627.886985 0.000000 -3.458426 -1.697246
13461 -439627.886985 0.000000 -3.458426 -1.697246
13458 -439627.886985 0.000000 -3.458426 -1.697246
13883 -439627.886985 0.000000 -3.458426 -1.697246
13902 -439627.886985 0.000000 -3.458426 -1.697246
13903 -439627.886985 0.000000 -3.458426 -1.697246
13914 -439627.886985 0.000000 -3.458426 -1.697246
13915 -439627.886985 0.000000 -3.458426 -1.697246
13920 -439627.886985 0.000000 -3.458426 -1.697246
13921 -439627.886985 0.000000 -3.458426 -1.697246
19631 -439627.886985 0.000000 -3.458426 -1.697246
19632 -439627.886985 0.000000 -3.458426 -1.697246
19661 -439627.886985 0.000000 -3.458426 -1.697246
19662 -439627.886985 0.000000 -3.458426 -1.697246
19691 -439627.886985 0.000000 -3.458426 -1.697246
19692 -439627.886985 0.000000 -3.458426 -1.697246
19720 -439627.886985 0.000000 -3.458426 -1.697246
19721 -439627.886985 0.000000 -3.458426 -1.697246
19742 -439627.886985 0.000000 -3.458426 -1.697246
19743 -439627.886985 0.000000 -3.458426 -1.697246
19750 -439627.886985 0.000000 -3.458426 -1.697246
19751 -439627.886985 0.000000 -3.458426 -1.697246
20126 -439627.886985 0.000000 -3.458426 -1.697246
20127 -439627.886985 0.000000 -3.458426 -1.697246
912 -439627.972750 0.000000 -3.544191 -1.783011
913 -439627.972750 0.000000 -3.544191 -1.783011
943 -439627.972750 0.000000 -3.544191 -1.783011
944 -439627.972750 0.000000 -3.544191 -1.783011
960 -439627.972750 0.000000 -3.544191 -1.783011
961 -439627.972750 0.000000 -3.544191 -1.783011
1498 -439627.972750 0.000000 -3.544191 -1.783011
1516 -439627.972750 0.000000 -3.544191 -1.783011
1514 -439627.972750 0.000000 -3.544191 -1.783011
1533 -439627.972750 0.000000 -3.544191 -1.783011
1530 -439627.972750 0.000000 -3.544191 -1.783011
1543 -439627.972750 0.000000 -3.544191 -1.783011
1540 -439627.972750 0.000000 -3.544191 -1.783011
1546 -439627.972750 0.000000 -3.544191 -1.783011
1544 -439627.972750 0.000000 -3.544191 -1.783011
7305 -439627.972750 0.000000 -3.544191 -1.783011
7302 -439627.972750 0.000000 -3.544191 -1.783011
7335 -439627.972750 0.000000 -3.544191 -1.783011
7332 -439627.972750 0.000000 -3.544191 -1.783011
7365 -439627.972750 0.000000 -3.544191 -1.783011
7362 -439627.972750 0.000000 -3.544191 -1.783011
7392 -439627.972750 0.000000 -3.544191 -1.783011
7389 -439627.972750 0.000000 -3.544191 -1.783011
7412 -439627.972750 0.000000 -3.544191 -1.783011
7409 -439627.972750 0.000000 -3.544191 -1.783011
7727 -439627.972750 0.000000 -3.544191 -1.783011
7738 -439627.972750 0.000000 -3.544191 -1.783011
7739 -439627.972750 0.000000 -3.544191 -1.783011
7743 -439627.972750 0.000000 -3.544191 -1.783011
13532 -439627.972750 0.000000 -3.544191 -1.783011
13562 -439627.972750 0.000000 -3.544191 -1.783011
13563 -439627.972750 0.000000 -3.544191 -1.783011
13594 -439627.972750 0.000000 -3.544191 -1.783011
13595 -439627.972750 0.000000 -3.544191 -1.783011
13626 -439627.972750 0.000000 -3.544191 -1.783011
13627 -439627.972750 0.000000 -3.544191 -1.783011
13654 -439627.972750 0.000000 -3.544191 -1.783011
13655 -439627.972750 0.000000 -3.544191 -1.783011
13674 -439627.972750 0.000000 -3.544191 -1.783011
13675 -439627.972750 0.000000 -3.544191 -1.783011
13686 -439627.972750 0.000000 -3.544191 -1.783011
13687 -439627.972750 0.000000 -3.544191 -1.783011
13689 -439627.972750 0.000000 -3.544191 -1.783011
13690 -439627.972750 0.000000 -3.544191 -1.783011
19421 -439627.972750 0.000000 -3.544191 -1.783011
19963 -439627.972750 0.000000 -3.544191 -1.783011
19962 -439627.972750 0.000000 -3.544191 -1.783011
19993 -439627.972750 0.000000 -3.544191 -1.783011
19990 -439627.972750 0.000000 -3.544191 -1.783011
20022 -439627.972750 0.000000 -3.544191 -1.783011
20019 -439627.972750 0.000000 -3.544191 -1.783011
20046 -439627.972750 0.000000 -3.544191 -1.783011
20043 -439627.972750 0.000000 -3.544191 -1.783011
20062 -439627.972750 0.000000 -3.544191 -1.783011
20059 -439627.972750 0.000000 -3.544191 -1.783011
20070 -439627.972750 0.000000 -3.544191 -1.783011
20067 -439627.972750 0.000000 -3.544191 -1.783011
20071 -439627.972750 0.000000 -3.544191 -1.783011
1212 -439628.349047 0.000000 -3.920488 -2.159308
1244 -439628.349047 0.000000 -3.920488 -2.159308
1241 -439628.349047 0.000000 -3.920488 -2.159308
1274 -439628.349047 0.000000 -3.920488 -2.159308
1271 -439628.349047 0.000000 -3.920488 -2.159308
1304 -439628.349047 0.000000 -3.920488 -2.159308
1301 -439628.349047 0.000000 -3.920488 -2.159308
1328 -439628.349047 0.000000 -3.920488 -2.159308
1325 -439628.349047 0.000000 -3.920488 -2.159308
1344 -439628.349047 0.000000 -3.920488 -2.159308
1341 -439628.349047 0.000000 -3.920488 -2.159308
1353 -439628.349047 0.000000 -3.920488 -2.159308
1350 -439628.349047 0.000000 -3.920488 -2.159308
1355 -439628.349047 0.000000 -3.920488 -2.159308
7459 -439628.349047 0.000000 -3.920488 -2.159308
7460 -439628.349047 0.000000 -3.920488 -2.159308
7490 -439628.349047 0.000000 -3.920488 -2.159308
7491 -439628.349047 0.000000 -3.920488 -2.159308
7522 -439628.349047 0.000000 -3.920488 -2.159308
7523 -439628.349047 0.000000 -3.920488 -2.159308
7553 -439628.349047 0.000000 -3.920488 -2.159308
7554 -439628.349047 0.000000 -3.920488 -2.159308
7577 -439628.349047 0.000000 -3.920488 -2.159308
7578 -439628.349047 0.000000 -3.920488 -2.159308
7595 -439628.349047 0.000000 -3.920488 -2.159308
7596 -439628.349047 0.000000 -3.920488 -2.159308
7605 -439628.349047 0.000000 -3.920488 -2.159308
7606 -439628.349047 0.000000 -3.920488 -2.159308
7610 -439628.349047 0.000000 -3.920488 -2.159308
13269 -439628.349047 0.000000 -3.920488 -2.159308
13291 -439628.349047 0.000000 -3.920488 -2.159308
13292 -439628.349047 0.000000 -3.920488 -2.159308
13301 -439628.349047 0.000000 -3.920488 -2.159308
63395 -439628.349047 0.000000 -3.920488 -2.159308
13862 -439628.349047 0.000000 -3.920488 -2.159308
13884 -439628.349047 0.000000 -3.920488 -2.159308
13882 -439628.349047 0.000000 -3.920488 -2.159308
13904 -439628.349047 0.000000 -3.920488 -2.159308
13901 -439628.349047 0.000000 -3.920488 -2.159308
13916 -439628.349047 0.000000 -3.920488 -2.159308
13913 -439628.349047 0.000000 -3.920488 -2.159308
13922 -439628.349047 0.000000 -3.920488 -2.159308
13919 -439628.349047 0.000000 -3.920488 -2.159308
19633 -439628.349047 0.000000 -3.920488 -2.159308
19630 -439628.349047 0.000000 -3.920488 -2.159308
19663 -439628.349047 0.000000 -3.920488 -2.159308
19660 -439628.349047 0.000000 -3.920488 -2.159308
19693 -439628.349047 0.000000 -3.920488 -2.159308
19690 -439628.349047 0.000000 -3.920488 -2.159308
19722 -439628.349047 0.000000 -3.920488 -2.159308
19719 -439628.349047 0.000000 -3.920488 -2.159308
19744 -439628.349047 0.000000 -3.920488 -2.159308
19741 -439628.349047 0.000000 -3.920488 -2.159308
20101 -439628.349047 0.000000 -3.920488 -2.159308
20114 -439628.349047 0.000000 -3.920488 -2.159308
20115 -439628.349047 0.000000 -3.920488 -2.159308
20121 -439628.349047 0.000000 -3.920488 -2.159308
20122 -439628.349047 0.000000 -3.920488 -2.159308
911 -439628.262107 0.000000 -3.833548 -2.072369
945 -439628.262107 0.000000 -3.833548 -2.072369
942 -439628.262107 0.000000 -3.833548 -2.072369
1391 -439628.262107 0.000000 -3.833548 -2.072369
1420 -439628.262107 0.000000 -3.833548 -2.072369
1421 -439628.262107 0.000000 -3.833548 -2.072369
1448 -439628.262107 0.000000 -3.833548 -2.072369
1449 -439628.262107 0.000000 -3.833548 -2.072369
1469 -439628.262107 0.000000 -3.833548 -2.072369
1470 -439628.262107 0.000000 -3.833548 -2.072369
1483 -439628.262107 0.000000 -3.833548 -2.072369
1484 -439628.262107 0.000000 -3.833548 -2.072369
1489 -439628.262107 0.000000 -3.833548 -2.072369
1490 -439628.262107 0.000000 -3.833548 -2.072369
7134 -439628.262107 0.000000 -3.833548 -2.072369
7135 -439628.262107 0.000000 -3.833548 -2.072369
7164 -439628.262107 0.000000 -3.833548 -2.072369
7165 -439628.262107 0.000000 -3.833548 -2.072369
7194 -439628.262107 0.000000 -3.833548 -2.072369
7195 -439628.262107 0.000000 -3.833548 -2.072369
7209 -439628.262107 0.000000 -3.833548 -2.072369
7210 -439628.262107 0.000000 -3.833548 -2.072369
7715 -439628.262107 0.000000 -3.833548 -2.072369
7728 -439628.262107 0.000000 -3.833548 -2.072369
7726 -439628.262107 0.000000 -3.833548 -2.072369
7740 -439628.262107 0.000000 -3.833548 -2.072369
7737 -439628.262107 0.000000 -3.833548 -2.072369
7744 -439628.262107 0.000000 -3.833548 -2.072369
7742 -439628.262107 0.000000 -3.833548 -2.072369
13564 -439628.262107 0.000000 -3.833548 -2.072369
13561 -439628.262107 0.000000 -3.833548 -2.072369
13596 -439628.262107 0.000000 -3.833548 -2.072369
13593 -439628.262107 0.000000 -3.833548 -2.072369
13628 -439628.262107 0.000000 -3.833548 -2.072369
13625 -439628.262107 0.000000 -3.833548 -2.072369
13656 -439628.262107 0.000000 -3.833548 -2.072369
13653 -439628.262107 0.000000 -3.833548 -2.072369
13676 -439628.262107 0.000000 -3.833548 -2.072369
13673 -439628.262107 0.000000 -3.833548 -2.072369
13688 -439628.262107 0.000000 -3.833548 -2.072369
13685 -439628.262107 0.000000 -3.833548 -2.072369
13933 -439628.262107 0.000000 -3.833548 -2.072369
13935 -439628.262107 0.000000 -3.833548 -2.072369
19797 -439628.262107 0.000000 -3.833548 -2.072369
19826 -439628.262107 0.000000 -3.833548 -2.072369
19827 -439628.262107 0.000000 -3.833548 -2.072369
19856 -439628.262107 0.000000 -3.833548 -2.072369
19857 -439628.262107 0.000000 -3.833548 -2.072369
19886 -439628.262107 0.000000 -3.833548 -2.072369
19887 -439628.262107 0.000000 -3.833548 -2.072369
19912 -439628.262107 0.000000 -3.833548 -2.072369
19913 -439628.262107 0.000000 -3.833548 -2.072369
19930 -439628.262107 0.000000 -3.833548 -2.072369
19931 -439628.262107 0.000000 -3.833548 -2.072369
19942 -439628.262107 0.000000 -3.833548 -2.072369
19943 -439628.262107 0.000000 -3.833548 -2.072369
19946 -439628.262107 0.000000 -3.833548 -2.072369
19947 -439628.262107 0.000000 -3.833548 -2.072369
1799 -439628.248554 0.000000 -3.819996 -2.058816
1800 -439628.248554 0.000000 -3.819996 -2.058816
1769 -439628.248554 0.000000 -3.819996 -2.058816
1770 -439628.248554 0.000000 -3.819996 -2.058816
1739 -439628.248554 0.000000 -3.819996 -2.058816
1740 -439628.248554 0.000000 -3.819996 -2.058816
1713 -439628.248554 0.000000 -3.819996 -2.058816
1714 -439628.248554 0.000000 -3.819996 -2.058816
1693 -439628.248554 0.000000 -3.819996 -2.058816
1694 -439628.248554 0.000000 -3.819996 -2.058816
1681 -439628.248554 0.000000 -3.819996 -2.058816
1682 -439628.248554 0.000000 -3.819996 -2.058816
1675 -439628.248554 0.000000 -3.819996 -2.058816
1676 -439628.248554 0.000000 -3.819996 -2.058816
8403 -439628.248554 0.000000 -3.819996 -2.058816
8404 -439628.248554 0.000000 -3.819996 -2.058816
8387 -439628.248554 0.000000 -3.819996 -2.058816
8388 -439628.248554 0.000000 -3.819996 -2.058816
8379 -439628.248554 0.000000 -3.819996 -2.058816
7809 -439628.248554 0.000000 -3.819996 -2.058816
7808 -439628.248554 0.000000 -3.819996 -2.058816
7786 -439628.248554 0.000000 -3.819996 -2.058816
7785 -439628.248554 0.000000 -3.819996 -2.058816
7769 -439628.248554 0.000000 -3.819996 -2.058816
7768 -439628.248554 0.000000 -3.819996 -2.058816
7759 -439628.248554 0.000000 -3.819996 -2.058816
7758 -439628.248554 0.000000 -3.819996 -2.058816
7756 -439628.248554 0.000000 -3.819996 -2.058816
14433 -439628.248554 0.000000 -3.819996 -2.058816
14403 -439628.248554 0.000000 -3.819996 -2.058816
14402 -439628.248554 0.000000 -3.819996 -2.058816
14371 -439628.248554 0.000000 -3.819996 -2.058816
14370 -439628.248554 0.000000 -3.819996 -2.058816
14339 -439628.248554 0.000000 -3.819996 -2.058816
14338 -439628.248554 0.000000 -3.819996 -2.058816
14313 -439628.248554 0.000000 -3.819996 -2.058816
14312 -439628.248554 0.000000 -3.819996 -2.058816
14297 -439628.248554 0.000000 -3.819996 -2.058816
13950 -439628.248554 0.000000 -3.819996 -2.058816
13951 -439628.248554 0.000000 -3.819996 -2.058816
13941 -439628.248554 0.000000 -3.819996 -2.058816
13942 -439628.248554 0.000000 -3.819996 -2.058816
13939 -439628.248554 0.000000 -3.819996 -2.058816
20552 -439628.248554 0.000000 -3.819996 -2.058816
20522 -439628.248554 0.000000 -3.819996 -2.058816
20523 -439628.248554 0.000000 -3.819996 -2.058816
20492 -439628.248554 0.000000 -3.819996 -2.058816
20493 -439628.248554 0.000000 -3.819996 -2.058816
20462 -439628.248554 0.000000 -3.819996 -2.058816
20463 -439628.248554 0.000000 -3.819996 -2.058816
20436 -439628.248554 0.000000 -3.819996 -2.058816
20437 -439628.248554 0.000000 -3.819996 -2.058816
20418 -439628.248554 0.000000 -3.819996 -2.058816
20419 -439628.248554 0.000000 -3.819996 -2.058816
20410 -439628.248554 0.000000 -3.819996 -2.058816
20411 -439628.248554 0.000000 -3.819996 -2.058816
20409 -439628.248554 0.000000 -3.819996 -2.058816
76127 -439628.248554 0.000000 -3.819996 -2.058816
1052 -439628.479667 0.000000 -4.051108 -2.289928
1053 -439628.479667 0.000000 -4.051108 -2.289928
1082 -439628.479667 0.000000 -4.051108 -2.289928
1083 -439628.479667 0.000000 -4.051108 -2.289928
1112 -439628.479667 0.000000 -4.051108 -2.289928
1113 -439628.479667 0.000000 -4.051108 -2.289928
1140 -439628.479667 0.000000 -4.051108 -2.289928
1141 -439628.479667 0.000000 -4.051108 -2.289928
1151 -439628.479667 0.000000 -4.051108 -2.289928
50684 -439628.479667 0.000000 -4.051108 -2.289928
50688 -439628.479667 0.000000 -4.051108 -2.289928
1551 -439628.479667 0.000000 -4.051108 -2.289928
1550 -439628.479667 0.000000 -4.051108 -2.289928
1552 -439628.479667 0.000000 -4.051108 -2.289928
7458 -439628.479667 0.000000 -4.051108 -2.289928
7492 -439628.479667 0.000000 -4.051108 -2.289928
7489 -439628.479667 0.000000 -4.051108 -2.289928
7524 -439628.479667 0.000000 -4.051108 -2.289928
7521 -439628.479667 0.000000 -4.051108 -2.289928
7555 -439628.479667 0.000000 -4.051108 -2.289928
7552 -439628.479667 0.000000 -4.051108 -2.289928
7579 -439628.479667 0.000000 -4.051108 -2.289928
7576 -439628.479667 0.000000 -4.051108 -2.289928
7597 -439628.479667 0.000000 -4.051108 -2.289928
7594 -439628.479667 0.000000 -4.051108 -2.289928
7607 -439628.479667 0.000000 -4.051108 -2.289928
7604 -439628.479667 0.000000 -4.051108 -2.289928
7611 -439628.479667 0.000000 -4.051108 -2.289928
57141 -439628.479667 0.000000 -4.051108 -2.289928
62825 -439628.479667 0.000000 -4.051108 -2.289928
13733 -439628.479667 0.000000 -4.051108 -2.289928
13734 -439628.479667 0.000000 -4.051108 -2.289928
13763 -439628.479667 0.000000 -4.051108 -2.289928
13764 -439628.479667 0.000000 -4.051108 -2.289928
13793 -439628.479667 0.000000 -4.051108 -2.289928
13794 -439628.479667 0.000000 -4.051108 -2.289928
13817 -439628.479667 0.000000 -4.051108 -2.289928
13818 -439628.479667 0.000000 -4.051108 -2.289928
13834 -439628.479667 0.000000 -4.051108 -2.289928
13835 -439628.479667 0.000000 -4.051108 -2.289928
13844 -439628.479667 0.000000 -4.051108 -2.289928
13845 -439628.479667 0.000000 -4.051108 -2.289928
13847 -439628.479667 0.000000 -4.051108 -2.289928
19488 -439628.479667 0.000000 -4.051108 -2.289928
19517 -439628.479667 0.000000 -4.051108 -2.289928
19518 -439628.479667 0.000000 -4.051108 -2.289928
19540 -439628.479667 0.000000 -4.051108 -2.289928
69073 -439628.479667 0.000000 -4.051108 -2.289928
69081 -439628.479667 0.000000 -4.051108 -2.289928
20086 -439628.479667 0.000000 -4.051108 -2.289928
20085 -439628.479667 0.000000 -4.051108 -2.289928
20102 -439628.479667 0.000000 -4.051108 -2.289928
20100 -439628.479667 0.000000 -4.051108 -2.289928
20116 -439628.479667 0.000000 -4.051108 -2.289928
20113 -439628.479667 0.000000 -4.051108 -2.289928
20123 -439628.479667 0.000000 -4.051108 -2.289928
20120 -439628.479667 0.000000 -4.051108 -2.289928
20124 -439628.479667 0.000000 -4.051108 -2.289928
44913 -439628.160815 0.000000 -3.732256 -1.971077
1994 -439628.160815 0.000000 -3.732256 -1.971077
1963 -439628.160815 0.000000 -3.732256 -1.971077
1962 -439628.160815 0.000000 -3.732256 -1.971077
1931 -439628.160815 0.000000 -3.732256 -1.971077
1930 -439628.160815 0.000000 -3.732256 -1.971077
1900 -439628.160815 0.000000 -3.732256 -1.971077
1899 -439628.160815 0.000000 -3.732256 -1.971077
1876 -439628.160815 0.000000 -3.732256 -1.971077
1875 -439628.160815 0.000000 -3.732256 -1.971077
1860 -439628.160815 0.000000 -3.732256 -1.971077
1859 -439628.160815 0.000000 -3.732256 -1.971077
1559 -439628.160815 0.000000 -3.732256 -1.971077
1553 -439628.160815 0.000000 -3.732256 -1.971077
1554 -439628.160815 0.000000 -3.732256 -1.971077
8109 -439628.160815 0.000000 -3.732256 -1.971077
8110 -439628.160815 0.000000 -3.732256 -1.971077
8079 -439628.160815 0.000000 -3.732256 -1.971077
8080 -439628.160815 0.000000 -3.732256 -1.971077
8049 -439628.160815 0.000000 -3.732256 -1.971077
8050 -439628.160815 0.000000 -3.732256 -1.971077
8020 -439628.160815 0.000000 -3.732256 -1.971077
8021 -439628.160815 0.000000 -3.732256 -1.971077
7998 -439628.160815 0.000000 -3.732256 -1.971077
7999 -439628.160815 0.000000 -3.732256 -1.971077
7984 -439628.160815 0.000000 -3.732256 -1.971077
7985 -439628.160815 0.000000 -3.732256 -1.971077
7977 -439628.160815 0.000000 -3.732256 -1.971077
7978 -439628.160815 0.000000 -3.732256 -1.971077
7976 -439628.160815 0.000000 -3.732256 -1.971077
14648 -439628.160815 0.000000 -3.732256 -1.971077
14097 -439628.160815 0.000000 -3.732256 -1.971077
14074 -439628.160815 0.000000 -3.732256 -1.971077
14073 -439628.160815 0.000000 -3.732256 -1.971077
14043 -439628.160815 0.000000 -3.732256 -1.971077
14042 -439628.160815 0.000000 -3.732256 -1.971077
14015 -439628.160815 0.000000 -3.732256 -1.971077
14014 -439628.160815 0.000000 -3.732256 -1.971077
13995 -439628.160815 0.000000 -3.732256 -1.971077
13994 -439628.160815 0.000000 -3.732256 -1.971077
13983 -439628.160815 0.000000 -3.732256 -1.971077
13982 -439628.160815 0.000000 -3.732256 -1.971077
13979 -439628.160815 0.000000 -3.732256 -1.971077
13978 -439628.160815 0.000000 -3.732256 -1.971077
20702 -439628.160815 0.000000 -3.732256 -1.971077
20701 -439628.160815 0.000000 -3.732256 -1.971077
20670 -439628.160815 0.000000 -3.732256 -1.971077
20669 -439628.160815 0.000000 -3.732256 -1.971077
20638 -439628.160815 0.000000 -3.732256 -1.971077
20637 -439628.160815 0.000000 -3.732256 -1.971077
69736 -439628.160815 0.000000 -3.732256 -1.971077
20178 -439628.160815 0.000000 -3.732256 -1.971077
20179 -439628.160815 0.000000 -3.732256 -1.971077
20160 -439628.160815 0.000000 -3.732256 -1.971077
20161 -439628.160815 0.000000 -3.732256 -1.971077
20150 -439628.160815 0.000000 -3.732256 -1.971077
20151 -439628.160815 0.000000 -3.732256 -1.971077
20146 -439628.160815 0.000000 -3.732256 -1.971077
44999 -439628.127505 0.000000 -3.698946 -1.937766
2244 -439628.127505 0.000000 -3.698946 -1.937766
2245 -439628.127505 0.000000 -3.698946 -1.937766
2236 -439628.127505 0.000000 -3.698946 -1.937766
1660 -439628.127505 0.000000 -3.698946 -1.937766
1659 -439628.127505 0.000000 -3.698946 -1.937766
1630 -439628.127505 0.000000 -3.698946 -1.937766
1629 -439628.127505 0.000000 -3.698946 -1.937766
1606 -439628.127505 0.000000 -3.698946 -1.937766
1605 -439628.127505 0.000000 -3.698946 -1.937766
1590 -439628.127505 0.000000 -3.698946 -1.937766
1589 -439628.127505 0.000000 -3.698946 -1.937766
1582 -439628.127505 0.000000 -3.698946 -1.937766
1581 -439628.127505 0.000000 -3.698946 -1.937766
1579 -439628.127505 0.000000 -3.698946 -1.937766
8300 -439628.127505 0.000000 -3.698946 -1.937766
8270 -439628.127505 0.000000 -3.698946 -1.937766
8269 -439628.127505 0.000000 -3.698946 -1.937766
8238 -439628.127505 0.000000 -3.698946 -1.937766
8237 -439628.127505 0.000000 -3.698946 -1.937766
8207 -439628.127505 0.000000 -3.698946 -1.937766
8206 -439628.127505 0.000000 -3.698946 -1.937766
8186 -439628.127505 0.000000 -3.698946 -1.937766
7784 -439628.127505 0.000000 -3.698946 -1.937766
7787 -439628.127505 0.000000 -3.698946 -1.937766
7767 -439628.127505 0.000000 -3.698946 -1.937766
7770 -439628.127505 0.000000 -3.698946 -1.937766
7757 -439628.127505 0.000000 -3.698946 -1.937766
7760 -439628.127505 0.000000 -3.698946 -1.937766
7755 -439628.127505 0.000000 -3.698946 -1.937766
14434 -439628.127505 0.000000 -3.698946 -1.937766
14401 -439628.127505 0.000000 -3.698946 -1.937766
14404 -439628.127505 0.000000 -3.698946 -1.937766
14369 -439628.127505 0.000000 -3.698946 -1.937766
14372 -439628.127505 0.000000 -3.698946 -1.937766
14337 -439628.127505 0.000000 -3.698946 -1.937766
14340 -439628.127505 0.000000 -3.698946 -1.937766
14311 -439628.127505 0.000000 -3.698946 -1.937766
14314 -439628.127505 0.000000 -3.698946 -1.937766
14296 -439628.127505 0.000000 -3.698946 -1.937766
14298 -439628.127505 0.000000 -3.698946 -1.937766
14293 -439628.127505 0.000000 -3.698946 -1.937766
63469 -439628.127505 0.000000 -3.698946 -1.937766
13936 -439628.127505 0.000000 -3.698946 -1.937766
20373 -439628.127505 0.000000 -3.698946 -1.937766
20372 -439628.127505 0.000000 -3.698946 -1.937766
20342 -439628.127505 0.000000 -3.698946 -1.937766
20341 -439628.127505 0.000000 -3.698946 -1.937766
20310 -439628.127505 0.000000 -3.698946 -1.937766
20309 -439628.127505 0.000000 -3.698946 -1.937766
20281 -439628.127505 0.000000 -3.698946 -1.937766
20280 -439628.127505 0.000000 -3.698946 -1.937766
20259 -439628.127505 0.000000 -3.698946 -1.937766
20258 -439628.127505 0.000000 -3.698946 -1.937766
20244 -439628.127505 0.000000 -3.698946 -1.937766
20243 -439628.127505 0.000000 -3.698946 -1.937766
20236 -439628.127505 0.000000 -3.698946 -1.937766
20235 -439628.127505 0.000000 -3.698946 -1.937766
1993 -439627.952187 0.000000 -3.523629 -1.762449
1995 -439627.952187 0.000000 -3.523629 -1.762449
1961 -439627.952187 0.000000 -3.523629 -1.762449
1964 -439627.952187 0.000000 -3.523629 -1.762449
1929 -439627.952187 0.000000 -3.523629 -1.762449
1932 -439627.952187 0.000000 -3.523629 -1.762449
1898 -439627.952187 0.000000 -3.523629 -1.762449
1901 -439627.952187 0.000000 -3.523629 -1.762449
1874 -439627.952187 0.000000 -3.523629 -1.762449
1877 -439627.952187 0.000000 -3.523629 -1.762449
1858 -439627.952187 0.000000 -3.523629 -1.762449
1861 -439627.952187 0.000000 -3.523629 -1.762449
1855 -439627.952187 0.000000 -3.523629 -1.762449
1856 -439627.952187 0.000000 -3.523629 -1.762449
7968 -439627.952187 0.000000 -3.523629 -1.762449
7946 -439627.952187 0.000000 -3.523629 -1.762449
7945 -439627.952187 0.000000 -3.523629 -1.762449
7917 -439627.952187 0.000000 -3.523629 -1.762449
7916 -439627.952187 0.000000 -3.523629 -1.762449
7887 -439627.952187 0.000000 -3.523629 -1.762449
7886 -439627.952187 0.000000 -3.523629 -1.762449
7861 -439627.952187 0.000000 -3.523629 -1.762449
7860 -439627.952187 0.000000 -3.523629 -1.762449
7842 -439627.952187 0.000000 -3.523629 -1.762449
7841 -439627.952187 0.000000 -3.523629 -1.762449
7830 -439627.952187 0.000000 -3.523629 -1.762449
7829 -439627.952187 0.000000 -3.523629 -1.762449
7826 -439627.952187 0.000000 -3.523629 -1.762449
7825 -439627.952187 0.000000 -3.523629 -1.762449
14561 -439627.952187 0.000000 -3.523629 -1.762449
14560 -439627.952187 0.000000 -3.523629 -1.762449
14531 -439627.952187 0.000000 -3.523629 -1.762449
14530 -439627.952187 0.000000 -3.523629 -1.762449
63607 -439627.952187 0.000000 -3.523629 -1.762449
14041 -439627.952187 0.000000 -3.523629 -1.762449
14044 -439627.952187 0.000000 -3.523629 -1.762449
14013 -439627.952187 0.000000 -3.523629 -1.762449
14016 -439627.952187 0.000000 -3.523629 -1.762449
13993 -439627.952187 0.000000 -3.523629 -1.762449
13996 -439627.952187 0.000000 -3.523629 -1.762449
13981 -439627.952187 0.000000 -3.523629 -1.762449
13984 -439627.952187 0.000000 -3.523629 -1.762449
13977 -439627.952187 0.000000 -3.523629 -1.762449
20732 -439627.952187 0.000000 -3.523629 -1.762449
20700 -439627.952187 0.000000 -3.523629 -1.762449
20703 -439627.952187 0.000000 -3.523629 -1.762449
20668 -439627.952187 0.000000 -3.523629 -1.762449
20671 -439627.952187 0.000000 -3.523629 -1.762449
20636 -439627.952187 0.000000 -3.523629 -1.762449
20639 -439627.952187 0.000000 -3.523629 -1.762449
20623 -439627.952187 0.000000 -3.523629 -1.762449
20624 -439627.952187 0.000000 -3.523629 -1.762449
20618 -439627.952187 0.000000 -3.523629 -1.762449
20138 -439627.952187 0.000000 -3.523629 -1.762449
20137 -439627.952187 0.000000 -3.523629 -1.762449
20131 -439627.952187 0.000000 -3.523629 -1.762449
20130 -439627.952187 0.000000 -3.523629 -1.762449
20128 -439627.952187 0.000000 -3.523629 -1.762449
2165 -439627.870400 0.000000 -3.441841 -1.680661
2136 -439627.870400 0.000000 -3.441841 -1.680661
2135 -439627.870400 0.000000 -3.441841 -1.680661
2106 -439627.870400 0.000000 -3.441841 -1.680661
2105 -439627.870400 0.000000 -3.441841 -1.680661
2083 -439627.870400 0.000000 -3.441841 -1.680661
1628 -439627.870400 0.000000 -3.441841 -1.680661
1631 -439627.870400 0.000000 -3.441841 -1.680661
1604 -439627.870400 0.000000 -3.441841 -1.680661
1607 -439627.870400 0.000000 -3.441841 -1.680661
1588 -439627.870400 0.000000 -3.441841 -1.680661
1591 -439627.870400 0.000000 -3.441841 -1.680661
1580 -439627.870400 0.000000 -3.441841 -1.680661
1583 -439627.870400 0.000000 -3.441841 -1.680661
1578 -439627.870400 0.000000 -3.441841 -1.680661
8301 -439627.870400 0.000000 -3.441841 -1.680661
8268 -439627.870400 0.000000 -3.441841 -1.680661
8271 -439627.870400 0.000000 -3.441841 -1.680661
8236 -439627.870400 0.000000 -3.441841 -1.680661
8239 -439627.870400 0.000000 -3.441841 -1.680661
8205 -439627.870400 0.000000 -3.441841 -1.680661
8208 -439627.870400 0.000000 -3.441841 -1.680661
8185 -439627.870400 0.000000 -3.441841 -1.680661
8187 -439627.870400 0.000000 -3.441841 -1.680661
8180 -439627.870400 0.000000 -3.441841 -1.680661
57281 -439627.870400 0.000000 -3.441841 -1.680661
7748 -439627.870400 0.000000 -3.441841 -1.680661
7746 -439627.870400 0.000000 -3.441841 -1.680661
7745 -439627.870400 0.000000 -3.441841 -1.680661
14236 -439627.870400 0.000000 -3.441841 -1.680661
14235 -439627.870400 0.000000 -3.441841 -1.680661
14206 -439627.870400 0.000000 -3.441841 -1.680661
14205 -439627.870400 0.000000 -3.441841 -1.680661
14176 -439627.870400 0.000000 -3.441841 -1.680661
14175 -439627.870400 0.000000 -3.441841 -1.680661
14148 -439627.870400 0.000000 -3.441841 -1.680661
14147 -439627.870400 0.000000 -3.441841 -1.680661
14128 -439627.870400 0.000000 -3.441841 -1.680661
14127 -439627.870400 0.000000 -3.441841 -1.680661
14114 -439627.870400 0.000000 -3.441841 -1.680661
14113 -439627.870400 0.000000 -3.441841 -1.680661
14108 -439627.870400 0.000000 -3.441841 -1.680661
14107 -439627.870400 0.000000 -3.441841 -1.680661
14105 -439627.870400 0.000000 -3.441841 -1.680661
20811 -439627.870400 0.000000 -3.441841 -1.680661
20374 -439627.870400 0.000000 -3.441841 -1.680661
20340 -439627.870400 0.000000 -3.441841 -1.680661
20343 -439627.870400 0.000000 -3.441841 -1.680661
20308 -439627.870400 0.000000 -3.441841 -1.680661
20311 -439627.870400 0.000000 -3.441841 -1.680661
20279 -439627.870400 0.000000 -3.441841 -1.680661
20282 -439627.870400 0.000000 -3.441841 -1.680661
20257 -439627.870400 0.000000 -3.441841 -1.680661
20260 -439627.870400 0.000000 -3.441841 -1.680661
20242 -439627.870400 0.000000 -3.441841 -1.680661
20245 -439627.870400 0.000000 -3.441841 -1.680661
20234 -439627.870400 0.000000 -3.441841 -1.680661
20237 -439627.870400 0.000000 -3.441841 -1.680661
1830 -439628.397850 0.000000 -3.969292 -2.208112
1803 -439628.397851 0.000000 -3.969292 -2.208112
1802 -439628.397851 0.000000 -3.969292 -2.208112
1773 -439628.397851 0.000000 -3.969292 -2.208112
1772 -439628.397851 0.000000 -3.969292 -2.208112
1743 -439628.397851 0.000000 -3.969292 -2.208112
1742 -439628.397850 0.000000 -3.969292 -2.208112
1717 -439628.397851 0.000000 -3.969292 -2.208112
1716 -439628.397850 0.000000 -3.969292 -2.208112
1697 -439628.397851 0.000000 -3.969292 -2.208112
1696 -439628.397850 0.000000 -3.969292 -2.208112
1685 -439628.397851 0.000000 -3.969292 -2.208112
1684 -439628.397851 0.000000 -3.969292 -2.208112
1679 -439628.397851 0.000000 -3.969292 -2.208112
1678 -439628.397851 0.000000 -3.969292 -2.208112
8407 -439628.397851 0.000000 -3.969292 -2.208112
8406 -439628.397851 0.000000 -3.969292 -2.208112
7947 -439628.397850 0.000000 -3.969292 -2.208112
7915 -439628.397851 0.000000 -3.969292 -2.208112
7918 -439628.397850 0.000000 -3.969292 -2.208112
7885 -439628.397850 0.000000 -3.969292 -2.208112
7888 -439628.397851 0.000000 -3.969292 -2.208112
7859 -439628.397850 0.000000 -3.969292 -2.208112
7862 -439628.397850 0.000000 -3.969292 -2.208112
7840 -439628.397851 0.000000 -3.969292 -2.208112
7843 -439628.397851 0.000000 -3.969292 -2.208112
7828 -439628.397851 0.000000 -3.969292 -2.208112
7831 -439628.397851 0.000000 -3.969292 -2.208112
7824 -439628.397850 0.000000 -3.969292 -2.208112
14589 -439628.397851 0.000000 -3.969292 -2.208112
14559 -439628.397850 0.000000 -3.969292 -2.208112
14562 -439628.397851 0.000000 -3.969292 -2.208112
14529 -439628.397851 0.000000 -3.969292 -2.208112
14532 -439628.397850 0.000000 -3.969292 -2.208112
14515 -439628.397851 0.000000 -3.969292 -2.208112
14516 -439628.397851 0.000000 -3.969292 -2.208112
14508 -439628.397850 0.000000 -3.969292 -2.208112
13967 -439628.397851 0.000000 -3.969292 -2.208112
13966 -439628.397851 0.000000 -3.969292 -2.208112
13954 -439628.397851 0.000000 -3.969292 -2.208112
13953 -439628.397850 0.000000 -3.969292 -2.208112
13945 -439628.397850 0.000000 -3.969292 -2.208112
13944 -439628.397851 0.000000 -3.969292 -2.208112
13940 -439628.397851 0.000000 -3.969292 -2.208112
20554 -439628.397850 0.000000 -3.969292 -2.208112
20526 -439628.397851 0.000000 -3.969292 -2.208112
20525 -439628.397851 0.000000 -3.969292 -2.208112
20496 -439628.397851 0.000000 -3.969292 -2.208112
20495 -439628.397851 0.000000 -3.969292 -2.208112
20466 -439628.397851 0.000000 -3.969292 -2.208112
20465 -439628.397850 0.000000 -3.969292 -2.208112
20440 -439628.397850 0.000000 -3.969292 -2.208112
20439 -439628.397850 0.000000 -3.969292 -2.208112
20422 -439628.397851 0.000000 -3.969292 -2.208112
20421 -439628.397850 0.000000 -3.969292 -2.208112
20413 -439628.397851 0.000000 -3.969292 -2.208112
20129 -439628.397850 0.000000 -3.969292 -2.208112
20132 -439628.397851 0.000000 -3.969292 -2.208112
2260 -439627.632230 0.000000 -3.203672 -1.442492
1831 -439627.632230 0.000000 -3.203672 -1.442492
1801 -439627.632230 0.000000 -3.203672 -1.442492
1804 -439627.632230 0.000000 -3.203672 -1.442492
1771 -439627.632230 0.000000 -3.203672 -1.442492
1774 -439627.632230 0.000000 -3.203672 -1.442492
1741 -439627.632230 0.000000 -3.203672 -1.442492
1744 -439627.632230 0.000000 -3.203672 -1.442492
1715 -439627.632230 0.000000 -3.203672 -1.442492
1718 -439627.632230 0.000000 -3.203672 -1.442492
1695 -439627.632230 0.000000 -3.203672 -1.442492
1698 -439627.632230 0.000000 -3.203672 -1.442492
1683 -439627.632230 0.000000 -3.203672 -1.442492
1686 -439627.632230 0.000000 -3.203672 -1.442492
1677 -439627.632230 0.000000 -3.203672 -1.442492
8433 -439627.632230 0.000000 -3.203672 -1.442492
8405 -439627.632230 0.000000 -3.203672 -1.442492
8408 -439627.632230 0.000000 -3.203672 -1.442492
8389 -439627.632230 0.000000 -3.203672 -1.442492
8390 -439627.632230 0.000000 -3.203672 -1.442492
8380 -439627.632230 0.000000 -3.203672 -1.442492
7811 -439627.632230 0.000000 -3.203672 -1.442492
7810 -439627.632230 0.000000 -3.203672 -1.442492
7790 -439627.632230 0.000000 -3.203672 -1.442492
7789 -439627.632230 0.000000 -3.203672 -1.442492
7773 -439627.632230 0.000000 -3.203672 -1.442492
7772 -439627.632230 0.000000 -3.203672 -1.442492
7763 -439627.632230 0.000000 -3.203672 -1.442492
7762 -439627.632230 0.000000 -3.203672 -1.442492
14437 -439627.632230 0.000000 -3.203672 -1.442492
14436 -439627.632230 0.000000 -3.203672 -1.442492
14407 -439627.632230 0.000000 -3.203672 -1.442492
14406 -439627.632230 0.000000 -3.203672 -1.442492
14375 -439627.632230 0.000000 -3.203672 -1.442492
14374 -439627.632230 0.000000 -3.203672 -1.442492
14343 -439627.632230 0.000000 -3.203672 -1.442492
14342 -439627.632230 0.000000 -3.203672 -1.442492
14317 -439627.632230 0.000000 -3.203672 -1.442492
14316 -439627.632230 0.000000 -3.203672 -1.442492
14300 -439627.632230 0.000000 -3.203672 -1.442492
13952 -439627.632230 0.000000 -3.203672 -1.442492
13955 -439627.632230 0.000000 -3.203672 -1.442492
13943 -439627.632230 0.000000 -3.203672 -1.442492
13946 -439627.632230 0.000000 -3.203672 -1.442492
20553 -439627.632230 0.000000 -3.203672 -1.442492
20555 -439627.632230 0.000000 -3.203672 -1.442492
20524 -439627.632230 0.000000 -3.203672 -1.442492
20527 -439627.632230 0.000000 -3.203672 -1.442492
20494 -439627.632230 0.000000 -3.203672 -1.442492
20497 -439627.632230 0.000000 -3.203672 -1.442492
20464 -439627.632230 0.000000 -3.203672 -1.442492
20467 -439627.632230 0.000000 -3.203672 -1.442492
20438 -439627.632230 0.000000 -3.203672 -1.442492
20441 -439627.632230 0.000000 -3.203672 -1.442492
20420 -439627.632230 0.000000 -3.203672 -1.442492
20423 -439627.632230 0.000000 -3.203672 -1.442492
20412 -439627.632230 0.000000 -3.203672 -1.442492
20414 -439627.632230 0.000000 -3.203672 -1.442492
