#ID      EIFS 	      EIPFS 	   FSbin        FSseg
364 -857901.545119 0.000000 -2.885236 0.146193
870 -857901.478172 0.000000 -2.818290 0.213140
1420 -857901.559157 0.000000 -2.899274 0.132155
1380 -857901.473779 0.000000 -2.813896 0.217533
6559 -857901.477860 0.000000 -2.817978 0.213452
6453 -857901.545133 0.000000 -2.885250 0.146179
7165 -857901.478277 0.000000 -2.818394 0.213035
7507 -857901.569113 0.000000 -2.909230 0.122199
7454 -857901.476076 0.000000 -2.816193 0.215236
12862 -857901.479343 0.000000 -2.819460 0.211969
12740 -857901.501356 0.000000 -2.841473 0.189956
13265 -857901.477381 0.000000 -2.817498 0.213931
13620 -857901.568290 0.000000 -2.908407 0.123022
13609 -857901.476085 0.000000 -2.816202 0.215227
18962 -857901.479336 0.000000 -2.819453 0.211976
18841 -857901.501215 0.000000 -2.841332 0.190097
19509 -857901.476906 0.000000 -2.817023 0.214406
19398 -857902.717092 0.000000 -4.057209 -1.025780
24560 -857901.479014 0.000000 -2.819131 0.212298
25259 -857901.477617 0.000000 -2.817734 0.213695
25144 -857901.501240 0.000000 -2.841357 0.190072
25596 -857901.476908 0.000000 -2.817026 0.214404
25465 -857902.717177 0.000000 -4.057294 -1.025865
30835 -857901.479349 0.000000 -2.819467 0.211963
31358 -857901.507995 0.000000 -2.848112 0.183317
31242 -857901.467428 0.000000 -2.807545 0.223884
31763 -857901.477044 0.000000 -2.817162 0.214268
31694 -857901.547908 0.000000 -2.888025 0.143404
36934 -857901.478496 0.000000 -2.818614 0.212816
37610 -857901.559205 0.000000 -2.899322 0.132107
37532 -857901.473556 0.000000 -2.813673 0.217756
37836 -857901.473014 0.000000 -2.813131 0.218298
42604 -857901.547901 0.000000 -2.888018 0.143411
43239 -857901.478497 0.000000 -2.818614 0.212815
43709 -857901.559202 0.000000 -2.899319 0.132110
43617 -857901.473763 0.000000 -2.813880 0.217549
43325 -857901.477847 0.000000 -2.817964 0.213465
987 -857902.835081 0.000000 -4.175198 -1.143769
869 -857901.553092 0.000000 -2.893210 0.138220
1334 -857901.558900 0.000000 -2.899017 0.132412
1224 -857901.592457 0.000000 -2.932575 0.098855
6558 -857901.555585 0.000000 -2.895703 0.135727
7084 -857902.834956 0.000000 -4.175074 -1.143644
6969 -857901.553118 0.000000 -2.893235 0.138194
7506 -857901.565090 0.000000 -2.905207 0.126222
7453 -857901.587220 0.000000 -2.927338 0.104092
12659 -857901.554190 0.000000 -2.894308 0.137122
12527 -857902.811693 0.000000 -4.151810 -1.120381
13264 -857901.556804 0.000000 -2.896921 0.134508
13588 -857901.563395 0.000000 -2.903512 0.127917
13518 -857901.587226 0.000000 -2.927343 0.104086
18961 -857901.554174 0.000000 -2.894292 0.137138
18840 -857902.812121 0.000000 -4.152238 -1.120809
19356 -857901.557401 0.000000 -2.897518 0.133911
19385 -857901.596123 0.000000 -2.936241 0.095189
24559 -857901.547522 0.000000 -2.887639 0.143791
25063 -857901.554245 0.000000 -2.894363 0.137067
24914 -857902.812078 0.000000 -4.152195 -1.120766
25595 -857901.557404 0.000000 -2.897521 0.133908
25148 -857901.596026 0.000000 -2.936144 0.095286
30658 -857901.551599 0.000000 -2.891717 0.139713
31357 -857901.550327 0.000000 -2.890444 0.140985
31241 -857901.594655 0.000000 -2.934773 0.096657
31677 -857901.557394 0.000000 -2.897511 0.133919
37057 -857905.093371 0.000000 -6.433488 -3.402059
36933 -857901.552201 0.000000 -2.892318 0.139111
37460 -857901.559093 0.000000 -2.899211 0.132219
37326 -857901.593047 0.000000 -2.933164 0.098265
37835 -857901.557112 0.000000 -2.897230 0.134200
43158 -857905.093225 0.000000 -6.433343 -3.401913
43036 -857901.552199 0.000000 -2.892316 0.139113
43708 -857901.559084 0.000000 -2.899202 0.132228
43616 -857901.592446 0.000000 -2.932564 0.098866
43903 -857901.555584 0.000000 -2.895701 0.135728
192 -857902.996207 0.000000 -4.336324 -1.304895
872 -857901.834010 0.000000 -3.174127 -0.142698
1302 -857901.867688 0.000000 -3.207805 -0.176376
1210 -857901.859644 0.000000 -3.199762 -0.168332
411 -857901.824903 0.000000 -3.165020 -0.133591
6455 -857902.996213 0.000000 -4.336330 -1.304901
6931 -857901.834087 0.000000 -3.174204 -0.142775
7509 -857901.866206 0.000000 -3.206323 -0.174894
7456 -857901.828490 0.000000 -3.168608 -0.137178
12621 -857901.825423 0.000000 -3.165540 -0.134111
12517 -857901.973758 0.000000 -3.313875 -0.282446
13267 -857901.833116 0.000000 -3.173233 -0.141804
13570 -857901.875355 0.000000 -3.215472 -0.184043
13515 -857901.828469 0.000000 -3.168587 -0.137157
18964 -857901.825401 0.000000 -3.165519 -0.134089
18843 -857901.973813 0.000000 -3.313931 -0.282501
19326 -857901.833011 0.000000 -3.173129 -0.141699
19244 -857904.789943 0.000000 -6.130060 -3.098631
24562 -857901.831486 0.000000 -3.171603 -0.140174
25025 -857901.824468 0.000000 -3.164585 -0.133156
24904 -857901.973918 0.000000 -3.314035 -0.282606
25598 -857901.833012 0.000000 -3.173129 -0.141700
25463 -857904.789975 0.000000 -6.130092 -3.098663
30620 -857901.832010 0.000000 -3.172127 -0.140698
31360 -857901.863311 0.000000 -3.203428 -0.171999
31244 -857901.872823 0.000000 -3.212940 -0.181511
31660 -857901.833090 0.000000 -3.173207 -0.141778
30692 -857904.842147 0.000000 -6.182264 -3.150835
36936 -857901.831254 0.000000 -3.171371 -0.139942
37422 -857901.868170 0.000000 -3.208287 -0.176858
37305 -857901.859834 0.000000 -3.199951 -0.168522
37838 -857901.829350 0.000000 -3.169467 -0.138038
140060 -857903.095019 0.000000 -4.435136 -1.403707
42998 -857901.831248 0.000000 -3.171365 -0.139936
43711 -857901.868152 0.000000 -3.208269 -0.176840
43619 -857901.859646 0.000000 -3.199763 -0.168334
43900 -857901.824899 0.000000 -3.165016 -0.133587
505 -857904.776863 0.000000 -6.116981 -3.085551
398 -857904.531755 0.000000 -5.871873 -2.840443
1108 -857904.376988 0.000000 -5.717105 -2.685676
1449 -857902.725002 0.000000 -4.065120 -1.033690
1395 -857904.378052 0.000000 -5.718170 -2.686740
6804 -857904.776871 0.000000 -6.116988 -3.085559
6682 -857904.531734 0.000000 -5.871852 -2.840422
7208 -857904.376932 0.000000 -5.717050 -2.685620
7559 -857902.898365 0.000000 -4.238482 -1.207053
7551 -857904.377254 0.000000 -5.717372 -2.685942
12906 -857904.771969 0.000000 -6.112087 -3.080657
12784 -857904.509602 0.000000 -5.849720 -2.818290
13453 -857904.346199 0.000000 -5.686317 -2.654887
13341 -857904.303890 0.000000 -5.644008 -2.612578
18500 -857904.377307 0.000000 -5.717424 -2.685995
19201 -857904.771955 0.000000 -6.112073 -3.080643
19086 -857904.509634 0.000000 -5.849752 -2.818322
19540 -857904.342634 0.000000 -5.682752 -2.651322
19406 -857904.304944 0.000000 -5.645061 -2.613632
24777 -857904.375646 0.000000 -5.715763 -2.684334
25303 -857904.771999 0.000000 -6.112116 -3.080687
25187 -857904.509656 0.000000 -5.849773 -2.818344
25706 -857904.342615 0.000000 -5.682732 -2.651303
25634 -857904.304707 0.000000 -5.644825 -2.613395
30879 -857904.376865 0.000000 -5.716982 -2.685553
31552 -857904.759504 0.000000 -6.099621 -3.068192
31473 -857904.435440 0.000000 -5.775557 -2.744128
31780 -857904.339385 0.000000 -5.679502 -2.648073
36542 -857902.997329 0.000000 -4.337446 -1.306017
37180 -857904.376942 0.000000 -5.717059 -2.685630
37652 -857902.725033 0.000000 -4.065150 -1.033721
37559 -857904.378508 0.000000 -5.718626 -2.687196
37223 -857904.337870 0.000000 -5.677987 -2.646558
42777 -857902.996813 0.000000 -4.336930 -1.305501
43283 -857904.376955 0.000000 -5.717073 -2.685643
43832 -857902.724953 0.000000 -4.065070 -1.033641
43794 -857904.378048 0.000000 -5.718165 -2.686736
750 -857905.235390 0.000000 -6.575507 -3.544078
630 -857904.448160 0.000000 -5.788278 -2.756848
1336 -857904.358143 0.000000 -5.698260 -2.666831
1226 -857904.283013 0.000000 -5.623130 -2.591701
1495 -857904.391269 0.000000 -5.731386 -2.699957
7086 -857905.235372 0.000000 -6.575489 -3.544060
6971 -857904.448146 0.000000 -5.788263 -2.756834
7396 -857904.357242 0.000000 -5.697359 -2.665930
7288 -857903.010377 0.000000 -4.350494 -1.319065
12661 -857904.391259 0.000000 -5.731376 -2.699947
13146 -857904.143502 0.000000 -5.483619 -2.452190
13032 -857904.392227 0.000000 -5.732345 -2.700915
13590 -857904.355907 0.000000 -5.696024 -2.664595
13519 -857903.009899 0.000000 -4.350016 -1.318587
18721 -857904.391282 0.000000 -5.731399 -2.699970
19436 -857904.143467 0.000000 -5.483584 -2.452155
19358 -857904.391512 0.000000 -5.731629 -2.700200
19649 -857904.791378 0.000000 -6.131495 -3.100066
24408 -857904.528011 0.000000 -5.868129 -2.836699
25065 -857904.391194 0.000000 -5.731311 -2.699882
25496 -857904.143476 0.000000 -5.483593 -2.452164
25420 -857904.391527 0.000000 -5.731644 -2.700215
24984 -857904.791373 0.000000 -6.131491 -3.100061
30660 -857904.527418 0.000000 -5.867535 -2.836106
31126 -857904.360078 0.000000 -5.700196 -2.668766
31716 -857903.021485 0.000000 -4.361602 -1.330173
31679 -857904.391509 0.000000 -5.731626 -2.700197
30921 -857905.246913 0.000000 -6.587030 -3.555601
36718 -857904.526601 0.000000 -5.866718 -2.835289
37462 -857904.358009 0.000000 -5.698126 -2.666697
37328 -857904.283131 0.000000 -5.623248 -2.591819
37736 -857904.390239 0.000000 -5.730356 -2.698927
43160 -857905.246886 0.000000 -6.587003 -3.555574
43038 -857904.526656 0.000000 -5.866774 -2.835344
43521 -857904.357990 0.000000 -5.698107 -2.666678
43387 -857904.282983 0.000000 -5.623100 -2.591671
43904 -857904.391273 0.000000 -5.731391 -2.699961
504 -857902.727151 0.000000 -4.067268 -1.035839
1026 -857903.325959 0.000000 -4.666077 -1.634647
912 -857902.723050 0.000000 -4.063167 -1.031738
1448 -857902.729278 0.000000 -4.069395 -1.037966
1394 -857903.728706 0.000000 -5.068823 -2.037394
6600 -857902.727089 0.000000 -4.067207 -1.035777
6466 -857903.045422 0.000000 -4.385539 -1.354110
7207 -857902.723501 0.000000 -4.063618 -1.032189
7530 -857904.109984 0.000000 -5.450101 -2.418672
7460 -857903.726414 0.000000 -5.066531 -2.035102
12905 -857902.720248 0.000000 -4.060365 -1.028936
12783 -857903.041114 0.000000 -4.381232 -1.349802
13299 -857902.727145 0.000000 -4.067262 -1.035833
13228 -857904.110005 0.000000 -5.450122 -2.418693
18499 -857903.726393 0.000000 -5.066510 -2.035081
19004 -857902.720144 0.000000 -4.060261 -1.028832
18854 -857903.041630 0.000000 -4.381747 -1.350318
19539 -857902.724936 0.000000 -4.065054 -1.033624
18883 -857902.863264 0.000000 -4.203382 -1.171952
24602 -857902.735784 0.000000 -4.075901 -1.044472
25302 -857902.719768 0.000000 -4.059886 -1.028456
25186 -857903.041625 0.000000 -4.381742 -1.350313
25617 -857902.724912 0.000000 -4.065029 -1.033600
24634 -857902.862739 0.000000 -4.202856 -1.171427
30878 -857902.724957 0.000000 -4.065074 -1.033645
31400 -857902.720266 0.000000 -4.060384 -1.028954
31267 -857904.209774 0.000000 -5.549892 -2.518462
31779 -857902.726398 0.000000 -4.066515 -1.035086
37098 -857902.994759 0.000000 -4.334876 -1.303446
36976 -857902.724101 0.000000 -4.064218 -1.032789
37651 -857902.729966 0.000000 -4.070083 -1.038654
37558 -857903.726718 0.000000 -5.066836 -2.035406
37845 -857902.726274 0.000000 -4.066391 -1.034962
43397 -857902.994490 0.000000 -4.334608 -1.303178
43282 -857902.724113 0.000000 -4.064230 -1.032801
43746 -857902.729705 0.000000 -4.069822 -1.038393
43636 -857903.728711 0.000000 -5.068828 -2.037399
790 -857903.754028 0.000000 -5.094145 -2.062716
670 -857904.263470 0.000000 -5.603587 -2.572158
1152 -857903.786006 0.000000 -5.126123 -2.094694
1069 -857904.235287 0.000000 -5.575404 -2.543975
1496 -857903.785453 0.000000 -5.125570 -2.094141
6849 -857903.753994 0.000000 -5.094112 -2.062682
6727 -857904.263526 0.000000 -5.603644 -2.572214
7424 -857903.786048 0.000000 -5.126165 -2.094736
7244 -857903.048903 0.000000 -4.389020 -1.357591
12446 -857903.786102 0.000000 -5.126219 -2.094790
13186 -857903.768626 0.000000 -5.108743 -2.077314
13069 -857903.816272 0.000000 -5.156389 -2.124960
13483 -857903.785913 0.000000 -5.126030 -2.094601
12309 -857903.048684 0.000000 -4.388801 -1.357372
18761 -857903.786073 0.000000 -5.126191 -2.094761
19246 -857903.768570 0.000000 -5.108687 -2.077258
19128 -857903.818157 0.000000 -5.158274 -2.126845
19661 -857903.782830 0.000000 -5.122947 -2.091518
24943 -857903.375549 0.000000 -4.715667 -1.684237
24822 -857903.785684 0.000000 -5.125801 -2.094372
25535 -857903.971164 0.000000 -5.311282 -2.279852
25444 -857903.818147 0.000000 -5.158264 -2.126835
25724 -857903.782784 0.000000 -5.122902 -2.091472
30487 -857903.040381 0.000000 -4.380498 -1.349069
31166 -857903.786328 0.000000 -5.126445 -2.095016
31596 -857904.099075 0.000000 -5.439192 -2.407763
31503 -857903.816418 0.000000 -5.156536 -2.125106
30839 -857903.755261 0.000000 -5.095379 -2.063949
36748 -857903.042964 0.000000 -4.383081 -1.351651
37225 -857903.786000 0.000000 -5.126118 -2.094688
37801 -857904.235151 0.000000 -5.575268 -2.543839
37748 -857903.756320 0.000000 -5.096437 -2.065008
42916 -857903.755313 0.000000 -5.095431 -2.064001
42811 -857903.043001 0.000000 -4.383118 -1.351689
43560 -857903.785975 0.000000 -5.126092 -2.094663
43864 -857904.235271 0.000000 -5.575388 -2.543959
43809 -857903.785456 0.000000 -5.125573 -2.094144
326 -857903.800295 0.000000 -5.140412 -2.108983
1025 -857904.187775 0.000000 -5.527892 -2.496463
911 -857903.827761 0.000000 -5.167878 -2.136449
1363 -857903.798235 0.000000 -5.138353 -2.106923
1230 -857904.446898 0.000000 -5.787015 -2.755586
6599 -857903.800292 0.000000 -5.140409 -2.108980
7126 -857904.187864 0.000000 -5.527982 -2.496552
7010 -857903.827529 0.000000 -5.167646 -2.136217
7529 -857903.970243 0.000000 -5.310360 -2.278931
7459 -857904.414611 0.000000 -5.754728 -2.723299
12701 -857903.799974 0.000000 -5.140092 -2.108662
13376 -857904.292648 0.000000 -5.632766 -2.601336
13298 -857903.768239 0.000000 -5.108356 -2.076927
13605 -857902.811393 0.000000 -4.151510 -1.120081
18368 -857904.414559 0.000000 -5.754677 -2.723247
19003 -857903.799943 0.000000 -5.140060 -2.108631
19476 -857904.292741 0.000000 -5.632858 -2.601429
19383 -857903.797661 0.000000 -5.137778 -2.106349
18924 -857903.971817 0.000000 -5.311934 -2.280505
24601 -857904.249663 0.000000 -5.589780 -2.558351
25105 -857903.800017 0.000000 -5.140134 -2.108705
25655 -857904.292766 0.000000 -5.632884 -2.601454
25616 -857903.797644 0.000000 -5.137761 -2.106332
30797 -857903.971428 0.000000 -5.311545 -2.280116
30690 -857903.826959 0.000000 -5.167076 -2.135647
31399 -857903.799837 0.000000 -5.139954 -2.108525
31744 -857903.072537 0.000000 -4.412654 -1.381225
31690 -857903.799926 0.000000 -5.140044 -2.108614
37097 -857903.814013 0.000000 -5.154130 -2.122701
36975 -857903.829277 0.000000 -5.169394 -2.137965
37501 -857903.798261 0.000000 -5.138378 -2.106949
37853 -857903.395987 0.000000 -4.736104 -1.704675
37844 -857903.799543 0.000000 -5.139661 -2.108231
43200 -857903.814085 0.000000 -5.154203 -2.122773
43078 -857903.829263 0.000000 -5.169381 -2.137951
43745 -857903.798206 0.000000 -5.138323 -2.106894
43635 -857904.446923 0.000000 -5.787040 -2.755611
548 -857903.850916 0.000000 -5.191033 -2.159604
1260 -857903.077604 0.000000 -4.417722 -1.386292
1184 -857903.848342 0.000000 -5.188459 -2.157030
1474 -857903.819447 0.000000 -5.159564 -2.128135
6232 -857903.877328 0.000000 -5.217445 -2.186016
6889 -857903.850907 0.000000 -5.191024 -2.159595
7321 -857903.077026 0.000000 -4.417144 -1.385714
7245 -857903.850167 0.000000 -5.190284 -2.158855
6725 -857903.875793 0.000000 -5.215911 -2.184481
12486 -857903.879500 0.000000 -5.219618 -2.188188
12950 -857903.848273 0.000000 -5.188390 -2.156961
13539 -857903.399264 0.000000 -4.739381 -1.707952
13503 -857903.849784 0.000000 -5.189902 -2.158472
12703 -857903.875797 0.000000 -5.215914 -2.184485
18543 -857903.879489 0.000000 -5.219606 -2.188177
19286 -857903.848203 0.000000 -5.188320 -2.156891
19151 -857904.487004 0.000000 -5.827121 -2.795692
19562 -857903.850044 0.000000 -5.190161 -2.158732
24983 -857904.306385 0.000000 -5.646502 -2.615073
24862 -857903.877991 0.000000 -5.218108 -2.186679
25347 -857903.848222 0.000000 -5.188339 -2.156910
25212 -857904.486972 0.000000 -5.827089 -2.795660
25730 -857903.850042 0.000000 -5.190159 -2.158730
31044 -857904.291433 0.000000 -5.631551 -2.600121
30923 -857903.818360 0.000000 -5.158477 -2.127048
31632 -857903.819732 0.000000 -5.159849 -2.128420
31519 -857904.450295 0.000000 -5.790412 -2.758983
31789 -857903.850812 0.000000 -5.190929 -2.159500
37380 -857904.294014 0.000000 -5.634131 -2.602702
37265 -857903.848274 0.000000 -5.188391 -2.156962
37689 -857903.819713 0.000000 -5.159830 -2.128401
37580 -857904.309467 0.000000 -5.649584 -2.618155
42956 -857903.850841 0.000000 -5.190959 -2.159529
43439 -857904.294024 0.000000 -5.634142 -2.602712
43327 -857903.848260 0.000000 -5.188377 -2.156948
43884 -857903.819448 0.000000 -5.159565 -2.128136
43813 -857903.877330 0.000000 -5.217447 -2.186018
325 -857903.814974 0.000000 -5.155091 -2.123662
830 -857903.817435 0.000000 -5.157552 -2.126123
681 -857903.084508 0.000000 -4.424626 -1.393196
1362 -857903.845347 0.000000 -5.185464 -2.154035
547 -857904.290503 0.000000 -5.630620 -2.599191
6423 -857903.814975 0.000000 -5.155092 -2.123663
7125 -857903.817405 0.000000 -5.157522 -2.126093
7009 -857903.082843 0.000000 -4.422960 -1.391531
7443 -857903.845944 0.000000 -5.186061 -2.154632
6384 -857904.293423 0.000000 -5.633540 -2.602111
12700 -857903.845012 0.000000 -5.185130 -2.153700
13226 -857903.816390 0.000000 -5.156508 -2.125078
13092 -857904.294197 0.000000 -5.634314 -2.602885
13604 -857903.845956 0.000000 -5.186073 -2.154644
18922 -857904.293419 0.000000 -5.633536 -2.602107
18801 -857903.844993 0.000000 -5.185110 -2.153681
19475 -857903.816136 0.000000 -5.156253 -2.124824
19382 -857904.791194 0.000000 -6.131311 -3.099882
19668 -857903.845987 0.000000 -5.186104 -2.154675
25222 -857903.076900 0.000000 -4.417017 -1.385588
25104 -857903.845068 0.000000 -5.185185 -2.153756
25570 -857903.816129 0.000000 -5.156246 -2.124817
25461 -857904.791151 0.000000 -6.131268 -3.099839
30796 -857903.846130 0.000000 -5.186247 -2.154818
31318 -857903.397439 0.000000 -4.737556 -1.706127
31206 -857903.846846 0.000000 -5.186963 -2.155534
31743 -857903.875163 0.000000 -5.215280 -2.183851
31689 -857903.876320 0.000000 -5.216437 -2.185008
36894 -857903.846417 0.000000 -5.186535 -2.155105
36759 -857903.082257 0.000000 -4.422374 -1.390945
37500 -857903.845340 0.000000 -5.185457 -2.154028
37824 -857904.305624 0.000000 -5.645741 -2.614312
37752 -857903.874764 0.000000 -5.214882 -2.183452
43199 -857903.846455 0.000000 -5.186572 -2.155143
43077 -857903.082331 0.000000 -4.422448 -1.391019
43593 -857903.845328 0.000000 -5.185445 -2.154016
43641 -857904.290491 0.000000 -5.630608 -2.599179
588 -857903.818821 0.000000 -5.158938 -2.127509
1070 -857903.846234 0.000000 -5.186351 -2.154921
953 -857904.879238 0.000000 -6.219355 -3.187926
1488 -857903.818668 0.000000 -5.158786 -2.127356
6766 -857903.391795 0.000000 -4.731913 -1.700483
6644 -857903.818828 0.000000 -5.158945 -2.127516
7361 -857903.846091 0.000000 -5.186208 -2.154779
7269 -857903.871914 0.000000 -5.212031 -2.180602
7547 -857903.818125 0.000000 -5.158242 -2.126812
12310 -857904.623850 0.000000 -5.963968 -2.932538
12990 -857903.817123 0.000000 -5.157240 -2.125811
13420 -857904.275813 0.000000 -5.615930 -2.584501
13328 -857904.185058 0.000000 -5.525175 -2.493746
12487 -857903.818124 0.000000 -5.158242 -2.126812
18573 -857904.623870 0.000000 -5.963988 -2.932558
19048 -857903.817117 0.000000 -5.157234 -2.125805
19626 -857904.260736 0.000000 -5.600853 -2.569424
19574 -857903.810067 0.000000 -5.150184 -2.118755
24739 -857903.788758 0.000000 -5.128875 -2.097446
24635 -857904.626341 0.000000 -5.966458 -2.935029
25386 -857903.817123 0.000000 -5.157240 -2.125811
25687 -857904.260742 0.000000 -5.600859 -2.569430
25632 -857903.810021 0.000000 -5.150138 -2.118709
31084 -857903.786633 0.000000 -5.126750 -2.095321
30963 -857904.294811 0.000000 -5.634928 -2.603499
31444 -857903.818354 0.000000 -5.158471 -2.127041
31501 -857904.259791 0.000000 -5.599909 -2.568479
31790 -857903.816629 0.000000 -5.156746 -2.125317
37142 -857903.787225 0.000000 -5.127342 -2.095913
37020 -857904.879333 0.000000 -6.219450 -3.188021
37717 -857903.818613 0.000000 -5.158730 -2.127301
37536 -857904.403615 0.000000 -5.743732 -2.712303
42739 -857903.816681 0.000000 -5.156799 -2.125369
43479 -857903.787218 0.000000 -5.127335 -2.095906
43364 -857904.879299 0.000000 -6.219416 -3.187987
43777 -857903.818668 0.000000 -5.158785 -2.127356
42737 -857903.391775 0.000000 -4.731893 -1.700463
191 -857904.275776 0.000000 -5.615894 -2.584464
829 -857903.804612 0.000000 -5.144729 -2.113300
1301 -857904.247691 0.000000 -5.587808 -2.556379
1209 -857903.791964 0.000000 -5.132081 -2.100652
671 -857903.771499 0.000000 -5.111616 -2.080187
6422 -857904.275781 0.000000 -5.615898 -2.584469
6930 -857903.804625 0.000000 -5.144742 -2.113313
7480 -857904.245818 0.000000 -5.585936 -2.554506
7442 -857903.798849 0.000000 -5.138966 -2.107537
6642 -857903.771929 0.000000 -5.112046 -2.080617
12516 -857904.863167 0.000000 -6.203284 -3.171855
13225 -857903.804611 0.000000 -5.144729 -2.113299
13569 -857904.391361 0.000000 -5.731479 -2.700049
13514 -857903.798889 0.000000 -5.139006 -2.107577
18921 -857903.771915 0.000000 -5.112033 -2.080603
18800 -857904.863117 0.000000 -6.203234 -3.171805
19325 -857903.804659 0.000000 -5.144777 -2.113347
19676 -857903.390481 0.000000 -4.730599 -1.699169
19667 -857903.801403 0.000000 -5.141521 -2.110091
25024 -857903.830728 0.000000 -5.170845 -2.139416
24903 -857904.863147 0.000000 -6.203264 -3.171835
25569 -857903.804653 0.000000 -5.144771 -2.113341
25460 -857904.889421 0.000000 -6.229538 -3.198109
30619 -857903.801457 0.000000 -5.141574 -2.110145
31317 -857904.259865 0.000000 -5.599982 -2.568553
31205 -857904.169329 0.000000 -5.509447 -2.478017
31659 -857903.803689 0.000000 -5.143806 -2.112377
31523 -857904.622063 0.000000 -5.962180 -2.930751
36893 -857903.804218 0.000000 -5.144336 -2.112906
37421 -857904.245972 0.000000 -5.586089 -2.554660
37304 -857903.791995 0.000000 -5.132112 -2.100683
37823 -857903.773982 0.000000 -5.114099 -2.082670
37751 -857904.624758 0.000000 -5.964875 -2.933446
42997 -857903.804231 0.000000 -5.144348 -2.112919
43670 -857904.245971 0.000000 -5.586089 -2.554659
43592 -857903.791959 0.000000 -5.132076 -2.100647
43899 -857903.771507 0.000000 -5.111625 -2.080195
369 -857904.292273 0.000000 -5.632390 -2.600961
1111 -857904.232186 0.000000 -5.572303 -2.540874
977 -857903.585077 0.000000 -4.925194 -1.893765
1385 -857904.229655 0.000000 -5.569772 -2.538343
6807 -857904.716866 0.000000 -6.056983 -3.025554
6685 -857904.292279 0.000000 -5.632396 -2.600967
7170 -857904.232067 0.000000 -5.572184 -2.540755
7035 -857903.472277 0.000000 -4.812394 -1.780965
7553 -857904.232957 0.000000 -5.573074 -2.541645
12867 -857904.702053 0.000000 -6.042170 -3.010741
12745 -857904.227155 0.000000 -5.567272 -2.535843
13456 -857904.201577 0.000000 -5.541694 -2.510265
13344 -857903.476095 0.000000 -4.816212 -1.784783
13613 -857904.232927 0.000000 -5.573044 -2.541615
19204 -857904.702068 0.000000 -6.042186 -3.010756
19089 -857904.227176 0.000000 -5.567293 -2.535864
19514 -857904.199667 0.000000 -5.539785 -2.508355
19403 -857904.992953 0.000000 -6.333070 -3.301641
24780 -857904.232959 0.000000 -5.573076 -2.541647
25264 -857904.703834 0.000000 -6.043952 -3.012522
25149 -857904.227161 0.000000 -5.567278 -2.535849
25709 -857904.199673 0.000000 -5.539790 -2.508361
25636 -857904.992911 0.000000 -6.333028 -3.301599
30840 -857904.232794 0.000000 -5.572911 -2.541482
31554 -857903.215350 0.000000 -4.555467 -1.524038
31476 -857904.229290 0.000000 -5.569407 -2.537978
31768 -857904.197436 0.000000 -5.537553 -2.506124
36523 -857904.276094 0.000000 -5.616212 -2.584782
37183 -857904.233358 0.000000 -5.573475 -2.542046
37613 -857903.506050 0.000000 -4.846167 -1.814738
37537 -857904.229707 0.000000 -5.569825 -2.538395
37019 -857904.255610 0.000000 -5.595728 -2.564298
42780 -857904.276022 0.000000 -5.616139 -2.584710
43244 -857904.233352 0.000000 -5.573470 -2.542040
140773 -857903.584933 0.000000 -4.925050 -1.893621
43797 -857904.229656 0.000000 -5.569774 -2.538344
43080 -857904.716829 0.000000 -6.056946 -3.025517
749 -857905.291241 0.000000 -6.631358 -3.599929
629 -857904.278854 0.000000 -5.618972 -2.587542
1300 -857904.245742 0.000000 -5.585859 -2.554430
1208 -857905.029802 0.000000 -6.369919 -3.338490
1494 -857904.278168 0.000000 -5.618285 -2.586856
7046 -857905.291261 0.000000 -6.631378 -3.599949
6929 -857904.278873 0.000000 -5.618991 -2.587561
7395 -857904.243953 0.000000 -5.584070 -2.552641
7287 -857904.266810 0.000000 -5.606927 -2.575497
12620 -857904.278567 0.000000 -5.618684 -2.587255
13145 -857903.568583 0.000000 -4.908700 -1.877271
13031 -857904.278970 0.000000 -5.619087 -2.587658
13568 -857904.301368 0.000000 -5.641485 -2.610056
13513 -857904.266721 0.000000 -5.606838 -2.575409
18720 -857904.278550 0.000000 -5.618667 -2.587238
18584 -857903.586750 0.000000 -4.926868 -1.895438
19324 -857904.278867 0.000000 -5.618984 -2.587555
19648 -857904.760082 0.000000 -6.100199 -3.068770
19578 -857904.284415 0.000000 -5.624532 -2.593103
25023 -857904.277351 0.000000 -5.617469 -2.586039
24902 -857903.586843 0.000000 -4.926961 -1.895531
25419 -857904.278852 0.000000 -5.618969 -2.587540
25536 -857904.760148 0.000000 -6.100266 -3.068836
30618 -857904.284470 0.000000 -5.624587 -2.593158
31125 -857904.246430 0.000000 -5.586548 -2.555118
30974 -857903.479420 0.000000 -4.819537 -1.788108
31658 -857904.278484 0.000000 -5.618602 -2.587172
30922 -857905.164215 0.000000 -6.504332 -3.472903
36717 -857904.278220 0.000000 -5.618338 -2.586908
37420 -857904.245431 0.000000 -5.585549 -2.554119
37303 -857905.029808 0.000000 -6.369926 -3.338496
37735 -857904.278450 0.000000 -5.618567 -2.587138
36749 -857905.165744 0.000000 -6.505862 -3.474432
42996 -857904.278191 0.000000 -5.618308 -2.586879
43520 -857904.245434 0.000000 -5.585551 -2.554122
43386 -857905.029808 0.000000 -6.369925 -3.338496
43898 -857904.278165 0.000000 -5.618282 -2.586853
99124 -857904.410988 0.000000 -5.751105 -2.719676
748 -857904.727940 0.000000 -6.068058 -3.036628
2389 -857903.457361 0.000000 -4.797478 -1.766049
2390 -857903.909740 0.000000 -5.249857 -2.218428
2583 -857903.925682 0.000000 -5.265799 -2.234370
2584 -857903.956389 0.000000 -5.296506 -2.265077
400 -857904.401550 0.000000 -5.741668 -2.710238
1028 -857905.041057 0.000000 -6.381174 -3.349745
2745 -857903.826136 0.000000 -5.166253 -2.134824
2142 -857905.094031 0.000000 -6.434148 -3.402719
2103 -857903.940209 0.000000 -5.280327 -2.248897
2348 -857903.930909 0.000000 -5.271026 -2.239597
2308 -857903.958888 0.000000 -5.299006 -2.267576
628 -857904.374905 0.000000 -5.715022 -2.683593
2501 -857903.438034 0.000000 -4.778152 -1.746722
2502 -857904.357937 0.000000 -5.698054 -2.666625
1883 -857904.355787 0.000000 -5.695904 -2.664475
2060 -857903.960672 0.000000 -5.300789 -2.269360
873 -857903.988452 0.000000 -5.328570 -2.297140
914 -857904.412690 0.000000 -5.752807 -2.721378
2021 -857903.146326 0.000000 -4.486443 -1.455014
2265 -857903.533624 0.000000 -4.873741 -1.842312
2226 -857904.330436 0.000000 -5.670553 -2.639124
1679 -857904.390317 0.000000 -5.730434 -2.699005
1842 -857903.987302 0.000000 -5.327419 -2.295990
1151 -857904.379138 0.000000 -5.719255 -2.687826
1801 -857903.401719 0.000000 -4.741836 -1.710407
1979 -857903.914729 0.000000 -5.254847 -2.223417
1980 -857903.954188 0.000000 -5.294305 -2.262876
2205 -857904.383899 0.000000 -5.724016 -2.692587
1451 -857904.452330 0.000000 -5.792447 -2.761018
1337 -857904.453571 0.000000 -5.793688 -2.762259
1641 -857903.255831 0.000000 -4.595948 -1.564518
1615 -857903.507912 0.000000 -4.848030 -1.816600
1767 -857903.924412 0.000000 -5.264529 -2.233100
1741 -857903.944409 0.000000 -5.284526 -2.253097
1946 -857904.113354 0.000000 -5.453471 -2.422042
98442 -857904.916473 0.000000 -6.256590 -3.225160
1540 -857903.956539 0.000000 -5.296656 -2.265227
1541 -857903.929982 0.000000 -5.270100 -2.238670
1590 -857903.927112 0.000000 -5.267229 -2.235800
1591 -857903.933233 0.000000 -5.273350 -2.241921
1397 -857904.001575 0.000000 -5.341692 -2.310263
1227 -857904.555011 0.000000 -5.895129 -2.863699
1722 -857903.164410 0.000000 -4.504528 -1.473098
1712 -857903.988998 0.000000 -5.329115 -2.297686
1508 -857904.377222 0.000000 -5.717340 -2.685910
1523 -857903.956857 0.000000 -5.296974 -2.265545
1517 -857903.957336 0.000000 -5.297453 -2.266024
1493 -857904.377748 0.000000 -5.717865 -2.686436
1571 -857903.404776 0.000000 -4.744893 -1.713464
1572 -857903.945648 0.000000 -5.285765 -2.254336
1709 -857904.365763 0.000000 -5.705881 -2.674451
1505 -857904.382097 0.000000 -5.722215 -2.690785
6561 -857904.015574 0.000000 -5.355692 -2.324262
6602 -857904.415379 0.000000 -5.755497 -2.724067
8449 -857903.138157 0.000000 -4.478275 -1.446845
8685 -857903.502934 0.000000 -4.843052 -1.811622
8646 -857903.919487 0.000000 -5.259605 -2.228175
8835 -857903.957958 0.000000 -5.298075 -2.266646
8805 -857904.410967 0.000000 -5.751085 -2.719655
6848 -857904.727944 0.000000 -6.068061 -3.036632
8202 -857903.457372 0.000000 -4.797490 -1.766060
8405 -857903.909739 0.000000 -5.249856 -2.218427
8406 -857903.925664 0.000000 -5.265781 -2.234352
8603 -857903.956355 0.000000 -5.296472 -2.265043
6456 -857904.401523 0.000000 -5.741640 -2.710211
7087 -857905.040982 0.000000 -6.381100 -3.349670
8564 -857903.826148 0.000000 -5.166266 -2.134836
7942 -857905.094104 0.000000 -6.434221 -3.402792
8160 -857903.940238 0.000000 -5.280356 -2.248926
8121 -857903.930891 0.000000 -5.271008 -2.239579
8364 -857903.958831 0.000000 -5.298948 -2.267519
6726 -857904.374853 0.000000 -5.714971 -2.683541
8323 -857903.437947 0.000000 -4.778064 -1.746635
8551 -857904.357907 0.000000 -5.698025 -2.666595
7899 -857904.355871 0.000000 -5.695988 -2.664559
7900 -857903.960699 0.000000 -5.300817 -2.269387
7210 -857903.988374 0.000000 -5.328491 -2.297062
6972 -857904.412614 0.000000 -5.752731 -2.721302
8078 -857903.146484 0.000000 -4.486601 -1.455172
8040 -857903.533515 0.000000 -4.873632 -1.842203
8281 -857904.330481 0.000000 -5.670599 -2.639169
7735 -857904.390655 0.000000 -5.730772 -2.699343
7700 -857903.987715 0.000000 -5.327832 -2.296403
7394 -857904.379110 0.000000 -5.719228 -2.687798
7825 -857903.402538 0.000000 -4.742655 -1.711226
7826 -857903.914766 0.000000 -5.254883 -2.223454
8005 -857903.955188 0.000000 -5.295305 -2.263876
8006 -857904.386891 0.000000 -5.727008 -2.695579
7510 -857904.452076 0.000000 -5.792193 -2.760764
7532 -857904.452662 0.000000 -5.792779 -2.761350
7601 -857903.264418 0.000000 -4.604536 -1.573106
7669 -857903.512200 0.000000 -4.852318 -1.820888
7650 -857903.922409 0.000000 -5.262526 -2.231097
7798 -857903.936279 0.000000 -5.276397 -2.244967
7780 -857903.975205 0.000000 -5.315322 -2.283893
7286 -857904.536193 0.000000 -5.876310 -2.844881
7982 -857903.862813 0.000000 -5.202931 -2.171501
7584 -857904.354336 0.000000 -5.694453 -2.663024
7585 -857903.959496 0.000000 -5.299613 -2.268184
7634 -857903.931157 0.000000 -5.271274 -2.239845
7457 -857903.985519 0.000000 -5.325636 -2.294206
7461 -857904.440308 0.000000 -5.780426 -2.748996
7632 -857903.162882 0.000000 -4.502999 -1.471570
7767 -857903.957653 0.000000 -5.297770 -2.266341
7568 -857904.393783 0.000000 -5.733900 -2.702471
7566 -857903.958926 0.000000 -5.299043 -2.267614
7575 -857903.958220 0.000000 -5.298337 -2.266908
12445 -857904.378476 0.000000 -5.718593 -2.687164
14741 -857903.405192 0.000000 -4.745309 -1.713880
14892 -857903.946460 0.000000 -5.286577 -2.255148
14893 -857904.365762 0.000000 -5.705879 -2.674450
14301 -857904.382116 0.000000 -5.722233 -2.690804
12908 -857904.015505 0.000000 -5.355623 -2.324193
12662 -857904.415149 0.000000 -5.755266 -2.723837
14505 -857903.135969 0.000000 -4.476086 -1.444657
14466 -857903.500709 0.000000 -4.840826 -1.809397
14699 -857903.917850 0.000000 -5.257968 -2.226538
14660 -857903.953853 0.000000 -5.293971 -2.262541
14861 -857904.381051 0.000000 -5.721168 -2.689739
13144 -857904.771618 0.000000 -6.111735 -3.080306
14219 -857903.577313 0.000000 -4.917430 -1.886001
14220 -857903.920859 0.000000 -5.260976 -2.229547
14422 -857903.935276 0.000000 -5.275394 -2.243964
14423 -857903.946522 0.000000 -5.286639 -2.255210
12786 -857904.145049 0.000000 -5.485166 -2.453737
110318 -857904.943086 0.000000 -6.283204 -3.251774
14617 -857904.855161 0.000000 -6.195278 -3.163849
13999 -857904.373966 0.000000 -5.714083 -2.682654
13960 -857903.960416 0.000000 -5.300533 -2.269104
14178 -857903.927552 0.000000 -5.267670 -2.236240
14138 -857903.956540 0.000000 -5.296658 -2.265228
13030 -857904.374961 0.000000 -5.715078 -2.683649
14340 -857903.434522 0.000000 -4.774640 -1.743210
14341 -857904.335347 0.000000 -5.675464 -2.644035
13794 -857904.378637 0.000000 -5.718754 -2.687325
13917 -857903.961073 0.000000 -5.301190 -2.269761
13268 -857903.988406 0.000000 -5.328524 -2.297094
13301 -857904.414682 0.000000 -5.754800 -2.723370
13885 -857903.147685 0.000000 -4.487802 -1.456373
14096 -857903.503163 0.000000 -4.843280 -1.811851
14066 -857903.950075 0.000000 -5.290192 -2.258763
14322 -857904.388625 0.000000 -5.728742 -2.697313
13757 -857904.389772 0.000000 -5.729889 -2.698460
13482 -857904.411959 0.000000 -5.752077 -2.720647
13729 -857903.404843 0.000000 -4.744960 -1.713531
13856 -857903.914728 0.000000 -5.254845 -2.223416
13857 -857903.954645 0.000000 -5.294762 -2.263333
14045 -857904.374319 0.000000 -5.714436 -2.683006
13094 -857904.463037 0.000000 -5.803154 -2.771725
13591 -857904.453836 0.000000 -5.793953 -2.762524
13656 -857903.264586 0.000000 -4.604703 -1.573274
13642 -857903.512599 0.000000 -4.852717 -1.821287
13707 -857903.922390 0.000000 -5.262508 -2.231078
13695 -857903.935922 0.000000 -5.276040 -2.244610
13837 -857903.975966 0.000000 -5.316083 -2.284654
13347 -857904.536280 0.000000 -5.876397 -2.844968
13827 -857903.862803 0.000000 -5.202920 -2.171491
13623 -857904.353930 0.000000 -5.694048 -2.662618
13632 -857903.959635 0.000000 -5.299753 -2.268323
13633 -857903.931200 0.000000 -5.271317 -2.239888
13614 -857903.985741 0.000000 -5.325858 -2.294429
13520 -857904.440393 0.000000 -5.780510 -2.749081
13688 -857903.162947 0.000000 -4.503065 -1.471635
13687 -857903.957664 0.000000 -5.297781 -2.266352
20357 -857904.393701 0.000000 -5.733818 -2.702389
20602 -857903.958851 0.000000 -5.298969 -2.267539
20562 -857903.958246 0.000000 -5.298363 -2.266934
18719 -857904.378553 0.000000 -5.718670 -2.687241
20758 -857903.405290 0.000000 -4.745408 -1.713978
20759 -857903.946491 0.000000 -5.286608 -2.255179
20918 -857904.365738 0.000000 -5.705855 -2.674426
20315 -857904.382103 0.000000 -5.722220 -2.690790
18965 -857904.015518 0.000000 -5.355635 -2.324206
19006 -857904.415188 0.000000 -5.755305 -2.723876
20276 -857903.135948 0.000000 -4.476065 -1.444636
20519 -857903.500796 0.000000 -4.840914 -1.809484
20480 -857903.917896 0.000000 -5.258014 -2.226584
20717 -857903.953882 0.000000 -5.293999 -2.262570
20677 -857904.381036 0.000000 -5.721153 -2.689724
19245 -857904.771607 0.000000 -6.111725 -3.080295
20056 -857903.577306 0.000000 -4.917423 -1.885994
20232 -857903.920928 0.000000 -5.261045 -2.229616
20233 -857903.935332 0.000000 -5.275450 -2.244020
20437 -857903.946590 0.000000 -5.286707 -2.255278
18844 -857904.145182 0.000000 -5.485300 -2.453870
116377 -857904.942967 0.000000 -6.283084 -3.251655
20398 -857904.854967 0.000000 -6.195085 -3.163655
19851 -857904.374137 0.000000 -5.714255 -2.682825
20015 -857903.960677 0.000000 -5.300794 -2.269365
19976 -857903.927607 0.000000 -5.267724 -2.236295
20191 -857903.956616 0.000000 -5.296733 -2.265304
19127 -857904.374960 0.000000 -5.715077 -2.683648
20153 -857903.435065 0.000000 -4.775182 -1.743753
20377 -857904.335904 0.000000 -5.676021 -2.644592
19812 -857904.379254 0.000000 -5.719372 -2.687942
19813 -857903.960833 0.000000 -5.300950 -2.269521
19542 -857903.987862 0.000000 -5.327979 -2.296550
19359 -857904.414377 0.000000 -5.754494 -2.723065
19941 -857903.146675 0.000000 -4.486792 -1.455363
19915 -857903.502603 0.000000 -4.842720 -1.811291
20119 -857903.948131 0.000000 -5.288248 -2.256819
20102 -857904.364369 0.000000 -5.704487 -2.673057
19715 -857904.414489 0.000000 -5.754606 -2.723177
19647 -857904.414150 0.000000 -5.754268 -2.722838
19763 -857903.396761 0.000000 -4.736878 -1.705449
19764 -857903.916514 0.000000 -5.256631 -2.225202
19894 -857903.934084 0.000000 -5.274201 -2.242771
19895 -857904.080983 0.000000 -5.421101 -2.389671
116103 -857904.786698 0.000000 -6.126815 -3.095386
18762 -857904.772834 0.000000 -6.112951 -3.081522
19682 -857903.569617 0.000000 -4.909734 -1.878305
19698 -857903.575419 0.000000 -4.915537 -1.884107
19692 -857903.918676 0.000000 -5.258793 -2.227364
19750 -857903.935072 0.000000 -5.275189 -2.243760
19746 -857903.976872 0.000000 -5.316990 -2.285560
19577 -857904.517706 0.000000 -5.857823 -2.826393
19881 -857903.858711 0.000000 -5.198828 -2.167399
19678 -857904.373977 0.000000 -5.714094 -2.682665
19679 -857903.962057 0.000000 -5.302174 -2.270745
19688 -857903.931321 0.000000 -5.271439 -2.240009
24563 -857903.986219 0.000000 -5.326336 -2.294907
24604 -857904.411007 0.000000 -5.751124 -2.719695
26823 -857903.146866 0.000000 -4.486983 -1.455554
27012 -857903.537846 0.000000 -4.877963 -1.846534
26982 -857904.370679 0.000000 -5.710797 -2.679367
26381 -857904.353994 0.000000 -5.694111 -2.662682
26623 -857903.986185 0.000000 -5.326302 -2.294873
24821 -857904.379457 0.000000 -5.719574 -2.688145
26582 -857903.405388 0.000000 -4.745505 -1.714076
26779 -857903.945814 0.000000 -5.285931 -2.254502
26780 -857904.351114 0.000000 -5.691232 -2.659802
26149 -857904.393807 0.000000 -5.733924 -2.702495
25305 -857904.015535 0.000000 -5.355652 -2.324223
25066 -857904.415173 0.000000 -5.755291 -2.723861
26338 -857903.135566 0.000000 -4.475683 -1.444254
26299 -857903.500337 0.000000 -4.840454 -1.809025
26540 -857903.917580 0.000000 -5.257697 -2.226268
26501 -857903.954632 0.000000 -5.294750 -2.263320
26738 -857904.381047 0.000000 -5.721164 -2.689735
25495 -857904.770727 0.000000 -6.110844 -3.079415
26077 -857903.576766 0.000000 -4.916883 -1.885454
26078 -857903.921002 0.000000 -5.261119 -2.229690
26255 -857903.935355 0.000000 -5.275472 -2.244043
26256 -857903.946799 0.000000 -5.286916 -2.255487
25189 -857904.145320 0.000000 -5.485437 -2.454008
122596 -857904.942782 0.000000 -6.282899 -3.251470
26458 -857904.854958 0.000000 -6.195075 -3.163646
25914 -857904.374030 0.000000 -5.714147 -2.682718
25880 -857903.960579 0.000000 -5.300696 -2.269267
26037 -857903.927639 0.000000 -5.267756 -2.236327
26003 -857903.956690 0.000000 -5.296807 -2.265378
25418 -857904.375017 0.000000 -5.715135 -2.683705
26183 -857903.435150 0.000000 -4.775267 -1.743838
26184 -857904.335882 0.000000 -5.675999 -2.644570
25800 -857904.379226 0.000000 -5.719343 -2.687914
25848 -857903.960836 0.000000 -5.300953 -2.269523
25599 -857903.987894 0.000000 -5.328011 -2.296582
25619 -857904.414411 0.000000 -5.754528 -2.723099
25830 -857903.146682 0.000000 -4.486800 -1.455370
25976 -857903.502657 0.000000 -4.842774 -1.811345
25958 -857903.948137 0.000000 -5.288254 -2.256825
26164 -857904.364349 0.000000 -5.704466 -2.673037
25775 -857904.414495 0.000000 -5.754612 -2.723183
25723 -857904.414181 0.000000 -5.754299 -2.722869
25761 -857903.396793 0.000000 -4.736911 -1.705481
25813 -857903.916517 0.000000 -5.256634 -2.225205
25814 -857903.934112 0.000000 -5.274229 -2.242800
25946 -857904.081028 0.000000 -5.421146 -2.389716
121369 -857904.786630 0.000000 -6.126748 -3.095318
24863 -857904.772848 0.000000 -6.112965 -3.081536
25744 -857903.569731 0.000000 -4.909848 -1.878419
25742 -857903.575402 0.000000 -4.915519 -1.884090
25752 -857903.918618 0.000000 -5.258736 -2.227306
25751 -857903.935108 0.000000 -5.275226 -2.243796
25808 -857903.977113 0.000000 -5.317230 -2.285800
30486 -857904.518001 0.000000 -5.858118 -2.826689
33070 -857903.858408 0.000000 -5.198525 -2.167096
32477 -857904.374479 0.000000 -5.714596 -2.683167
32681 -857903.961651 0.000000 -5.301769 -2.270339
32682 -857903.930529 0.000000 -5.270646 -2.239217
30881 -857903.985311 0.000000 -5.325428 -2.293999
30661 -857904.410167 0.000000 -5.750284 -2.718855
32878 -857903.146371 0.000000 -4.486489 -1.455059
32839 -857903.536224 0.000000 -4.876341 -1.844912
33038 -857904.345689 0.000000 -5.685806 -2.654377
32436 -857904.378358 0.000000 -5.718475 -2.687046
32396 -857903.987357 0.000000 -5.327474 -2.296045
31124 -857904.379672 0.000000 -5.719790 -2.688360
32599 -857903.406396 0.000000 -4.746514 -1.715084
32600 -857903.916349 0.000000 -5.256467 -2.225037
32795 -857903.957312 0.000000 -5.297429 -2.266000
32796 -857904.413714 0.000000 -5.753832 -2.722402
31361 -857904.423383 0.000000 -5.763500 -2.732071
31402 -857904.448367 0.000000 -5.788484 -2.757055
32139 -857903.168596 0.000000 -4.508713 -1.477284
32353 -857903.502621 0.000000 -4.842738 -1.811309
32314 -857903.917257 0.000000 -5.257374 -2.225945
32558 -857903.955277 0.000000 -5.295394 -2.263965
32518 -857904.372945 0.000000 -5.713063 -2.681633
31595 -857904.776674 0.000000 -6.116791 -3.085362
31970 -857903.595178 0.000000 -4.935295 -1.903866
32095 -857903.922777 0.000000 -5.262894 -2.231465
32096 -857903.931702 0.000000 -5.271819 -2.240390
32273 -857903.935325 0.000000 -5.275442 -2.244013
31245 -857904.002188 0.000000 -5.342306 -2.310876
31269 -857904.567719 0.000000 -5.907837 -2.876407
32243 -857903.168770 0.000000 -4.508887 -1.477458
32498 -857903.992713 0.000000 -5.332830 -2.301401
31933 -857904.355139 0.000000 -5.695256 -2.663826
31906 -857903.956764 0.000000 -5.296881 -2.265452
32060 -857903.957983 0.000000 -5.298100 -2.266671
31502 -857904.375698 0.000000 -5.715816 -2.684386
32034 -857903.431108 0.000000 -4.771225 -1.739796
32222 -857904.320012 0.000000 -5.660129 -2.628700
31833 -857904.390838 0.000000 -5.730956 -2.699526
31834 -857903.961492 0.000000 -5.301610 -2.270180
31782 -857903.987446 0.000000 -5.327563 -2.296134
31680 -857904.414112 0.000000 -5.754229 -2.722800
31883 -857903.147006 0.000000 -4.487123 -1.455694
31873 -857903.502264 0.000000 -4.842381 -1.810952
32014 -857903.950110 0.000000 -5.290227 -2.258798
32004 -857904.367332 0.000000 -5.707449 -2.676020
31801 -857904.412053 0.000000 -5.752170 -2.720741
31042 -857904.411836 0.000000 -5.751953 -2.720524
31810 -857903.401661 0.000000 -4.741779 -1.710349
31811 -857903.913257 0.000000 -5.253374 -2.221945
31864 -857903.926889 0.000000 -5.267007 -2.235577
31865 -857903.955311 0.000000 -5.295428 -2.263999
133999 -857904.409391 0.000000 -5.749508 -2.718079
37100 -857905.027302 0.000000 -6.367420 -3.335990
135478 -857903.829941 0.000000 -5.170058 -2.138629
38783 -857905.069433 0.000000 -6.409550 -3.378121
38744 -857903.939598 0.000000 -5.279715 -2.248286
38981 -857903.932042 0.000000 -5.272159 -2.240730
38941 -857903.959971 0.000000 -5.300088 -2.268659
36716 -857904.403439 0.000000 -5.743556 -2.712127
39101 -857903.826049 0.000000 -5.166166 -2.134737
38495 -857904.389403 0.000000 -5.729520 -2.698091
38496 -857903.963053 0.000000 -5.303170 -2.271741
38701 -857903.931325 0.000000 -5.271442 -2.240013
36937 -857903.986485 0.000000 -5.326602 -2.295173
36978 -857904.408941 0.000000 -5.749058 -2.717629
38662 -857903.146892 0.000000 -4.487009 -1.455580
38898 -857903.535845 0.000000 -4.875962 -1.844533
38859 -857904.345709 0.000000 -5.685826 -2.654397
38236 -857904.378292 0.000000 -5.718409 -2.686980
38454 -857903.987286 0.000000 -5.327403 -2.295974
37224 -857904.379222 0.000000 -5.719339 -2.687909
38413 -857903.402307 0.000000 -4.742424 -1.710995
38618 -857903.914994 0.000000 -5.255112 -2.223682
38619 -857903.953342 0.000000 -5.293459 -2.262030
38846 -857904.383971 0.000000 -5.724088 -2.692659
37654 -857904.453286 0.000000 -5.793404 -2.761974
37463 -857904.453084 0.000000 -5.793201 -2.761772
38194 -857903.255528 0.000000 -4.595645 -1.564216
38156 -857903.507889 0.000000 -4.848006 -1.816577
38371 -857903.924401 0.000000 -5.264518 -2.233089
38333 -857903.944168 0.000000 -5.284285 -2.252856
38577 -857904.113199 0.000000 -5.453316 -2.421887
134713 -857904.916760 0.000000 -6.256877 -3.225448
37995 -857903.956549 0.000000 -5.296666 -2.265236
37996 -857903.929902 0.000000 -5.270019 -2.238590
38119 -857903.927063 0.000000 -5.267180 -2.235751
38120 -857903.933065 0.000000 -5.273182 -2.241752
37561 -857904.001275 0.000000 -5.341392 -2.309963
37329 -857904.554785 0.000000 -5.894902 -2.863473
38299 -857903.164394 0.000000 -4.504511 -1.473082
38282 -857903.989443 0.000000 -5.329561 -2.298131
37896 -857904.376641 0.000000 -5.716758 -2.685329
37966 -857903.957120 0.000000 -5.297237 -2.265808
37946 -857903.957820 0.000000 -5.297938 -2.266508
37734 -857904.377947 0.000000 -5.718065 -2.686635
38074 -857903.405411 0.000000 -4.745528 -1.714099
38075 -857903.947246 0.000000 -5.287363 -2.255934
38276 -857904.387884 0.000000 -5.728001 -2.696572
37878 -857904.358152 0.000000 -5.698269 -2.666840
37839 -857904.014122 0.000000 -5.354240 -2.322810
37847 -857904.415162 0.000000 -5.755280 -2.723850
37872 -857903.146537 0.000000 -4.486654 -1.455225
37931 -857903.502822 0.000000 -4.842939 -1.811510
37927 -857903.949258 0.000000 -5.289375 -2.257946
38063 -857904.353372 0.000000 -5.693490 -2.662060
37862 -857904.424296 0.000000 -5.764413 -2.732984
36896 -857904.412944 0.000000 -5.753062 -2.721632
37860 -857903.400804 0.000000 -4.740922 -1.709492
45037 -857903.913152 0.000000 -5.253269 -2.221840
45038 -857903.926498 0.000000 -5.266615 -2.235186
45187 -857903.956190 0.000000 -5.296308 -2.264878
42606 -857904.409534 0.000000 -5.749652 -2.718222
43161 -857905.026525 0.000000 -6.366642 -3.335213
45157 -857903.829988 0.000000 -5.170106 -2.138676
44558 -857905.068919 0.000000 -6.409036 -3.377607
44799 -857903.939478 0.000000 -5.279595 -2.248166
44760 -857903.931985 0.000000 -5.272102 -2.240673
44996 -857903.960153 0.000000 -5.300270 -2.268841
42810 -857904.403511 0.000000 -5.743629 -2.712199
44955 -857903.826082 0.000000 -5.166200 -2.134770
44326 -857904.389274 0.000000 -5.729391 -2.697961
44514 -857903.962934 0.000000 -5.303051 -2.271622
44515 -857903.931365 0.000000 -5.271482 -2.240053
43285 -857903.986565 0.000000 -5.326682 -2.295253
43039 -857904.409003 0.000000 -5.749120 -2.717691
44717 -857903.146895 0.000000 -4.487012 -1.455583
44678 -857903.535951 0.000000 -4.876068 -1.844639
44913 -857904.345686 0.000000 -5.685804 -2.654374
44295 -857904.378265 0.000000 -5.718383 -2.686953
44255 -857903.987281 0.000000 -5.327399 -2.295969
43519 -857904.379259 0.000000 -5.719377 -2.687947
44432 -857903.402355 0.000000 -4.742472 -1.711043
44433 -857903.915021 0.000000 -5.255138 -2.223709
44634 -857903.953355 0.000000 -5.293472 -2.262043
44635 -857904.383945 0.000000 -5.724062 -2.692633
43712 -857904.453285 0.000000 -5.793402 -2.761973
43748 -857904.453109 0.000000 -5.793226 -2.761797
44055 -857903.255558 0.000000 -4.595675 -1.564246
44213 -857903.507895 0.000000 -4.848012 -1.816583
44179 -857903.924428 0.000000 -5.264545 -2.233116
44392 -857903.944207 0.000000 -5.284324 -2.252894
44362 -857904.113262 0.000000 -5.453379 -2.421950
140803 -857904.916691 0.000000 -6.256808 -3.225379
43975 -857903.956642 0.000000 -5.296760 -2.265330
44023 -857903.930084 0.000000 -5.270202 -2.238772
44024 -857903.927096 0.000000 -5.267213 -2.235784
44151 -857903.933155 0.000000 -5.273273 -2.241843
43620 -857904.001512 0.000000 -5.341630 -2.310200
43638 -857904.555057 0.000000 -5.895175 -2.863745
44133 -857903.164348 0.000000 -4.504465 -1.473036
44341 -857903.989011 0.000000 -5.329128 -2.297699
43952 -857904.377254 0.000000 -5.717371 -2.685942
43938 -857903.956873 0.000000 -5.296990 -2.265561
44002 -857903.957316 0.000000 -5.297433 -2.266004
43808 -857904.377718 0.000000 -5.717835 -2.686406
43990 -857903.404729 0.000000 -4.744846 -1.713417
44120 -857903.945661 0.000000 -5.285779 -2.254349
44121 -857904.365785 0.000000 -5.705903 -2.674473
43920 -857904.382102 0.000000 -5.722220 -2.690790
42957 -857904.015567 0.000000 -5.355684 -2.324255
43905 -857904.415369 0.000000 -5.755487 -2.724057
43929 -857903.138129 0.000000 -4.478246 -1.446817
43928 -857903.502911 0.000000 -4.843029 -1.811599
43984 -857903.919501 0.000000 -5.259618 -2.228188
43983 -857903.957981 0.000000 -5.298098 -2.266668
2183 -857903.829819 0.000000 -5.169936 -2.138507
2307 -857904.412377 0.000000 -5.752494 -2.721065
1800 -857904.403045 0.000000 -5.743162 -2.711733
1928 -857903.978668 0.000000 -5.318785 -2.287356
1516 -857904.410388 0.000000 -5.750505 -2.719076
8201 -857903.829822 0.000000 -5.169939 -2.138510
8322 -857904.412361 0.000000 -5.752478 -2.721049
7699 -857904.403134 0.000000 -5.743251 -2.711822
7779 -857904.403595 0.000000 -5.743713 -2.712283
14740 -857904.410827 0.000000 -5.750945 -2.719515
14030 -857903.586642 0.000000 -4.926759 -1.895330
14137 -857904.412544 0.000000 -5.752661 -2.721232
13728 -857904.382740 0.000000 -5.722857 -2.691428
13826 -857904.403847 0.000000 -5.743964 -2.712535
20561 -857904.410825 0.000000 -5.750942 -2.719512
20676 -857903.568630 0.000000 -4.908747 -1.877318
20152 -857904.412559 0.000000 -5.752676 -2.721247
19714 -857904.248703 0.000000 -5.588821 -2.557391
19745 -857904.408817 0.000000 -5.748935 -2.717505
26581 -857904.413204 0.000000 -5.753321 -2.721892
26727 -857903.567632 0.000000 -4.907749 -1.876320
26002 -857904.412578 0.000000 -5.752695 -2.721266
25760 -857904.248686 0.000000 -5.588803 -2.557374
33069 -857904.409026 0.000000 -5.749143 -2.717714
32395 -857904.402317 0.000000 -5.742434 -2.711005
32517 -857903.596087 0.000000 -4.936204 -1.904775
32033 -857904.413617 0.000000 -5.753735 -2.722305
31800 -857904.216663 0.000000 -5.556780 -2.525351
38940 -857904.409147 0.000000 -5.749264 -2.717835
38412 -857904.402912 0.000000 -5.743029 -2.711600
38558 -857903.978734 0.000000 -5.318851 -2.287422
37945 -857904.410029 0.000000 -5.750146 -2.718717
37859 -857904.217450 0.000000 -5.557567 -2.526138
44954 -857904.409212 0.000000 -5.749330 -2.717900
44254 -857904.402905 0.000000 -5.743022 -2.711593
44361 -857903.978634 0.000000 -5.318751 -2.287322
43989 -857904.410380 0.000000 -5.750497 -2.719068
2545 -857904.358739 0.000000 -5.698856 -2.667427
2061 -857904.376922 0.000000 -5.717039 -2.685610
2206 -857903.505746 0.000000 -4.845863 -1.814434
1580 -857904.376565 0.000000 -5.716682 -2.685253
8488 -857904.215055 0.000000 -5.555172 -2.523743
8604 -857904.358704 0.000000 -5.698821 -2.667392
7862 -857904.376989 0.000000 -5.717106 -2.685676
7988 -857903.523629 0.000000 -4.863746 -1.832317
7635 -857904.377198 0.000000 -5.717316 -2.685886
14263 -857904.215952 0.000000 -5.556069 -2.524640
14384 -857904.374772 0.000000 -5.714890 -2.683460
13918 -857904.365536 0.000000 -5.705653 -2.674224
14046 -857903.521305 0.000000 -4.861422 -1.829993
13631 -857904.377179 0.000000 -5.717296 -2.685867
20316 -857904.215951 0.000000 -5.556068 -2.524639
20438 -857904.374838 0.000000 -5.714955 -2.683526
19786 -857904.367324 0.000000 -5.707441 -2.676012
19884 -857903.939298 0.000000 -5.279415 -2.247986
26862 -857904.374196 0.000000 -5.714314 -2.682884
26120 -857904.216952 0.000000 -5.557070 -2.525640
26218 -857904.374924 0.000000 -5.715041 -2.683612
25849 -857904.367308 0.000000 -5.707426 -2.675996
25947 -857903.939149 0.000000 -5.279266 -2.247837
32643 -857904.374731 0.000000 -5.714849 -2.683419
32178 -857903.829652 0.000000 -5.169769 -2.138340
32274 -857904.377640 0.000000 -5.717757 -2.686328
31819 -857904.368052 0.000000 -5.708169 -2.676740
39134 -857904.352888 0.000000 -5.693005 -2.661576
38702 -857904.375043 0.000000 -5.715160 -2.683731
38033 -857903.584875 0.000000 -4.924993 -1.893563
38095 -857904.376583 0.000000 -5.716701 -2.685271
37879 -857904.347101 0.000000 -5.687218 -2.655789
45188 -857904.353280 0.000000 -5.693397 -2.661968
44476 -857904.375036 0.000000 -5.715153 -2.683724
141029 -857903.506038 0.000000 -4.846156 -1.814726
44152 -857904.376542 0.000000 -5.716659 -2.685230
43918 -857904.215063 0.000000 -5.555180 -2.523751
2777 -857904.349430 0.000000 -5.689548 -2.658118
2306 -857903.983515 0.000000 -5.323632 -2.292203
1678 -857903.868478 0.000000 -5.208595 -2.177166
1740 -857903.953247 0.000000 -5.293365 -2.261935
1515 -857903.981325 0.000000 -5.321442 -2.290013
8804 -857904.349395 0.000000 -5.689513 -2.658083
8120 -857903.983525 0.000000 -5.323643 -2.292213
7698 -857903.868238 0.000000 -5.208356 -2.176926
7778 -857903.985240 0.000000 -5.325358 -2.293928
7565 -857903.981957 0.000000 -5.322075 -2.290645
14659 -857903.938510 0.000000 -5.278628 -2.247198
14136 -857903.984472 0.000000 -5.324590 -2.293160
13679 -857903.444981 0.000000 -4.785098 -1.753669
13694 -857903.985322 0.000000 -5.325439 -2.294010
20560 -857903.981930 0.000000 -5.322047 -2.290618
20675 -857903.938490 0.000000 -5.278608 -2.247178
19975 -857903.984543 0.000000 -5.324660 -2.293231
19713 -857904.889458 0.000000 -6.229575 -3.198146
19744 -857903.987553 0.000000 -5.327670 -2.296241
26380 -857903.977458 0.000000 -5.317576 -2.286146
26500 -857903.938800 0.000000 -5.278918 -2.247488
26001 -857903.984540 0.000000 -5.324657 -2.293228
26160 -857903.390590 0.000000 -4.730707 -1.699278
32920 -857903.987738 0.000000 -5.327855 -2.296426
32394 -857903.866536 0.000000 -5.206653 -2.175224
32516 -857903.943209 0.000000 -5.283326 -2.251897
31905 -857903.986505 0.000000 -5.326623 -2.295193
32003 -857903.405751 0.000000 -4.745869 -1.714439
38939 -857903.988289 0.000000 -5.328406 -2.296977
38235 -857903.867791 0.000000 -5.207908 -2.176479
38332 -857903.953180 0.000000 -5.293297 -2.261868
37944 -857903.980205 0.000000 -5.320322 -2.288893
38062 -857903.402654 0.000000 -4.742771 -1.711342
44759 -857903.988268 0.000000 -5.328386 -2.296956
44253 -857903.867766 0.000000 -5.207883 -2.176454
44360 -857903.953153 0.000000 -5.293270 -2.261841
43937 -857903.981336 0.000000 -5.321454 -2.290024
2585 -857903.956860 0.000000 -5.296978 -2.265548
1845 -857903.945205 0.000000 -5.285322 -2.253893
1949 -857903.918820 0.000000 -5.258937 -2.227508
1592 -857903.955793 0.000000 -5.295910 -2.264481
8244 -857904.623682 0.000000 -5.963800 -2.932370
8367 -857903.956834 0.000000 -5.296951 -2.265522
7901 -857903.945195 0.000000 -5.285312 -2.253883
8007 -857903.920297 0.000000 -5.260414 -2.228985
7578 -857903.956630 0.000000 -5.296747 -2.265318
14863 -857903.389738 0.000000 -4.729855 -1.698426
14424 -857903.960651 0.000000 -5.300768 -2.269339
13760 -857903.833865 0.000000 -5.173982 -2.142553
13840 -857903.919914 0.000000 -5.260031 -2.228602
13634 -857903.956598 0.000000 -5.296715 -2.265285
20919 -857903.389768 0.000000 -4.729885 -1.698456
20194 -857903.960748 0.000000 -5.300865 -2.269436
19814 -857903.835185 0.000000 -5.175302 -2.143873
19896 -857903.928107 0.000000 -5.268225 -2.236795
26626 -857903.949731 0.000000 -5.289848 -2.258419
26741 -857903.386277 0.000000 -4.726395 -1.694965
26257 -857903.960771 0.000000 -5.300889 -2.269459
25778 -857903.835162 0.000000 -5.175279 -2.143850
25811 -857903.928047 0.000000 -5.268164 -2.236735
32683 -857903.950882 0.000000 -5.290999 -2.259570
32797 -857903.796611 0.000000 -5.136728 -2.105299
32063 -857903.955171 0.000000 -5.295289 -2.263859
31835 -857903.835543 0.000000 -5.175661 -2.144231
31866 -857903.954242 0.000000 -5.294359 -2.262930
38457 -857903.951452 0.000000 -5.291569 -2.260140
38580 -857903.918553 0.000000 -5.258670 -2.227241
38121 -857903.955794 0.000000 -5.295911 -2.264482
37864 -857903.424104 0.000000 -4.764221 -1.732792
44999 -857903.954362 0.000000 -5.294479 -2.263050
44516 -857903.951417 0.000000 -5.291534 -2.260105
44636 -857903.918531 0.000000 -5.258649 -2.227219
44005 -857903.955791 0.000000 -5.295909 -2.264479
43921 -857904.623699 0.000000 -5.963816 -2.932387
2776 -857903.919356 0.000000 -5.259474 -2.228044
2102 -857903.921230 0.000000 -5.261347 -2.229918
2225 -857903.393261 0.000000 -4.733378 -1.701949
1739 -857903.926147 0.000000 -5.266264 -2.234835
1507 -857903.809938 0.000000 -5.150055 -2.118626
8645 -857903.919341 0.000000 -5.259458 -2.228028
8119 -857903.921240 0.000000 -5.261357 -2.229928
8263 -857903.394693 0.000000 -4.734810 -1.703381
7649 -857903.926305 0.000000 -5.266423 -2.234993
7564 -857903.810513 0.000000 -5.150630 -2.119201
14658 -857903.926394 0.000000 -5.266511 -2.235082
13959 -857903.922686 0.000000 -5.262804 -2.231374
14065 -857903.799443 0.000000 -5.139560 -2.108131
13693 -857903.926214 0.000000 -5.266331 -2.234902
20356 -857903.810501 0.000000 -5.150618 -2.119189
20479 -857903.926409 0.000000 -5.266526 -2.235097
19974 -857903.922873 0.000000 -5.262990 -2.231561
20101 -857903.909615 0.000000 -5.249732 -2.218303
19691 -857903.927846 0.000000 -5.267963 -2.236534
26379 -857903.403396 0.000000 -4.743513 -1.712084
26499 -857903.926485 0.000000 -5.266603 -2.235173
25879 -857903.922858 0.000000 -5.262976 -2.231546
25957 -857903.909581 0.000000 -5.249698 -2.218269
32919 -857903.927947 0.000000 -5.268064 -2.236635
32208 -857903.079462 0.000000 -4.419579 -1.388150
32313 -857903.927535 0.000000 -5.267652 -2.236223
31904 -857903.917284 0.000000 -5.257401 -2.225972
32002 -857903.912909 0.000000 -5.253026 -2.221597
38743 -857903.929216 0.000000 -5.269333 -2.237904
38858 -857903.396520 0.000000 -4.736637 -1.705208
38331 -857903.926095 0.000000 -5.266213 -2.234783
37895 -857903.808581 0.000000 -5.148698 -2.117269
37926 -857903.912528 0.000000 -5.252645 -2.221216
44758 -857903.929203 0.000000 -5.269320 -2.237891
44903 -857903.396517 0.000000 -4.736635 -1.705205
44178 -857903.926121 0.000000 -5.266238 -2.234809
43936 -857903.809958 0.000000 -5.150075 -2.118646
2351 -857903.925619 0.000000 -5.265736 -2.234307
1884 -857903.395254 0.000000 -4.735372 -1.703942
1981 -857903.928561 0.000000 -5.268678 -2.237249
1526 -857903.922571 0.000000 -5.262688 -2.231259
8838 -857903.913340 0.000000 -5.253458 -2.222028
8407 -857903.925611 0.000000 -5.265728 -2.234299
7737 -857903.395186 0.000000 -4.735303 -1.703874
7801 -857903.928628 0.000000 -5.268745 -2.237316
7586 -857903.914992 0.000000 -5.255109 -2.223680
14894 -857903.912461 0.000000 -5.252578 -2.221149
14181 -857903.929956 0.000000 -5.270074 -2.238644
13795 -857904.473199 0.000000 -5.813316 -2.781887
13858 -857903.928522 0.000000 -5.268639 -2.237210
13622 -857903.914974 0.000000 -5.255092 -2.223662
20720 -857903.912481 0.000000 -5.252599 -2.221169
20234 -857903.930059 0.000000 -5.270176 -2.238746
20378 -857903.401243 0.000000 -4.741360 -1.709931
19753 -857903.926290 0.000000 -5.266408 -2.234978
26664 -857903.805157 0.000000 -5.145274 -2.113845
26781 -857903.912226 0.000000 -5.252344 -2.220914
26040 -857903.930070 0.000000 -5.270187 -2.238758
26166 -857903.401238 0.000000 -4.741356 -1.709926
25815 -857903.926307 0.000000 -5.266425 -2.234995
32439 -857903.806456 0.000000 -5.146573 -2.115144
32561 -857903.918997 0.000000 -5.259115 -2.227685
32097 -857903.921168 0.000000 -5.261285 -2.229856
32223 -857903.398400 0.000000 -4.738518 -1.707088
31809 -857903.924025 0.000000 -5.264143 -2.232713
38497 -857903.807093 0.000000 -5.147211 -2.115781
38620 -857903.928502 0.000000 -5.268619 -2.237190
37969 -857903.922494 0.000000 -5.262611 -2.231182
38066 -857903.803526 0.000000 -5.143643 -2.112214
45039 -857903.923957 0.000000 -5.264075 -2.232645
44297 -857903.807061 0.000000 -5.147178 -2.115749
44395 -857903.928506 0.000000 -5.268624 -2.237194
44025 -857903.922583 0.000000 -5.262701 -2.231271
44122 -857903.913348 0.000000 -5.253465 -2.222036
2626 -857903.921415 0.000000 -5.261532 -2.230103
2101 -857903.807556 0.000000 -5.147673 -2.116244
2224 -857903.909984 0.000000 -5.250101 -2.218672
1614 -857903.927597 0.000000 -5.267715 -2.236285
1711 -857903.397727 0.000000 -4.737844 -1.706415
8644 -857903.921406 0.000000 -5.261523 -2.230094
7941 -857903.807538 0.000000 -5.147655 -2.116226
8039 -857903.909776 0.000000 -5.249893 -2.218464
7648 -857903.921294 0.000000 -5.261411 -2.229982
7766 -857903.396603 0.000000 -4.736721 -1.705291
14465 -857903.924201 0.000000 -5.264319 -2.232889
13958 -857903.807470 0.000000 -5.147587 -2.116158
14064 -857903.915754 0.000000 -5.255872 -2.224442
13641 -857903.921339 0.000000 -5.261457 -2.230027
20950 -857903.396529 0.000000 -4.736646 -1.705217
20478 -857903.924238 0.000000 -5.264356 -2.232926
19850 -857903.807348 0.000000 -5.147465 -2.116036
19914 -857903.922575 0.000000 -5.262693 -2.231263
19690 -857903.923481 0.000000 -5.263599 -2.232169
26981 -857903.801651 0.000000 -5.141769 -2.110339
26298 -857903.924197 0.000000 -5.264314 -2.232884
25878 -857903.807324 0.000000 -5.147442 -2.116012
25956 -857903.922573 0.000000 -5.262690 -2.231261
32723 -857903.923596 0.000000 -5.263713 -2.232284
32838 -857903.911371 0.000000 -5.251489 -2.220059
32312 -857903.925328 0.000000 -5.265446 -2.234016
31856 -857903.367443 0.000000 -4.707561 -1.676131
31872 -857903.923282 0.000000 -5.263399 -2.231970
38742 -857903.916168 0.000000 -5.256286 -2.224856
38857 -857903.910531 0.000000 -5.250648 -2.219219
38155 -857903.927531 0.000000 -5.267648 -2.236219
37894 -857904.431852 0.000000 -5.771969 -2.740540
37925 -857903.923051 0.000000 -5.263168 -2.231739
44557 -857903.916146 0.000000 -5.256263 -2.224834
44677 -857903.910549 0.000000 -5.250666 -2.219237
44177 -857903.927575 0.000000 -5.267692 -2.236263
44337 -857903.397754 0.000000 -4.737872 -1.706442
2391 -857903.915284 0.000000 -5.255401 -2.223972
2503 -857903.781726 0.000000 -5.121843 -2.090414
1770 -857903.917391 0.000000 -5.257509 -2.226079
1542 -857903.802618 0.000000 -5.142735 -2.111306
1573 -857903.915852 0.000000 -5.255969 -2.224540
8163 -857903.915278 0.000000 -5.255395 -2.223966
8284 -857903.781766 0.000000 -5.121883 -2.090454
7827 -857903.918000 0.000000 -5.258117 -2.226688
7570 -857903.355981 0.000000 -4.696099 -1.664669
14702 -857903.915741 0.000000 -5.255858 -2.224428
14221 -857903.907651 0.000000 -5.247769 -2.216339
14342 -857903.897289 0.000000 -5.237406 -2.205977
13710 -857903.917792 0.000000 -5.257909 -2.226480
13624 -857903.356012 0.000000 -4.696129 -1.664700
20760 -857903.915768 0.000000 -5.255886 -2.224456
20018 -857903.907656 0.000000 -5.247773 -2.216344
20122 -857903.896471 0.000000 -5.236588 -2.205159
19765 -857903.917861 0.000000 -5.257978 -2.226549
26421 -857903.037486 0.000000 -4.377603 -1.346174
26543 -857903.915556 0.000000 -5.255673 -2.224244
26079 -857903.907665 0.000000 -5.247782 -2.216353
26185 -857903.896473 0.000000 -5.236590 -2.205161
25755 -857903.917909 0.000000 -5.258026 -2.226597
33040 -857903.374713 0.000000 -4.714830 -1.683401
32601 -857903.913887 0.000000 -5.254004 -2.222575
31936 -857903.802567 0.000000 -5.142684 -2.111255
32017 -857903.895684 0.000000 -5.235801 -2.204372
31812 -857903.912549 0.000000 -5.252666 -2.221237
39102 -857903.373107 0.000000 -4.713224 -1.681795
38374 -857903.917376 0.000000 -5.257493 -2.226064
37997 -857903.802817 0.000000 -5.142934 -2.111505
38076 -857903.907355 0.000000 -5.247473 -2.216043
44802 -857903.912655 0.000000 -5.252773 -2.221343
44916 -857903.373054 0.000000 -4.713171 -1.681742
44434 -857903.917394 0.000000 -5.257511 -2.226082
43955 -857903.802656 0.000000 -5.142773 -2.111344
43987 -857903.915851 0.000000 -5.255969 -2.224539
2625 -857903.913796 0.000000 -5.253913 -2.222484
1914 -857903.045509 0.000000 -4.385626 -1.354197
2020 -857903.912180 0.000000 -5.252297 -2.220868
1613 -857903.909286 0.000000 -5.249403 -2.217974
1710 -857903.890865 0.000000 -5.230982 -2.199553
8448 -857903.913790 0.000000 -5.253907 -2.222478
8563 -857903.326017 0.000000 -4.666134 -1.634705
8038 -857903.912033 0.000000 -5.252150 -2.220721
7600 -857903.812294 0.000000 -5.152411 -2.120982
7631 -857903.888988 0.000000 -5.229106 -2.197676
14464 -857903.915335 0.000000 -5.255452 -2.224023
14607 -857903.373553 0.000000 -4.713670 -1.682241
13884 -857903.910229 0.000000 -5.250346 -2.218917
13640 -857903.812325 0.000000 -5.152442 -2.121013
20949 -857903.889053 0.000000 -5.229170 -2.197741
20275 -857903.915348 0.000000 -5.255466 -2.224036
20397 -857903.373808 0.000000 -4.713925 -1.682496
19913 -857903.912760 0.000000 -5.252877 -2.221448
19681 -857903.812290 0.000000 -5.152408 -2.120978
26822 -857903.903468 0.000000 -5.243585 -2.212156
26297 -857903.915477 0.000000 -5.255595 -2.224165
26440 -857903.373755 0.000000 -4.713872 -1.682443
25829 -857903.912778 0.000000 -5.252895 -2.221466
25741 -857903.812112 0.000000 -5.152229 -2.120800
32837 -857903.912580 0.000000 -5.252697 -2.221268
32138 -857903.917951 0.000000 -5.258069 -2.226639
32242 -857903.774635 0.000000 -5.114752 -2.083323
31871 -857903.913669 0.000000 -5.253786 -2.222357
38537 -857903.366926 0.000000 -4.707044 -1.675614
38661 -857903.912453 0.000000 -5.252570 -2.221141
38154 -857903.909318 0.000000 -5.249435 -2.218006
38281 -857903.891737 0.000000 -5.231854 -2.200425
37871 -857903.913407 0.000000 -5.253525 -2.222095
44556 -857903.366928 0.000000 -4.707045 -1.675616
44676 -857903.912483 0.000000 -5.252600 -2.221171
44054 -857903.909301 0.000000 -5.249418 -2.217989
44132 -857903.890859 0.000000 -5.230976 -2.199547
2145 -857903.366960 0.000000 -4.707078 -1.675648
2268 -857903.508385 0.000000 -4.848502 -1.817073
1802 -857903.506327 0.000000 -4.846445 -1.815015
1929 -857903.086293 0.000000 -4.426410 -1.394981
1514 -857903.506183 0.000000 -4.846300 -1.814871
8203 -857903.366937 0.000000 -4.707055 -1.675625
8324 -857903.508370 0.000000 -4.848487 -1.817058
7672 -857903.506239 0.000000 -4.846356 -1.814927
7770 -857903.423808 0.000000 -4.763925 -1.732496
14742 -857903.497238 0.000000 -4.837355 -1.805926
14001 -857904.773696 0.000000 -6.113814 -3.082384
14099 -857903.497729 0.000000 -4.837846 -1.806417
13730 -857903.507660 0.000000 -4.847778 -1.816348
13828 -857903.423826 0.000000 -4.763943 -1.732514
20522 -857903.497200 0.000000 -4.837317 -1.805888
20057 -857904.773671 0.000000 -6.113788 -3.082359
20154 -857903.497859 0.000000 -4.837976 -1.806547
19701 -857903.482306 0.000000 -4.822424 -1.790994
27015 -857903.508977 0.000000 -4.849095 -1.817665
26583 -857903.498264 0.000000 -4.838382 -1.806952
25916 -857904.773610 0.000000 -6.113727 -3.082298
25979 -857903.497888 0.000000 -4.838005 -1.806576
25762 -857903.482204 0.000000 -4.822321 -1.790892
33071 -857903.508204 0.000000 -4.848321 -1.816892
32356 -857903.505730 0.000000 -4.845848 -1.814418
31971 -857904.280324 0.000000 -5.620441 -2.589012
32035 -857903.498392 0.000000 -4.838509 -1.807080
31799 -857903.394929 0.000000 -4.735046 -1.703617
38901 -857903.507498 0.000000 -4.847615 -1.816186
38414 -857903.506126 0.000000 -4.846244 -1.814814
38559 -857903.085936 0.000000 -4.426054 -1.394624
37934 -857903.494500 0.000000 -4.834617 -1.803188
44840 -857903.394716 0.000000 -4.734833 -1.703404
44956 -857903.507550 0.000000 -4.847668 -1.816238
44216 -857903.506128 0.000000 -4.846246 -1.814816
44343 -857903.086362 0.000000 -4.426479 -1.395050
43991 -857903.506180 0.000000 -4.846297 -1.814868
2431 -857903.395226 0.000000 -4.735343 -1.703914
2544 -857903.371338 0.000000 -4.711456 -1.680026
2019 -857903.402910 0.000000 -4.743027 -1.711598
1563 -857904.762389 0.000000 -6.102506 -3.071077
1579 -857903.400190 0.000000 -4.740307 -1.708878
8447 -857903.395199 0.000000 -4.735316 -1.703887
8562 -857903.371312 0.000000 -4.711429 -1.680000
7861 -857903.403210 0.000000 -4.743328 -1.711898
7599 -857904.303953 0.000000 -5.644070 -2.612640
7630 -857903.402232 0.000000 -4.742349 -1.710920
14262 -857903.393061 0.000000 -4.733178 -1.701749
14383 -857903.376046 0.000000 -4.716163 -1.684734
13883 -857903.399205 0.000000 -4.739323 -1.707893
14041 -857902.897723 0.000000 -4.237841 -1.206411
20801 -857903.402149 0.000000 -4.742266 -1.710837
20274 -857903.393013 0.000000 -4.733131 -1.701701
20396 -857903.376073 0.000000 -4.716190 -1.684761
19785 -857903.408723 0.000000 -4.748840 -1.717411
19883 -857902.945084 0.000000 -4.285201 -1.253772
26821 -857903.399089 0.000000 -4.739206 -1.707777
26119 -857903.392919 0.000000 -4.733036 -1.701607
26217 -857903.376124 0.000000 -4.716242 -1.684812
25828 -857903.408652 0.000000 -4.748769 -1.717340
25945 -857902.945091 0.000000 -4.285208 -1.253779
32642 -857903.401968 0.000000 -4.742085 -1.710656
32137 -857903.368551 0.000000 -4.708668 -1.677239
32241 -857903.392254 0.000000 -4.732372 -1.700942
31818 -857903.411329 0.000000 -4.751446 -1.720017
39133 -857903.281681 0.000000 -4.621798 -1.590369
38660 -857903.401946 0.000000 -4.742064 -1.710634
38032 -857904.762514 0.000000 -6.102631 -3.071202
38094 -857903.400026 0.000000 -4.740143 -1.708714
37870 -857903.412560 0.000000 -4.752678 -1.721248
45156 -857903.281707 0.000000 -4.621825 -1.590395
44475 -857903.401869 0.000000 -4.741986 -1.710557
44053 -857904.762480 0.000000 -6.102597 -3.071168
44131 -857903.400182 0.000000 -4.740299 -1.708870
2747 -857904.918250 0.000000 -6.258367 -3.226938
2309 -857903.145117 0.000000 -4.485234 -1.453805
1644 -857903.140058 0.000000 -4.480176 -1.448746
1725 -857903.087068 0.000000 -4.427186 -1.395756
1518 -857903.154057 0.000000 -4.494174 -1.462745
8806 -857904.918290 0.000000 -6.258407 -3.226978
8081 -857903.145230 0.000000 -4.485347 -1.453918
7701 -857903.141237 0.000000 -4.481354 -1.449925
7781 -857903.139825 0.000000 -4.479942 -1.448513
14508 -857903.153316 0.000000 -4.493433 -1.462004
14620 -857902.944298 0.000000 -4.284415 -1.252986
14139 -857903.146499 0.000000 -4.486616 -1.455187
13659 -857903.117388 0.000000 -4.457505 -1.426076
13691 -857903.139713 0.000000 -4.479831 -1.448401
20563 -857903.153250 0.000000 -4.493367 -1.461938
20678 -857902.944336 0.000000 -4.284454 -1.253024
19944 -857903.146967 0.000000 -4.487085 -1.455655
19716 -857904.579153 0.000000 -5.919270 -2.887841
27053 -857903.144590 0.000000 -4.484707 -1.453278
26341 -857903.154632 0.000000 -4.494749 -1.463320
26461 -857902.944135 0.000000 -4.284253 -1.252823
26004 -857903.146932 0.000000 -4.487050 -1.455620
25746 -857904.579131 0.000000 -5.919248 -2.887819
32881 -857903.144751 0.000000 -4.484869 -1.453439
32397 -857903.141633 0.000000 -4.481751 -1.450321
32519 -857903.067749 0.000000 -4.407867 -1.376437
31886 -857903.147674 0.000000 -4.487791 -1.456361
31802 -857903.096341 0.000000 -4.436458 -1.405029
38942 -857903.145544 0.000000 -4.485661 -1.454232
38197 -857903.140114 0.000000 -4.480231 -1.448801
38302 -857903.086959 0.000000 -4.427077 -1.395647
37947 -857903.145907 0.000000 -4.486024 -1.454595
141538 -857904.841698 0.000000 -6.181815 -3.150386
44720 -857903.145440 0.000000 -4.485558 -1.454128
44256 -857903.140061 0.000000 -4.480179 -1.448749
44363 -857903.087016 0.000000 -4.427133 -1.395704
43932 -857903.154073 0.000000 -4.494190 -1.462761
2143 -857902.829507 0.000000 -4.169624 -1.138195
2266 -857902.731098 0.000000 -4.071215 -1.039786
1643 -857902.724313 0.000000 -4.064430 -1.033001
1724 -857903.639041 0.000000 -4.979159 -1.947729
8686 -857902.725286 0.000000 -4.065404 -1.033974
7972 -857902.829486 0.000000 -4.169603 -1.138174
8080 -857902.731333 0.000000 -4.071451 -1.040021
7670 -857903.016030 0.000000 -4.356148 -1.324718
7768 -857902.677059 0.000000 -4.017176 -0.985747
14507 -857902.724906 0.000000 -4.065024 -1.033594
14619 -857904.416724 0.000000 -5.756841 -2.725412
14097 -857902.726619 0.000000 -4.066736 -1.035307
13658 -857903.015971 0.000000 -4.356088 -1.324659
13690 -857902.677067 0.000000 -4.017184 -0.985755
20520 -857902.724912 0.000000 -4.065029 -1.033600
20665 -857904.416583 0.000000 -5.756700 -2.725271
19943 -857902.725177 0.000000 -4.065294 -1.033865
19699 -857903.016958 0.000000 -4.357075 -1.325646
27013 -857902.732763 0.000000 -4.072880 -1.041451
26340 -857902.724631 0.000000 -4.064749 -1.033319
26460 -857904.416541 0.000000 -5.756658 -2.725229
25977 -857902.725130 0.000000 -4.065248 -1.033818
25745 -857903.017177 0.000000 -4.357294 -1.325864
32880 -857902.731137 0.000000 -4.071254 -1.039825
32354 -857902.728318 0.000000 -4.068436 -1.037006
32499 -857903.600575 0.000000 -4.940692 -1.909263
31885 -857902.725371 0.000000 -4.065489 -1.034059
38784 -857902.865704 0.000000 -4.205822 -1.174392
38899 -857902.731727 0.000000 -4.071844 -1.040415
38196 -857902.724672 0.000000 -4.064789 -1.033360
38301 -857903.638976 0.000000 -4.979093 -1.947664
37932 -857902.726672 0.000000 -4.066790 -1.035360
44597 -857902.865574 0.000000 -4.205691 -1.174262
44719 -857902.731697 0.000000 -4.071815 -1.040385
44214 -857902.724670 0.000000 -4.064787 -1.033358
44342 -857903.639030 0.000000 -4.979147 -1.947718
43931 -857902.725329 0.000000 -4.065446 -1.034017
2746 -857904.476071 0.000000 -5.816188 -2.784759
2063 -857904.377485 0.000000 -5.717602 -2.686173
1642 -857902.767973 0.000000 -4.108090 -1.076661
1723 -857904.367569 0.000000 -5.707686 -2.676257
8490 -857904.358252 0.000000 -5.698369 -2.666940
8606 -857904.476054 0.000000 -5.816172 -2.784742
8079 -857904.377465 0.000000 -5.717582 -2.686153
7623 -857902.731276 0.000000 -4.071393 -1.039964
7637 -857904.369793 0.000000 -5.709911 -2.678481
14506 -857904.359315 0.000000 -5.699432 -2.668003
14618 -857904.415132 0.000000 -5.755249 -2.723820
13920 -857904.382061 0.000000 -5.722179 -2.690749
13657 -857902.730261 0.000000 -4.070378 -1.038949
13689 -857904.369819 0.000000 -5.709936 -2.678507
20318 -857904.359334 0.000000 -5.699451 -2.668022
20440 -857904.415100 0.000000 -5.755218 -2.723788
19942 -857904.382384 0.000000 -5.722502 -2.691072
20097 -857901.752920 0.000000 -3.093037 -0.061608
26864 -857904.377405 0.000000 -5.717522 -2.686093
26339 -857904.360534 0.000000 -5.700652 -2.669222
26459 -857904.415182 0.000000 -5.755299 -2.723870
25851 -857904.382395 0.000000 -5.722513 -2.691083
25949 -857901.752987 0.000000 -3.093105 -0.061675
32879 -857904.376613 0.000000 -5.716731 -2.685301
32179 -857902.841766 0.000000 -4.181884 -1.150454
32276 -857904.360586 0.000000 -5.700704 -2.669274
31884 -857904.382634 0.000000 -5.722752 -2.691322
37857 -857904.445668 0.000000 -5.785785 -2.754356
38704 -857904.376807 0.000000 -5.716924 -2.685495
38195 -857902.768061 0.000000 -4.108179 -1.076749
38300 -857904.367456 0.000000 -5.707573 -2.676144
37881 -857904.399950 0.000000 -5.740067 -2.708638
45190 -857904.445507 0.000000 -5.785624 -2.754195
44718 -857904.376828 0.000000 -5.716945 -2.685516
44090 -857902.768102 0.000000 -4.108220 -1.076790
44154 -857904.367551 0.000000 -5.707668 -2.676239
43930 -857904.358254 0.000000 -5.698371 -2.666941
