#ID      EIFS 	      EIPFS 	   FSbin        FSseg
216 -92835.424900 0.000000 -4.441019 -2.649437
217 -92835.477952 0.000000 -4.494072 -2.702490
233 -92835.515929 0.000000 -4.532049 -2.740467
234 -92835.516317 0.000000 -4.532436 -2.740854
243 -92835.516740 0.000000 -4.532859 -2.741277
244 -92835.516926 0.000000 -4.533045 -2.741464
246 -92835.516919 0.000000 -4.533038 -2.741456
1507 -92835.516877 0.000000 -4.532997 -2.741415
1515 -92835.516868 0.000000 -4.532987 -2.741405
1516 -92835.516908 0.000000 -4.533027 -2.741445
1519 -92835.516973 0.000000 -4.533092 -2.741510
12052 -92835.516952 0.000000 -4.533071 -2.741490
1565 -92835.582729 0.000000 -4.598849 -2.807267
2933 -92835.584158 0.000000 -4.600277 -2.808695
2932 -92835.568548 0.000000 -4.584667 -2.793085
2945 -92835.386278 0.000000 -4.402397 -2.610815
2943 -92835.442659 0.000000 -4.458778 -2.667196
2841 -92835.411697 0.000000 -4.427816 -2.636234
2951 -92835.414995 0.000000 -4.431115 -2.639533
2838 -92835.415342 0.000000 -4.431461 -2.639879
4219 -92835.415309 0.000000 -4.431429 -2.639847
4239 -92835.415166 0.000000 -4.431285 -2.639703
4236 -92835.415009 0.000000 -4.431128 -2.639546
4251 -92835.415096 0.000000 -4.431215 -2.639633
4248 -92835.416363 0.000000 -4.432482 -2.640900
4255 -92835.419812 0.000000 -4.435931 -2.644349
215 -92835.990156 0.000000 -5.006275 -3.214693
235 -92836.335620 0.000000 -5.351739 -3.560157
232 -92836.340560 0.000000 -5.356680 -3.565098
245 -92836.339397 0.000000 -5.355517 -3.563935
242 -92836.339386 0.000000 -5.355505 -3.563923
10783 -92836.339480 0.000000 -5.355599 -3.564017
1617 -92835.747721 0.000000 -4.763840 -2.972258
1618 -92835.747610 0.000000 -4.763729 -2.972147
1633 -92835.747576 0.000000 -4.763695 -2.972113
1634 -92835.747607 0.000000 -4.763726 -2.972144
1582 -92835.747714 0.000000 -4.763833 -2.972251
1580 -92835.747943 0.000000 -4.764062 -2.972480
1577 -92835.748468 0.000000 -4.764588 -2.973006
2886 -92835.750606 0.000000 -4.766725 -2.975144
2903 -92835.743232 0.000000 -4.759351 -2.967769
2904 -92835.669992 0.000000 -4.686111 -2.894529
2913 -92835.660547 0.000000 -4.676666 -2.885084
2914 -92835.661911 0.000000 -4.678030 -2.886448
2916 -92835.662365 0.000000 -4.678484 -2.886902
4157 -92835.662741 0.000000 -4.678860 -2.887278
4175 -92835.663019 0.000000 -4.679138 -2.887557
4176 -92835.663319 0.000000 -4.679438 -2.887856
4187 -92835.663651 0.000000 -4.679770 -2.888188
4188 -92835.663793 0.000000 -4.679912 -2.888330
4191 -92835.660547 0.000000 -4.676666 -2.885084
4192 -92835.700832 0.000000 -4.716952 -2.925370
410 -92836.356436 0.000000 -5.372555 -3.580973
411 -92836.327497 0.000000 -5.343616 -3.552034
396 -92836.328324 0.000000 -5.344443 -3.552861
397 -92836.328206 0.000000 -5.344325 -3.552744
390 -92836.328157 0.000000 -5.344277 -3.552695
391 -92836.328133 0.000000 -5.344252 -3.552670
1760 -92836.328121 0.000000 -5.344240 -3.552658
1761 -92836.328112 0.000000 -5.344232 -3.552650
1744 -92836.328089 0.000000 -5.344208 -3.552626
1745 -92836.328034 0.000000 -5.344153 -3.552571
1739 -92836.327938 0.000000 -5.344057 -3.552475
1740 -92836.327873 0.000000 -5.343992 -3.552410
1738 -92836.328416 0.000000 -5.344535 -3.552953
3107 -92836.352931 0.000000 -5.369050 -3.577468
3102 -92836.785491 0.000000 -5.801610 -4.010028
2957 -92836.969390 0.000000 -5.985509 -4.193927
2956 -92836.534074 0.000000 -5.550193 -3.758611
2954 -92836.507408 0.000000 -5.523527 -3.731945
2953 -92836.506900 0.000000 -5.523020 -3.731438
4292 -92836.506813 0.000000 -5.522932 -3.731350
4291 -92836.507052 0.000000 -5.523171 -3.731589
4277 -92836.507228 0.000000 -5.523347 -3.731765
4276 -92836.507395 0.000000 -5.523514 -3.731932
4269 -92836.507410 0.000000 -5.523529 -3.731947
4268 -92836.508936 0.000000 -5.525055 -3.733473
4266 -92836.487463 0.000000 -5.503582 -3.712000
464 -92836.110118 0.000000 -5.126237 -3.334655
465 -92835.785787 0.000000 -4.801906 -3.010324
457 -92835.746782 0.000000 -4.762901 -2.971319
458 -92835.748840 0.000000 -4.764959 -2.973377
455 -92835.748295 0.000000 -4.764414 -2.972833
10831 -92835.747936 0.000000 -4.764056 -2.972474
1663 -92836.339543 0.000000 -5.355662 -3.564080
1654 -92836.339560 0.000000 -5.355679 -3.564097
1653 -92836.339566 0.000000 -5.355686 -3.564104
1645 -92836.339531 0.000000 -5.355650 -3.564068
1644 -92836.339470 0.000000 -5.355589 -3.564007
1642 -92836.339436 0.000000 -5.355556 -3.563974
1641 -92836.339578 0.000000 -5.355697 -3.564115
2985 -92836.337810 0.000000 -5.353929 -3.562347
2984 -92836.366716 0.000000 -5.382835 -3.591254
2971 -92836.491288 0.000000 -5.507407 -3.715825
2970 -92836.509501 0.000000 -5.525620 -3.734038
2965 -92836.510709 0.000000 -5.526828 -3.735246
2964 -92836.510751 0.000000 -5.526870 -3.735288
4343 -92836.510657 0.000000 -5.526776 -3.735194
4342 -92836.510550 0.000000 -5.526669 -3.735088
4327 -92836.510475 0.000000 -5.526595 -3.735013
4326 -92836.510420 0.000000 -5.526539 -3.734957
4319 -92836.510198 0.000000 -5.526317 -3.734735
4318 -92836.510503 0.000000 -5.526622 -3.735040
4316 -92836.509623 0.000000 -5.525743 -3.734161
430 -92835.646863 0.000000 -4.662983 -2.871401
414 -92835.591535 0.000000 -4.607655 -2.816073
413 -92835.578825 0.000000 -4.594944 -2.803362
400 -92835.581987 0.000000 -4.598106 -2.806524
399 -92835.582294 0.000000 -4.598413 -2.806831
394 -92835.582187 0.000000 -4.598306 -2.806725
393 -92835.582042 0.000000 -4.598161 -2.806580
1764 -92835.581936 0.000000 -4.598055 -2.806473
1763 -92835.581897 0.000000 -4.598016 -2.806434
1748 -92835.581937 0.000000 -4.598057 -2.806475
1747 -92835.582065 0.000000 -4.598184 -2.806602
12150 -92835.582300 0.000000 -4.598419 -2.806837
1640 -92835.516619 0.000000 -4.532738 -2.741156
3003 -92835.513791 0.000000 -4.529910 -2.738328
2983 -92835.553625 0.000000 -4.569744 -2.778162
2986 -92836.755354 0.000000 -5.771473 -3.979891
2969 -92835.648981 0.000000 -4.665100 -2.873518
2972 -92835.663493 0.000000 -4.679612 -2.888030
2963 -92835.662593 0.000000 -4.678713 -2.887131
2966 -92835.662456 0.000000 -4.678575 -2.886993
4341 -92835.662313 0.000000 -4.678432 -2.886850
4344 -92835.662128 0.000000 -4.678247 -2.886665
4325 -92835.661894 0.000000 -4.678014 -2.886432
4328 -92835.661601 0.000000 -4.677720 -2.886138
4317 -92835.661123 0.000000 -4.677242 -2.885660
4320 -92835.662530 0.000000 -4.678649 -2.887067
