#ID      EIFS 	      EIPFS 	   FSbin        FSseg
658 -268728.922332 0.000000 -6.147769 -3.103290
833 -268726.802284 0.000000 -4.027721 -0.983242
941 -268726.801935 0.000000 -4.027372 -0.982893
4550 -268726.801985 0.000000 -4.027422 -0.982943
4657 -268726.929142 0.000000 -4.154579 -1.110100
8219 -268727.224064 0.000000 -4.449501 -1.405022
8389 -268728.945761 0.000000 -6.171199 -3.126720
8509 -268728.945757 0.000000 -6.171194 -3.126715
12107 -268728.945831 0.000000 -6.171269 -3.126790
12274 -268728.924630 0.000000 -6.150067 -3.105588
724 -268729.030219 0.000000 -6.255657 -3.211177
890 -268729.029452 0.000000 -6.254889 -3.210410
4462 -268729.029500 0.000000 -6.254938 -3.210459
4632 -268729.029377 0.000000 -6.254815 -3.210336
4730 -268728.186103 0.000000 -5.411541 -2.367061
8352 -268726.967031 0.000000 -4.192468 -1.147989
8498 -268726.967760 0.000000 -4.193197 -1.148718
12066 -268726.967763 0.000000 -4.193200 -1.148721
12186 -268728.443076 0.000000 -5.668513 -2.624034
12295 -268728.436627 0.000000 -5.662064 -2.617585
789 -268727.000400 0.000000 -4.225837 -1.181358
914 -268727.021293 0.000000 -4.246730 -1.202251
30983 -268728.466016 0.000000 -5.691453 -2.646974
4496 -268728.465960 0.000000 -5.691397 -2.646918
4669 -268728.934065 0.000000 -6.159502 -3.115023
8241 -268729.049882 0.000000 -6.275319 -3.230840
8424 -268729.050025 0.000000 -6.275463 -3.230984
8512 -268729.050023 0.000000 -6.275460 -3.230981
12153 -268729.050002 0.000000 -6.275439 -3.230960
12289 -268727.798204 0.000000 -5.023641 -1.979162
657 -268728.155442 0.000000 -5.380879 -2.336400
865 -268728.236976 0.000000 -5.462413 -2.417934
940 -268728.236935 0.000000 -5.462372 -2.417893
4593 -268728.237100 0.000000 -5.462538 -2.418059
4705 -268728.227444 0.000000 -5.452882 -2.408403
8306 -268727.073773 0.000000 -4.299210 -1.254731
8458 -268727.402801 0.000000 -4.628239 -1.583759
38587 -268728.571767 0.000000 -5.797204 -2.752725
12015 -268728.571765 0.000000 -5.797203 -2.752723
12202 -268728.124648 0.000000 -5.350086 -2.305606
832 -268727.624595 0.000000 -4.850033 -1.805554
931 -268727.624033 0.000000 -4.849470 -1.804991
4461 -268727.454441 0.000000 -4.679878 -1.635399
4660 -268727.453741 0.000000 -4.679178 -1.634699
4729 -268729.042674 0.000000 -6.268111 -3.223632
8392 -268728.769146 0.000000 -5.994583 -2.950104
8497 -268728.769415 0.000000 -5.994853 -2.950373
12110 -268728.769379 0.000000 -5.994816 -2.950337
12250 -268728.753743 0.000000 -5.979180 -2.934701
12151 -268728.768365 0.000000 -5.993802 -2.949323
704 -268728.769204 0.000000 -5.994641 -2.950162
889 -268728.767127 0.000000 -5.992564 -2.948085
4419 -268728.767116 0.000000 -5.992553 -2.948074
4631 -268728.766795 0.000000 -5.992232 -2.947753
4724 -268727.291721 0.000000 -4.517159 -1.472680
8351 -268727.638353 0.000000 -4.863791 -1.819312
38760 -268727.482625 0.000000 -4.708062 -1.663583
11981 -268727.482612 0.000000 -4.708049 -1.663570
12189 -268727.482271 0.000000 -4.707708 -1.663229
12288 -268729.059317 0.000000 -6.284754 -3.240275
756 -268727.645163 0.000000 -4.870600 -1.826121
31195 -268727.549089 0.000000 -4.774526 -1.730047
899 -268727.548916 0.000000 -4.774354 -1.729875
4486 -268727.548875 0.000000 -4.774313 -1.729834
4668 -268727.544727 0.000000 -4.770164 -1.725685
8220 -268728.588860 0.000000 -5.814297 -2.769818
8423 -268728.695267 0.000000 -5.920705 -2.876225
8510 -268728.695279 0.000000 -5.920716 -2.876237
12152 -268728.695253 0.000000 -5.920690 -2.876211
12275 -268727.631442 0.000000 -4.856879 -1.812400
947 -268728.813532 0.000000 -6.038969 -2.994490
1172 -268728.056549 0.000000 -5.281987 -2.237508
31070 -268728.613862 0.000000 -5.839299 -2.794820
31326 -268727.905635 0.000000 -5.131072 -2.086593
831 -268728.814516 0.000000 -6.039954 -2.995475
1088 -268727.666581 0.000000 -4.892019 -1.847540
946 -268728.543564 0.000000 -5.769001 -2.724522
992 -268728.051527 0.000000 -5.276965 -2.232486
888 -268728.586823 0.000000 -5.812261 -2.767782
1068 -268727.906611 0.000000 -5.132048 -2.087569
943 -268728.813767 0.000000 -6.039205 -2.994726
972 -268727.665946 0.000000 -4.891384 -1.846905
948 -268728.543701 0.000000 -5.769138 -2.724659
949 -268728.051447 0.000000 -5.276885 -2.232406
4464 -268728.586949 0.000000 -5.812387 -2.767908
5082 -268727.906610 0.000000 -5.132047 -2.087568
4549 -268728.813779 0.000000 -6.039216 -2.994737
4940 -268727.665979 0.000000 -4.891416 -1.846937
4733 -268728.543735 0.000000 -5.769173 -2.724694
4823 -268728.051380 0.000000 -5.276817 -2.232338
4630 -268728.586918 0.000000 -5.812356 -2.767876
4881 -268727.906612 0.000000 -5.132049 -2.087570
4707 -268728.813702 0.000000 -6.039140 -2.994660
4791 -268727.664697 0.000000 -4.890134 -1.845655
4734 -268728.543501 0.000000 -5.768938 -2.724459
4744 -268728.085589 0.000000 -5.311026 -2.266547
4732 -268728.594397 0.000000 -5.819834 -2.775355
4756 -268728.764175 0.000000 -5.989613 -2.945134
34874 -268728.968246 0.000000 -6.193683 -3.149204
4735 -268728.053355 0.000000 -5.278792 -2.234313
8516 -268728.550073 0.000000 -5.775510 -2.731031
38940 -268728.297520 0.000000 -5.522958 -2.478479
8350 -268728.817977 0.000000 -6.043415 -2.998936
8708 -268727.685826 0.000000 -4.911263 -1.866784
38739 -268728.573019 0.000000 -5.798456 -2.753977
38907 -268727.909449 0.000000 -5.134886 -2.090407
8517 -268728.772558 0.000000 -5.997995 -2.953516
8682 -268728.277377 0.000000 -5.502815 -2.458336
8500 -268728.818811 0.000000 -6.044248 -2.999769
8567 -268727.687153 0.000000 -4.912591 -1.868112
8439 -268728.572533 0.000000 -5.797971 -2.753492
8551 -268727.909451 0.000000 -5.134889 -2.090410
8518 -268728.772730 0.000000 -5.998167 -2.953688
8546 -268728.277357 0.000000 -5.502794 -2.458315
12065 -268728.818811 0.000000 -6.044248 -2.999769
12565 -268727.687141 0.000000 -4.912578 -1.868099
12004 -268728.572538 0.000000 -5.797976 -2.753496
12523 -268727.909452 0.000000 -5.134889 -2.090410
12303 -268728.772741 0.000000 -5.998178 -2.953699
12500 -268728.277387 0.000000 -5.502824 -2.458345
12252 -268728.818855 0.000000 -6.044292 -2.999813
12398 -268727.686374 0.000000 -4.911812 -1.867333
12201 -268728.572270 0.000000 -5.797707 -2.753228
12369 -268727.909720 0.000000 -5.135157 -2.090678
12304 -268728.816399 0.000000 -6.041837 -2.997358
12347 -268728.147045 0.000000 -5.372483 -2.328004
42582 -268729.003715 0.000000 -6.229152 -3.184673
12306 -268728.053832 0.000000 -5.279269 -2.234790
12296 -268728.575950 0.000000 -5.801387 -2.756908
12305 -268727.909966 0.000000 -5.135403 -2.090924
1171 -268727.932992 0.000000 -5.158429 -2.113950
31298 -268728.006987 0.000000 -5.232424 -2.187945
963 -268728.006791 0.000000 -5.232228 -2.187749
4900 -268728.006849 0.000000 -5.232286 -2.187807
4770 -268728.013076 0.000000 -5.238514 -2.194035
8755 -268728.292945 0.000000 -5.518382 -2.473903
8593 -268728.289661 0.000000 -5.515098 -2.470619
8521 -268728.289625 0.000000 -5.515063 -2.470584
12436 -268728.289688 0.000000 -5.515125 -2.470646
12316 -268728.022794 0.000000 -5.248232 -2.203753
1129 -268728.259740 0.000000 -5.485178 -2.440699
991 -268728.258482 0.000000 -5.483919 -2.439440
4986 -268728.258499 0.000000 -5.483937 -2.439458
4822 -268728.258616 0.000000 -5.484053 -2.439574
4738 -268727.991619 0.000000 -5.217056 -2.172577
8659 -268727.481587 0.000000 -4.707025 -1.662545
38815 -268727.637443 0.000000 -4.862881 -1.818402
12682 -268727.637430 0.000000 -4.862868 -1.818389
12501 -268727.637694 0.000000 -4.863131 -1.818652
12341 -268727.992779 0.000000 -5.218216 -2.173737
1045 -268727.454935 0.000000 -4.680372 -1.635893
955 -268727.454404 0.000000 -4.679841 -1.635362
5071 -268727.624045 0.000000 -4.849482 -1.805003
4882 -268727.624482 0.000000 -4.849920 -1.805441
4754 -268727.970976 0.000000 -5.196414 -2.151935
8709 -268728.234194 0.000000 -5.459631 -2.415152
8550 -268728.234101 0.000000 -5.459538 -2.415059
12566 -268728.234115 0.000000 -5.459553 -2.415074
12368 -268728.236003 0.000000 -5.461440 -2.416961
12307 -268728.230988 0.000000 -5.456426 -2.411946
1275 -268727.560045 0.000000 -4.785483 -1.741004
1089 -268727.869880 0.000000 -5.095317 -2.050838
962 -268727.870141 0.000000 -5.095578 -2.051099
4941 -268727.870173 0.000000 -5.095611 -2.051131
4769 -268727.872924 0.000000 -5.098361 -2.053882
8797 -268727.553774 0.000000 -4.779211 -1.734732
8592 -268728.571830 0.000000 -5.797268 -2.752789
38804 -268727.402908 0.000000 -4.628346 -1.583867
12522 -268727.402999 0.000000 -4.628436 -1.583957
12350 -268727.553020 0.000000 -4.778457 -1.733978
1173 -268728.326971 0.000000 -5.552408 -2.507929
990 -268728.466024 0.000000 -5.691461 -2.646982
31230 -268727.021274 0.000000 -4.246711 -1.202232
4899 -268727.021129 0.000000 -4.246566 -1.202087
4759 -268727.147566 0.000000 -4.373003 -1.328524
8754 -268727.422427 0.000000 -4.647865 -1.603385
8570 -268727.420052 0.000000 -4.645490 -1.601011
8520 -268727.420020 0.000000 -4.645457 -1.600978
12401 -268727.420003 0.000000 -4.645440 -1.600961
12315 -268728.856554 0.000000 -6.081992 -3.037513
1128 -268727.420713 0.000000 -4.646150 -1.601671
975 -268727.421525 0.000000 -4.646962 -1.602483
4985 -268727.421506 0.000000 -4.646943 -1.602464
4794 -268727.421862 0.000000 -4.647299 -1.602820
4737 -268728.854313 0.000000 -6.079750 -3.035271
8629 -268728.444287 0.000000 -5.669724 -2.625245
8534 -268728.444400 0.000000 -5.669837 -2.625358
12470 -268728.444350 0.000000 -5.669787 -2.625308
12491 -268726.964922 0.000000 -4.190359 -1.145880
12342 -268727.024981 0.000000 -4.250418 -1.205939
1216 -268727.045477 0.000000 -4.270914 -1.226435
1020 -268726.927871 0.000000 -4.153308 -1.108829
954 -268726.927261 0.000000 -4.152699 -1.108220
4853 -268726.927492 0.000000 -4.152929 -1.108450
4874 -268726.809256 0.000000 -4.034693 -0.990214
8889 -268728.256234 0.000000 -5.481672 -2.437193
8690 -268727.063540 0.000000 -4.288978 -1.244499
8552 -268727.063258 0.000000 -4.288695 -1.244216
12521 -268727.063278 0.000000 -4.288715 -1.244236
12370 -268727.047983 0.000000 -4.273420 -1.228941
