#ID      EIGB 	      EIPGB 	   GBbin        GBseg
188 -430810.053345 0.000000 -3.778685 -0.745887
461 -430810.053345 0.000000 -3.778685 -0.745888
382 -430810.053345 0.000000 -3.778685 -0.745887
3569 -430810.053345 0.000000 -3.778685 -0.745887
3759 -430810.053345 0.000000 -3.778685 -0.745888
6390 -430810.053345 0.000000 -3.778685 -0.745887
6810 -430810.053345 0.000000 -3.778685 -0.745888
9628 -430810.053345 0.000000 -3.778685 -0.745888
9835 -430810.053345 0.000000 -3.778685 -0.745888
12459 -430810.053345 0.000000 -3.778685 -0.745888
12720 -430810.053345 0.000000 -3.778685 -0.745887
15566 -430810.053345 0.000000 -3.778685 -0.745887
15826 -430810.053345 0.000000 -3.778685 -0.745888
18413 -430810.053345 0.000000 -3.778685 -0.745887
18651 -430810.053345 0.000000 -3.778685 -0.745887
21628 -430810.053345 0.000000 -3.778685 -0.745888
21883 -430810.053345 0.000000 -3.778685 -0.745888
384 -430810.078165 0.000000 -3.803506 -0.770708
644 -430810.078165 0.000000 -3.803506 -0.770708
3229 -430810.078165 0.000000 -3.803506 -0.770708
3778 -430810.078165 0.000000 -3.803506 -0.770708
6480 -430810.078166 0.000000 -3.803506 -0.770708
6736 -430810.078165 0.000000 -3.803506 -0.770708
9322 -430810.078165 0.000000 -3.803506 -0.770708
9784 -430810.078165 0.000000 -3.803506 -0.770708
12382 -430810.078165 0.000000 -3.803506 -0.770708
12660 -430810.078166 0.000000 -3.803506 -0.770708
12855 -430810.078165 0.000000 -3.803506 -0.770708
15472 -430810.078166 0.000000 -3.803506 -0.770708
15568 -430810.078165 0.000000 -3.803506 -0.770708
18759 -430810.078165 0.000000 -3.803506 -0.770708
18939 -430810.078165 0.000000 -3.803506 -0.770708
21589 -430810.078165 0.000000 -3.803506 -0.770708
21984 -430810.078165 0.000000 -3.803506 -0.770708
105 -430809.856697 0.000000 -3.582038 -0.549240
682 -430809.856697 0.000000 -3.582038 -0.549240
642 -430809.856697 0.000000 -3.582038 -0.549240
3568 -430809.856697 0.000000 -3.582038 -0.549240
3758 -430809.856697 0.000000 -3.582038 -0.549240
6667 -430809.856697 0.000000 -3.582038 -0.549240
6819 -430809.856697 0.000000 -3.582038 -0.549240
9513 -430809.856697 0.000000 -3.582038 -0.549240
9751 -430809.856697 0.000000 -3.582038 -0.549240
12321 -430809.856697 0.000000 -3.582038 -0.549240
12879 -430809.856697 0.000000 -3.582038 -0.549240
15565 -430809.856697 0.000000 -3.582038 -0.549240
15825 -430809.856697 0.000000 -3.582038 -0.549240
18412 -430809.856697 0.000000 -3.582038 -0.549240
18910 -430809.856697 0.000000 -3.582038 -0.549240
21509 -430809.856697 0.000000 -3.582038 -0.549240
21784 -430809.856697 0.000000 -3.582038 -0.549240
423 -430809.787120 0.000000 -3.512460 -0.479662
660 -430809.787120 0.000000 -3.512460 -0.479662
3491 -430809.787120 0.000000 -3.512460 -0.479662
3733 -430809.787120 0.000000 -3.512460 -0.479662
6322 -430809.787120 0.000000 -3.512460 -0.479662
6597 -430809.787120 0.000000 -3.512460 -0.479662
58143 -430809.787120 0.000000 -3.512460 -0.479662
9815 -430809.787120 0.000000 -3.512460 -0.479662
12421 -430809.787120 0.000000 -3.512460 -0.479662
12696 -430809.787120 0.000000 -3.512460 -0.479662
15282 -430809.787120 0.000000 -3.512460 -0.479662
15759 -430809.787120 0.000000 -3.512460 -0.479662
15918 -430809.787120 0.000000 -3.512460 -0.479662
18602 -430809.787120 0.000000 -3.512460 -0.479662
18838 -430809.787120 0.000000 -3.512460 -0.479662
21846 -430809.787120 0.000000 -3.512460 -0.479662
21994 -430809.787120 0.000000 -3.512460 -0.479662
343 -430809.757241 0.000000 -3.482581 -0.449783
614 -430809.757241 0.000000 -3.482581 -0.449783
3188 -430809.757241 0.000000 -3.482581 -0.449783
3442 -430809.757241 0.000000 -3.482581 -0.449783
3227 -430809.757241 0.000000 -3.482581 -0.449783
6666 -430809.757241 0.000000 -3.482581 -0.449783
6818 -430809.757241 0.000000 -3.482581 -0.449783
9512 -430809.757241 0.000000 -3.482581 -0.449783
9750 -430809.757241 0.000000 -3.482581 -0.449783
12619 -430809.757241 0.000000 -3.482581 -0.449783
12845 -430809.757241 0.000000 -3.482581 -0.449783
15451 -430809.757241 0.000000 -3.482581 -0.449783
15690 -430809.757241 0.000000 -3.482581 -0.449783
18679 -430809.757241 0.000000 -3.482581 -0.449783
18909 -430809.757241 0.000000 -3.482581 -0.449783
21508 -430809.757241 0.000000 -3.482581 -0.449783
21783 -430809.757241 0.000000 -3.482581 -0.449783
269 -430809.817960 0.000000 -3.543300 -0.510502
757 -430809.817960 0.000000 -3.543300 -0.510502
3530 -430809.817960 0.000000 -3.543300 -0.510502
3751 -430809.817960 0.000000 -3.543300 -0.510502
6361 -430809.817960 0.000000 -3.543300 -0.510502
55339 -430809.817960 0.000000 -3.543300 -0.510502
9435 -430809.817960 0.000000 -3.543300 -0.510502
9708 -430809.817960 0.000000 -3.543300 -0.510502
12281 -430809.817960 0.000000 -3.543300 -0.510502
12521 -430809.817960 0.000000 -3.543300 -0.510502
15527 -430809.817960 0.000000 -3.543300 -0.510502
15797 -430809.817960 0.000000 -3.543300 -0.510502
15919 -430809.817960 0.000000 -3.543300 -0.510502
18641 -430809.817960 0.000000 -3.543300 -0.510502
18879 -430809.817960 0.000000 -3.543300 -0.510502
21709 -430809.817960 0.000000 -3.543300 -0.510502
21934 -430809.817960 0.000000 -3.543300 -0.510502
342 -430809.892485 0.000000 -3.617826 -0.585028
613 -430809.892485 0.000000 -3.617826 -0.585028
3187 -430809.892485 0.000000 -3.617826 -0.585028
3700 -430809.892485 0.000000 -3.617826 -0.585028
3571 -430809.892485 0.000000 -3.617826 -0.585028
6560 -430809.892485 0.000000 -3.617826 -0.585028
6761 -430809.892485 0.000000 -3.617826 -0.585028
9363 -430809.892485 0.000000 -3.617826 -0.585028
9862 -430809.892485 0.000000 -3.617826 -0.585028
12618 -430809.892485 0.000000 -3.617826 -0.585028
12844 -430809.892485 0.000000 -3.617826 -0.585028
15450 -430809.892485 0.000000 -3.617826 -0.585028
15906 -430809.892485 0.000000 -3.617826 -0.585028
18562 -430809.892485 0.000000 -3.617826 -0.585028
18824 -430809.892485 0.000000 -3.617826 -0.585028
21399 -430809.892485 0.000000 -3.617826 -0.585028
21959 -430809.892485 0.000000 -3.617826 -0.585028
537 -430810.034975 0.000000 -3.760315 -0.727518
737 -430810.034975 0.000000 -3.760315 -0.727518
3374 -430810.034975 0.000000 -3.760316 -0.727518
3636 -430810.034975 0.000000 -3.760316 -0.727518
55181 -430810.034975 0.000000 -3.760315 -0.727518
6809 -430810.034975 0.000000 -3.760316 -0.727518
9474 -430810.034975 0.000000 -3.760316 -0.727518
9735 -430810.034975 0.000000 -3.760316 -0.727518
12310 -430810.034975 0.000000 -3.760316 -0.727518
12797 -430810.034975 0.000000 -3.760316 -0.727518
15373 -430810.034975 0.000000 -3.760315 -0.727518
15648 -430810.034975 0.000000 -3.760316 -0.727518
15850 -430810.034975 0.000000 -3.760316 -0.727518
18878 -430810.034975 0.000000 -3.760316 -0.727518
18415 -430810.034975 0.000000 -3.760315 -0.727518
21748 -430810.034975 0.000000 -3.760316 -0.727518
21940 -430810.034975 0.000000 -3.760316 -0.727518
229 -430810.536732 0.000000 -4.262072 -1.229275
490 -430810.536732 0.000000 -4.262072 -1.229275
3462 -430810.536732 0.000000 -4.262072 -1.229275
3699 -430810.536732 0.000000 -4.262072 -1.229275
6282 -430810.536732 0.000000 -4.262072 -1.229275
6559 -430810.536732 0.000000 -4.262072 -1.229275
6760 -430810.536732 0.000000 -4.262072 -1.229275
9670 -430810.536732 0.000000 -4.262072 -1.229275
9846 -430810.536732 0.000000 -4.262072 -1.229275
12501 -430810.536732 0.000000 -4.262072 -1.229275
12727 -430810.536732 0.000000 -4.262072 -1.229275
15719 -430810.536732 0.000000 -4.262072 -1.229275
15905 -430810.536732 0.000000 -4.262072 -1.229275
18561 -430810.536732 0.000000 -4.262072 -1.229275
18823 -430810.536732 0.000000 -4.262072 -1.229275
21669 -430810.536732 0.000000 -4.262072 -1.229275
21915 -430810.536732 0.000000 -4.262072 -1.229275
576 -430810.560814 0.000000 -4.286155 -1.253357
747 -430810.560814 0.000000 -4.286155 -1.253357
3413 -430810.560814 0.000000 -4.286155 -1.253357
52331 -430810.560814 0.000000 -4.286155 -1.253357
6481 -430810.560814 0.000000 -4.286155 -1.253357
6737 -430810.560814 0.000000 -4.286155 -1.253357
9323 -430810.560814 0.000000 -4.286155 -1.253357
9571 -430810.560815 0.000000 -4.286155 -1.253357
12580 -430810.560814 0.000000 -4.286155 -1.253357
12827 -430810.560814 0.000000 -4.286155 -1.253357
15412 -430810.560814 0.000000 -4.286155 -1.253357
15683 -430810.560814 0.000000 -4.286155 -1.253357
18483 -430810.560814 0.000000 -4.286155 -1.253357
18760 -430810.560814 0.000000 -4.286155 -1.253357
18940 -430810.560814 0.000000 -4.286155 -1.253357
21590 -430810.560814 0.000000 -4.286155 -1.253357
21471 -430810.560814 0.000000 -4.286155 -1.253357
228 -430810.119866 0.000000 -3.845206 -0.812408
715 -430810.119866 0.000000 -3.845206 -0.812408
3333 -430810.119866 0.000000 -3.845206 -0.812408
3608 -430810.119866 0.000000 -3.845206 -0.812408
6195 -430810.119866 0.000000 -3.845206 -0.812408
6402 -430810.119866 0.000000 -3.845206 -0.812408
6321 -430810.119866 0.000000 -3.845206 -0.812408
9669 -430810.119866 0.000000 -3.845206 -0.812408
9845 -430810.119866 0.000000 -3.845206 -0.812408
12500 -430810.119866 0.000000 -3.845206 -0.812408
12893 -430810.119866 0.000000 -3.845206 -0.812408
15607 -430810.119866 0.000000 -3.845206 -0.812408
15844 -430810.119866 0.000000 -3.845206 -0.812408
18434 -430810.119866 0.000000 -3.845206 -0.812408
18954 -430810.119866 0.000000 -3.845206 -0.812408
21668 -430810.119866 0.000000 -3.845206 -0.812408
21914 -430810.119866 0.000000 -3.845206 -0.812408
424 -430809.993780 0.000000 -3.719120 -0.686322
661 -430809.993780 0.000000 -3.719120 -0.686322
52214 -430809.993780 0.000000 -3.719120 -0.686322
3761 -430809.993780 0.000000 -3.719120 -0.686322
6521 -430809.993780 0.000000 -3.719120 -0.686322
6755 -430809.993780 0.000000 -3.719120 -0.686322
9353 -430809.993780 0.000000 -3.719120 -0.686322
9816 -430809.993780 0.000000 -3.719120 -0.686322
12422 -430809.993780 0.000000 -3.719120 -0.686322
12697 -430809.993780 0.000000 -3.719120 -0.686322
15283 -430809.993780 0.000000 -3.719120 -0.686322
15885 -430809.993780 0.000000 -3.719120 -0.686322
18523 -430809.993780 0.000000 -3.719120 -0.686322
18797 -430809.993780 0.000000 -3.719120 -0.686322
18941 -430809.993780 0.000000 -3.719120 -0.686322
21847 -430809.993780 0.000000 -3.719120 -0.686322
21995 -430809.993780 0.000000 -3.719120 -0.686322
507 -430809.928936 0.000000 -3.654276 -0.621478
714 -430809.928936 0.000000 -3.654276 -0.621478
3332 -430809.928935 0.000000 -3.654276 -0.621478
3607 -430809.928936 0.000000 -3.654276 -0.621478
6194 -430809.928936 0.000000 -3.654276 -0.621478
6706 -430809.928936 0.000000 -3.654276 -0.621478
6822 -430809.928936 0.000000 -3.654276 -0.621478
9553 -430809.928936 0.000000 -3.654276 -0.621478
9754 -430809.928936 0.000000 -3.654276 -0.621478
12756 -430809.928936 0.000000 -3.654276 -0.621478
12892 -430809.928936 0.000000 -3.654276 -0.621478
15606 -430809.928936 0.000000 -3.654276 -0.621478
15843 -430809.928936 0.000000 -3.654276 -0.621478
18719 -430809.928936 0.000000 -3.654276 -0.621478
18931 -430809.928936 0.000000 -3.654276 -0.621478
21549 -430809.928936 0.000000 -3.654276 -0.621478
21803 -430809.928936 0.000000 -3.654276 -0.621478
383 -430809.597825 0.000000 -3.323165 -0.290367
49453 -430809.571590 0.000000 -3.296930 -0.264133
864 -430809.471042 0.000000 -3.196382 -0.163585
643 -430809.597825 0.000000 -3.323165 -0.290367
766 -430809.571590 0.000000 -3.296930 -0.264133
764 -430809.471042 0.000000 -3.196382 -0.163585
3228 -430809.597825 0.000000 -3.323165 -0.290367
4116 -430809.571590 0.000000 -3.296930 -0.264133
4078 -430809.471042 0.000000 -3.196382 -0.163585
3452 -430809.597824 0.000000 -3.323165 -0.290367
3878 -430809.571590 0.000000 -3.296930 -0.264133
3874 -430809.471042 0.000000 -3.196382 -0.163585
6440 -430809.597824 0.000000 -3.323165 -0.290367
7362 -430809.571590 0.000000 -3.296930 -0.264133
7077 -430809.471042 0.000000 -3.196382 -0.163585
6705 -430809.597825 0.000000 -3.323165 -0.290367
6831 -430809.571590 0.000000 -3.296930 -0.264133
6866 -430809.471042 0.000000 -3.196382 -0.163585
9282 -430809.597825 0.000000 -3.323165 -0.290367
10159 -430809.571590 0.000000 -3.296930 -0.264133
10315 -430809.471042 0.000000 -3.196382 -0.163585
9552 -430809.597825 0.000000 -3.323165 -0.290367
9931 -430809.571590 0.000000 -3.296930 -0.264133
10060 -430809.471042 0.000000 -3.196382 -0.163585
9195 -430809.597825 0.000000 -3.323165 -0.290367
13391 -430809.571590 0.000000 -3.296930 -0.264133
13122 -430809.471042 0.000000 -3.196382 -0.163585
12659 -430809.597825 0.000000 -3.323165 -0.290367
12941 -430809.571590 0.000000 -3.296930 -0.264133
12921 -430809.471042 0.000000 -3.196382 -0.163585
12854 -430809.597825 0.000000 -3.323165 -0.290367
16392 -430809.571590 0.000000 -3.296930 -0.264133
16354 -430809.471042 0.000000 -3.196382 -0.163585
15471 -430809.597825 0.000000 -3.323165 -0.290367
16116 -430809.571590 0.000000 -3.296930 -0.264133
16091 -430809.471042 0.000000 -3.196382 -0.163585
15917 -430809.597825 0.000000 -3.323165 -0.290367
19598 -430809.571590 0.000000 -3.296930 -0.264133
19354 -430809.471042 0.000000 -3.196382 -0.163585
18718 -430809.597825 0.000000 -3.323165 -0.290367
19008 -430809.571590 0.000000 -3.296930 -0.264133
19087 -430809.471042 0.000000 -3.196382 -0.163585
18930 -430809.597824 0.000000 -3.323165 -0.290367
22431 -430809.571590 0.000000 -3.296930 -0.264133
22581 -430809.471042 0.000000 -3.196382 -0.163585
21548 -430809.597825 0.000000 -3.323165 -0.290367
22158 -430809.571590 0.000000 -3.296930 -0.264133
22309 -430809.471042 0.000000 -3.196382 -0.163585
21983 -430809.597825 0.000000 -3.323165 -0.290367
22018 -430809.571590 0.000000 -3.296930 -0.264133
25395 -430809.471042 0.000000 -3.196382 -0.163585
1198 -430809.500040 0.000000 -3.225381 -0.192583
935 -430809.500040 0.000000 -3.225381 -0.192583
4429 -430809.500040 0.000000 -3.225381 -0.192583
3838 -430809.500040 0.000000 -3.225381 -0.192583
7276 -430809.500040 0.000000 -3.225381 -0.192583
7000 -430809.500040 0.000000 -3.225381 -0.192583
10485 -430809.500040 0.000000 -3.225381 -0.192583
9978 -430809.500040 0.000000 -3.225381 -0.192583
9866 -430809.500040 0.000000 -3.225381 -0.192583
13194 -430809.500040 0.000000 -3.225381 -0.192583
12995 -430809.500040 0.000000 -3.225381 -0.192583
16062 -430809.500040 0.000000 -3.225381 -0.192583
15932 -430809.500040 0.000000 -3.225381 -0.192583
19276 -430809.500040 0.000000 -3.225381 -0.192583
19040 -430809.500040 0.000000 -3.225381 -0.192583
22234 -430809.500040 0.000000 -3.225381 -0.192583
22029 -430809.500040 0.000000 -3.225381 -0.192583
464 -430809.791635 0.000000 -3.516975 -0.484178
49310 -430809.791635 0.000000 -3.516975 -0.484178
3531 -430809.791635 0.000000 -3.516975 -0.484178
3752 -430809.791635 0.000000 -3.516975 -0.484178
6362 -430809.791635 0.000000 -3.516975 -0.484178
6609 -430809.791635 0.000000 -3.516975 -0.484178
9631 -430809.791635 0.000000 -3.516975 -0.484177
9838 -430809.791635 0.000000 -3.516975 -0.484178
12462 -430809.791635 0.000000 -3.516975 -0.484178
12723 -430809.791635 0.000000 -3.516975 -0.484178
15528 -430809.791635 0.000000 -3.516975 -0.484178
15798 -430809.791635 0.000000 -3.516975 -0.484178
18375 -430809.791635 0.000000 -3.516975 -0.484177
18642 -430809.791635 0.000000 -3.516975 -0.484178
21630 -430809.791635 0.000000 -3.516975 -0.484178
21886 -430809.791635 0.000000 -3.516975 -0.484178
21982 -430809.791635 0.000000 -3.516975 -0.484178
49630 -430810.050178 0.000000 -3.775518 -0.742721
1079 -430810.772219 0.000000 -4.497559 -1.464762
830 -430810.050178 0.000000 -3.775519 -0.742721
831 -430810.772219 0.000000 -4.497559 -1.464762
4310 -430810.050178 0.000000 -3.775518 -0.742721
4311 -430810.772219 0.000000 -4.497559 -1.464762
4039 -430810.050178 0.000000 -3.775518 -0.742721
4040 -430810.772219 0.000000 -4.497559 -1.464762
7512 -430810.050178 0.000000 -3.775519 -0.742721
7275 -430810.772219 0.000000 -4.497559 -1.464762
6918 -430810.050178 0.000000 -3.775519 -0.742721
6999 -430810.772219 0.000000 -4.497559 -1.464762
10621 -430810.050178 0.000000 -3.775518 -0.742721
10484 -430810.772219 0.000000 -4.497559 -1.464762
10118 -430810.050178 0.000000 -3.775518 -0.742721
10266 -430810.772219 0.000000 -4.497559 -1.464762
9922 -430810.050178 0.000000 -3.775518 -0.742721
9863 -430810.772219 0.000000 -4.497559 -1.464762
13081 -430810.050178 0.000000 -3.775518 -0.742721
13082 -430810.772219 0.000000 -4.497559 -1.464762
12909 -430810.050178 0.000000 -3.775518 -0.742721
12910 -430810.772219 0.000000 -4.497559 -1.464762
16312 -430810.050178 0.000000 -3.775518 -0.742721
16313 -430810.772219 0.000000 -4.497559 -1.464762
16082 -430810.050178 0.000000 -3.775518 -0.742721
15931 -430810.772219 0.000000 -4.497559 -1.464762
19167 -430810.050178 0.000000 -3.775519 -0.742721
19275 -430810.772219 0.000000 -4.497559 -1.464762
18985 -430810.050178 0.000000 -3.775518 -0.742721
19039 -430810.772219 0.000000 -4.497559 -1.464762
22390 -430810.050178 0.000000 -3.775518 -0.742721
22512 -430810.772219 0.000000 -4.497559 -1.464762
22128 -430810.050178 0.000000 -3.775518 -0.742721
70563 -430810.772219 0.000000 -4.497559 -1.464762
46295 -430810.710872 0.000000 -4.436213 -1.403415
1158 -430810.710873 0.000000 -4.436213 -1.403415
49312 -430810.710872 0.000000 -4.436213 -1.403415
3965 -430810.710873 0.000000 -4.436213 -1.403415
3807 -430810.710873 0.000000 -4.436213 -1.403415
7197 -430810.710873 0.000000 -4.436213 -1.403415
6961 -430810.710872 0.000000 -4.436213 -1.403415
10197 -430810.710872 0.000000 -4.436213 -1.403415
9947 -430810.710872 0.000000 -4.436213 -1.403415
13429 -430810.710872 0.000000 -4.436213 -1.403415
13167 -430810.710873 0.000000 -4.436213 -1.403415
16234 -430810.710873 0.000000 -4.436213 -1.403415
15993 -430810.710872 0.000000 -4.436213 -1.403415
19474 -430810.710872 0.000000 -4.436213 -1.403415
19201 -430810.710872 0.000000 -4.436213 -1.403415
22469 -430810.710873 0.000000 -4.436213 -1.403415
22194 -430810.710872 0.000000 -4.436213 -1.403415
46274 -430809.935630 0.000000 -3.660970 -0.628172
1001 -430809.935630 0.000000 -3.660970 -0.628172
806 -430809.935630 0.000000 -3.660970 -0.628172
52555 -430809.935630 0.000000 -3.660970 -0.628172
3815 -430809.935630 0.000000 -3.660970 -0.628172
7235 -430809.935630 0.000000 -3.660970 -0.628172
6972 -430809.935630 0.000000 -3.660970 -0.628172
10464 -430809.935630 0.000000 -3.660970 -0.628172
9882 -430809.935630 0.000000 -3.660970 -0.628172
13275 -430809.935630 0.000000 -3.660970 -0.628172
13016 -430809.935630 0.000000 -3.660970 -0.628172
16500 -430809.935630 0.000000 -3.660970 -0.628172
16022 -430809.935630 0.000000 -3.660970 -0.628172
19512 -430809.935630 0.000000 -3.660970 -0.628172
19235 -430809.935630 0.000000 -3.660970 -0.628172
19032 -430809.935630 0.000000 -3.660970 -0.628172
22083 -430809.935630 0.000000 -3.660970 -0.628172
1345 -430809.922237 0.000000 -3.647577 -0.614779
49347 -430809.922237 0.000000 -3.647577 -0.614779
4196 -430809.922237 0.000000 -3.647577 -0.614779
3925 -430809.922237 0.000000 -3.647577 -0.614779
7422 -430809.922237 0.000000 -3.647577 -0.614779
7156 -430809.922237 0.000000 -3.647577 -0.614779
6826 -430809.922237 0.000000 -3.647577 -0.614779
10117 -430809.922237 0.000000 -3.647577 -0.614779
9921 -430809.922237 0.000000 -3.647577 -0.614779
13379 -430809.922237 0.000000 -3.647577 -0.614779
12898 -430809.922237 0.000000 -3.647577 -0.614779
16194 -430809.922237 0.000000 -3.647577 -0.614779
15971 -430809.922237 0.000000 -3.647577 -0.614779
19433 -430809.922237 0.000000 -3.647577 -0.614779
18984 -430809.922237 0.000000 -3.647577 -0.614779
22389 -430809.922237 0.000000 -3.647577 -0.614779
22127 -430809.922237 0.000000 -3.647577 -0.614779
1238 -430810.552718 0.000000 -4.278058 -1.245261
963 -430810.552718 0.000000 -4.278058 -1.245261
4195 -430810.552718 0.000000 -4.278058 -1.245261
3924 -430810.552718 0.000000 -4.278058 -1.245261
7421 -430810.552718 0.000000 -4.278058 -1.245261
7155 -430810.552718 0.000000 -4.278058 -1.245261
6958 -430810.552718 0.000000 -4.278058 -1.245261
10016 -430810.552718 0.000000 -4.278058 -1.245261
9869 -430810.552718 0.000000 -4.278058 -1.245261
13234 -430810.552718 0.000000 -4.278058 -1.245261
12998 -430810.552718 0.000000 -4.278058 -1.245261
16193 -430810.552718 0.000000 -4.278058 -1.245261
15970 -430810.552718 0.000000 -4.278058 -1.245261
19432 -430810.552718 0.000000 -4.278058 -1.245261
19187 -430810.552718 0.000000 -4.278058 -1.245261
22273 -430810.552718 0.000000 -4.278058 -1.245261
22050 -430810.552718 0.000000 -4.278058 -1.245261
1038 -430810.574237 0.000000 -4.299578 -1.266780
811 -430810.574237 0.000000 -4.299578 -1.266780
4270 -430810.574237 0.000000 -4.299578 -1.266780
3797 -430810.574237 0.000000 -4.299578 -1.266780
7080 -430810.574237 0.000000 -4.299578 -1.266780
6869 -430810.574237 0.000000 -4.299578 -1.266780
10318 -430810.574237 0.000000 -4.299578 -1.266780
10062 -430810.574237 0.000000 -4.299578 -1.266780
13312 -430810.574237 0.000000 -4.299578 -1.266780
13043 -430810.574237 0.000000 -4.299578 -1.266780
16537 -430810.574237 0.000000 -4.299578 -1.266780
16282 -430810.574237 0.000000 -4.299578 -1.266780
19356 -430810.574237 0.000000 -4.299578 -1.266780
19090 -430810.574237 0.000000 -4.299578 -1.266780
18972 -430810.574237 0.000000 -4.299578 -1.266780
22312 -430810.574237 0.000000 -4.299578 -1.266780
22000 -430810.574237 0.000000 -4.299578 -1.266780
903 -430810.013700 0.000000 -3.739041 -0.706243
769 -430810.013700 0.000000 -3.739041 -0.706243
4119 -430810.013700 0.000000 -3.739041 -0.706243
3881 -430810.013700 0.000000 -3.739041 -0.706243
7117 -430810.013700 0.000000 -3.739041 -0.706243
6887 -430810.013700 0.000000 -3.739041 -0.706243
10355 -430810.013700 0.000000 -3.739041 -0.706243
10081 -430810.013700 0.000000 -3.739041 -0.706243
13552 -430810.013700 0.000000 -3.739041 -0.706243
12944 -430810.013700 0.000000 -3.739041 -0.706243
16395 -430810.013700 0.000000 -3.739041 -0.706243
16119 -430810.013700 0.000000 -3.739041 -0.706243
19724 -430810.013700 0.000000 -3.739041 -0.706243
19127 -430810.013700 0.000000 -3.739041 -0.706243
18973 -430810.013700 0.000000 -3.739041 -0.706243
22349 -430810.013700 0.000000 -3.739041 -0.706243
22112 -430810.013700 0.000000 -3.739041 -0.706243
1237 -430809.993072 0.000000 -3.718412 -0.685615
962 -430809.993072 0.000000 -3.718412 -0.685615
4439 -430809.993072 0.000000 -3.718412 -0.685614
3863 -430809.993072 0.000000 -3.718412 -0.685615
3793 -430809.993072 0.000000 -3.718412 -0.685615
7039 -430809.993072 0.000000 -3.718412 -0.685615
6858 -430809.993072 0.000000 -3.718412 -0.685614
10277 -430809.993072 0.000000 -3.718412 -0.685615
9868 -430809.993072 0.000000 -3.718412 -0.685615
13233 -430809.993072 0.000000 -3.718412 -0.685615
12997 -430809.993072 0.000000 -3.718412 -0.685615
16488 -430809.993072 0.000000 -3.718412 -0.685615
15944 -430809.993072 0.000000 -3.718412 -0.685615
19316 -430809.993072 0.000000 -3.718412 -0.685615
19059 -430809.993072 0.000000 -3.718412 -0.685614
22543 -430809.993072 0.000000 -3.718412 -0.685615
22049 -430809.993072 0.000000 -3.718412 -0.685614
1161 -430809.829672 0.000000 -3.555013 -0.522215
778 -430809.829672 0.000000 -3.555013 -0.522215
4156 -430809.829672 0.000000 -3.555013 -0.522215
3896 -430809.829672 0.000000 -3.555013 -0.522215
7382 -430809.829672 0.000000 -3.555013 -0.522215
55396 -430809.829672 0.000000 -3.555013 -0.522215
10200 -430809.829672 0.000000 -3.555013 -0.522215
9950 -430809.829672 0.000000 -3.555013 -0.522215
13432 -430809.829672 0.000000 -3.555013 -0.522215
13169 -430809.829672 0.000000 -3.555013 -0.522215
16432 -430809.829672 0.000000 -3.555013 -0.522215
16154 -430809.829672 0.000000 -3.555013 -0.522215
15963 -430809.829672 0.000000 -3.555013 -0.522215
19403 -430809.829672 0.000000 -3.555013 -0.522215
18967 -430809.829672 0.000000 -3.555013 -0.522215
22197 -430809.829672 0.000000 -3.555013 -0.522215
22022 -430809.829672 0.000000 -3.555013 -0.522215
1118 -430809.797060 0.000000 -3.522401 -0.489603
863 -430809.797060 0.000000 -3.522401 -0.489603
4350 -430809.797060 0.000000 -3.522401 -0.489603
4077 -430809.797060 0.000000 -3.522401 -0.489603
3792 -430809.797060 0.000000 -3.522401 -0.489603
7038 -430809.797060 0.000000 -3.522401 -0.489603
6857 -430809.797060 0.000000 -3.522401 -0.489603
10276 -430809.797060 0.000000 -3.522401 -0.489603
10056 -430809.797060 0.000000 -3.522401 -0.489603
13121 -430809.797060 0.000000 -3.522401 -0.489603
12920 -430809.797060 0.000000 -3.522401 -0.489603
16353 -430809.797060 0.000000 -3.522401 -0.489603
16090 -430809.797060 0.000000 -3.522401 -0.489603
19315 -430809.797060 0.000000 -3.522401 -0.489603
19058 -430809.797060 0.000000 -3.522401 -0.489603
22542 -430809.797060 0.000000 -3.522401 -0.489603
22293 -430809.797060 0.000000 -3.522401 -0.489603
1376 -430809.941745 0.000000 -3.667086 -0.634288
862 -430809.941745 0.000000 -3.667086 -0.634288
4550 -430809.941746 0.000000 -3.667086 -0.634288
4076 -430809.941745 0.000000 -3.667086 -0.634288
3873 -430809.941746 0.000000 -3.667086 -0.634288
6948 -430809.941745 0.000000 -3.667086 -0.634288
6830 -430809.941745 0.000000 -3.667086 -0.634288
10158 -430809.941746 0.000000 -3.667086 -0.634288
9930 -430809.941745 0.000000 -3.667086 -0.634288
13390 -430809.941746 0.000000 -3.667086 -0.634288
12919 -430809.941746 0.000000 -3.667086 -0.634288
16352 -430809.941745 0.000000 -3.667086 -0.634288
16089 -430809.941746 0.000000 -3.667086 -0.634288
19588 -430809.941745 0.000000 -3.667086 -0.634288
19007 -430809.941746 0.000000 -3.667086 -0.634288
22430 -430809.941746 0.000000 -3.667086 -0.634288
22157 -430809.941745 0.000000 -3.667086 -0.634288
1199 -430809.858075 0.000000 -3.583416 -0.550618
936 -430809.858075 0.000000 -3.583416 -0.550618
4005 -430809.858075 0.000000 -3.583416 -0.550618
3818 -430809.858075 0.000000 -3.583416 -0.550618
7238 -430809.858075 0.000000 -3.583416 -0.550618
6975 -430809.858075 0.000000 -3.583416 -0.550618
58789 -430809.858075 0.000000 -3.583416 -0.550618
9979 -430809.858075 0.000000 -3.583416 -0.550618
13469 -430809.858075 0.000000 -3.583416 -0.550618
13195 -430809.858075 0.000000 -3.583416 -0.550618
16630 -430809.858075 0.000000 -3.583416 -0.550618
16025 -430809.858075 0.000000 -3.583416 -0.550618
15929 -430809.858075 0.000000 -3.583416 -0.550618
19238 -430809.858075 0.000000 -3.583416 -0.550618
19035 -430809.858075 0.000000 -3.583416 -0.550618
22235 -430809.858075 0.000000 -3.583416 -0.550618
22030 -430809.858075 0.000000 -3.583416 -0.550618
1041 -430810.052449 0.000000 -3.777790 -0.744992
814 -430810.052449 0.000000 -3.777790 -0.744992
4273 -430810.052449 0.000000 -3.777790 -0.744992
3839 -430810.052449 0.000000 -3.777790 -0.744992
7277 -430810.052449 0.000000 -3.777790 -0.744992
7001 -430810.052449 0.000000 -3.777790 -0.744992
10486 -430810.052449 0.000000 -3.777790 -0.744992
9904 -430810.052449 0.000000 -3.777790 -0.744992
13315 -430810.052449 0.000000 -3.777790 -0.744992
13046 -430810.052449 0.000000 -3.777790 -0.744992
12908 -430810.052449 0.000000 -3.777790 -0.744992
16284 -430810.052449 0.000000 -3.777790 -0.744992
15933 -430810.052449 0.000000 -3.777790 -0.744992
19277 -430810.052449 0.000000 -3.777790 -0.744992
19041 -430810.052449 0.000000 -3.777790 -0.744992
22513 -430810.052449 0.000000 -3.777790 -0.744992
22002 -430810.052449 0.000000 -3.777790 -0.744992
1375 -430810.101833 0.000000 -3.827174 -0.794376
1138 -430810.101833 0.000000 -3.827174 -0.794376
759 -430810.101833 0.000000 -3.827174 -0.794376
3964 -430810.101833 0.000000 -3.827174 -0.794376
3806 -430810.101833 0.000000 -3.827174 -0.794376
7196 -430810.101833 0.000000 -3.827174 -0.794376
6829 -430810.101833 0.000000 -3.827174 -0.794376
10157 -430810.101833 0.000000 -3.827174 -0.794376
9929 -430810.101833 0.000000 -3.827174 -0.794376
13389 -430810.101833 0.000000 -3.827174 -0.794376
13161 -430810.101833 0.000000 -3.827174 -0.794376
16233 -430810.101833 0.000000 -3.827174 -0.794376
15992 -430810.101833 0.000000 -3.827174 -0.794376
19473 -430810.101833 0.000000 -3.827174 -0.794376
19200 -430810.101833 0.000000 -3.827174 -0.794376
22429 -430810.101833 0.000000 -3.827174 -0.794376
22156 -430810.101833 0.000000 -3.827174 -0.794376
1277 -430810.005058 0.000000 -3.730399 -0.697601
1000 -430810.005058 0.000000 -3.730399 -0.697601
805 -430810.005058 0.000000 -3.730399 -0.697601
3963 -430810.005058 0.000000 -3.730399 -0.697601
3805 -430810.005058 0.000000 -3.730399 -0.697601
7195 -430810.005058 0.000000 -3.730399 -0.697601
6960 -430810.005058 0.000000 -3.730399 -0.697601
10046 -430810.005058 0.000000 -3.730399 -0.697601
9881 -430810.005058 0.000000 -3.730399 -0.697601
13274 -430810.005058 0.000000 -3.730399 -0.697601
13015 -430810.005058 0.000000 -3.730399 -0.697601
16499 -430810.005058 0.000000 -3.730399 -0.697601
15991 -430810.005058 0.000000 -3.730398 -0.697601
19472 -430810.005058 0.000000 -3.730399 -0.697601
19199 -430810.005058 0.000000 -3.730399 -0.697601
22671 -430810.005058 0.000000 -3.730399 -0.697601
22082 -430810.005058 0.000000 -3.730399 -0.697601
1346 -430809.954210 0.000000 -3.679550 -0.646753
780 -430809.954210 0.000000 -3.679550 -0.646753
4159 -430809.954210 0.000000 -3.679550 -0.646753
3899 -430809.954210 0.000000 -3.679550 -0.646753
7385 -430809.954210 0.000000 -3.679550 -0.646753
6919 -430809.954210 0.000000 -3.679550 -0.646753
10395 -430809.954210 0.000000 -3.679550 -0.646753
10119 -430809.954210 0.000000 -3.679550 -0.646753
13654 -430809.954210 0.000000 -3.679550 -0.646753
61528 -430809.954210 0.000000 -3.679550 -0.646753
12896 -430809.954210 0.000000 -3.679550 -0.646753
16157 -430809.954210 0.000000 -3.679550 -0.646753
15966 -430809.954210 0.000000 -3.679550 -0.646753
19405 -430809.954210 0.000000 -3.679550 -0.646753
18986 -430809.954210 0.000000 -3.679550 -0.646753
22391 -430809.954210 0.000000 -3.679550 -0.646753
22129 -430809.954210 0.000000 -3.679550 -0.646753
999 -430809.881795 0.000000 -3.607136 -0.574338
804 -430809.881795 0.000000 -3.607136 -0.574338
4251 -430809.881795 0.000000 -3.607136 -0.574338
3796 -430809.881795 0.000000 -3.607136 -0.574338
7079 -430809.881795 0.000000 -3.607136 -0.574338
6868 -430809.881795 0.000000 -3.607136 -0.574338
10317 -430809.881795 0.000000 -3.607136 -0.574338
9880 -430809.881795 0.000000 -3.607136 -0.574338
13273 -430809.881795 0.000000 -3.607136 -0.574338
13014 -430809.881795 0.000000 -3.607136 -0.574338
16498 -430809.881795 0.000000 -3.607136 -0.574338
16273 -430809.881795 0.000000 -3.607136 -0.574338
19355 -430809.881795 0.000000 -3.607136 -0.574338
19089 -430809.881795 0.000000 -3.607136 -0.574338
22583 -430809.881795 0.000000 -3.607136 -0.574338
22311 -430809.881795 0.000000 -3.607136 -0.574338
21997 -430809.881795 0.000000 -3.607136 -0.574338
1202 -430809.835168 0.000000 -3.560509 -0.527711
939 -430809.835168 0.000000 -3.560509 -0.527711
4197 -430809.835168 0.000000 -3.560509 -0.527711
3926 -430809.835168 0.000000 -3.560509 -0.527711
7423 -430809.835168 0.000000 -3.560509 -0.527711
7157 -430809.835168 0.000000 -3.560509 -0.527711
10239 -430809.835168 0.000000 -3.560509 -0.527711
9982 -430809.835168 0.000000 -3.560509 -0.527711
9867 -430809.835168 0.000000 -3.560509 -0.527711
13198 -430809.835168 0.000000 -3.560509 -0.527711
61451 -430809.835168 0.000000 -3.560509 -0.527711
16195 -430809.835168 0.000000 -3.560509 -0.527711
15972 -430809.835168 0.000000 -3.560509 -0.527711
19434 -430809.835168 0.000000 -3.560509 -0.527711
19188 -430809.835168 0.000000 -3.560509 -0.527711
22238 -430809.835168 0.000000 -3.560509 -0.527711
22033 -430809.835168 0.000000 -3.560509 -0.527711
1159 -430809.968882 0.000000 -3.694222 -0.661425
931 -430809.968882 0.000000 -3.694222 -0.661424
4004 -430809.968882 0.000000 -3.694222 -0.661425
3817 -430809.968882 0.000000 -3.694222 -0.661425
7237 -430809.968882 0.000000 -3.694222 -0.661425
6974 -430809.968882 0.000000 -3.694222 -0.661424
10198 -430809.968882 0.000000 -3.694222 -0.661425
9948 -430809.968882 0.000000 -3.694222 -0.661425
13430 -430809.968882 0.000000 -3.694222 -0.661424
13168 -430809.968882 0.000000 -3.694222 -0.661425
16263 -430809.968882 0.000000 -3.694222 -0.661424
16024 -430809.968882 0.000000 -3.694222 -0.661425
19514 -430809.968882 0.000000 -3.694222 -0.661425
19237 -430809.968882 0.000000 -3.694222 -0.661424
19034 -430809.968882 0.000000 -3.694222 -0.661424
22195 -430809.968882 0.000000 -3.694222 -0.661425
22020 -430809.968882 0.000000 -3.694222 -0.661425
1348 -430809.979768 0.000000 -3.705109 -0.672311
865 -430809.979768 0.000000 -3.705109 -0.672311
4351 -430809.979768 0.000000 -3.705109 -0.672311
4079 -430809.979768 0.000000 -3.705109 -0.672311
7522 -430809.979768 0.000000 -3.705109 -0.672311
6921 -430809.979768 0.000000 -3.705109 -0.672311
6828 -430809.979768 0.000000 -3.705109 -0.672311
10122 -430809.979768 0.000000 -3.705109 -0.672311
9926 -430809.979768 0.000000 -3.705109 -0.672311
13123 -430809.979768 0.000000 -3.705109 -0.672311
12922 -430809.979768 0.000000 -3.705109 -0.672311
16355 -430809.979768 0.000000 -3.705109 -0.672311
16092 -430809.979768 0.000000 -3.705109 -0.672311
19169 -430809.979768 0.000000 -3.705109 -0.672311
18989 -430809.979768 0.000000 -3.705109 -0.672311
22394 -430809.979768 0.000000 -3.705109 -0.672311
22132 -430809.979768 0.000000 -3.705109 -0.672311
1040 -430809.961750 0.000000 -3.687090 -0.654293
813 -430809.961750 0.000000 -3.687090 -0.654293
4272 -430809.961750 0.000000 -3.687090 -0.654293
3816 -430809.961750 0.000000 -3.687090 -0.654293
7236 -430809.961750 0.000000 -3.687090 -0.654293
6973 -430809.961750 0.000000 -3.687090 -0.654293
10465 -430809.961750 0.000000 -3.687090 -0.654293
9903 -430809.961750 0.000000 -3.687090 -0.654293
13314 -430809.961750 0.000000 -3.687090 -0.654293
13045 -430809.961750 0.000000 -3.687090 -0.654293
16539 -430809.961750 0.000000 -3.687090 -0.654293
16023 -430809.961750 0.000000 -3.687090 -0.654293
19513 -430809.961750 0.000000 -3.687090 -0.654293
19236 -430809.961750 0.000000 -3.687090 -0.654293
19033 -430809.961750 0.000000 -3.687090 -0.654293
22502 -430809.961750 0.000000 -3.687090 -0.654293
22001 -430809.961750 0.000000 -3.687090 -0.654293
1377 -430809.935644 0.000000 -3.660984 -0.628186
1139 -430809.935644 0.000000 -3.660984 -0.628186
4200 -430809.935644 0.000000 -3.660984 -0.628186
3929 -430809.935644 0.000000 -3.660984 -0.628186
7586 -430809.935644 0.000000 -3.660984 -0.628186
7160 -430809.935644 0.000000 -3.660984 -0.628186
6832 -430809.935644 0.000000 -3.660984 -0.628186
10160 -430809.935644 0.000000 -3.660984 -0.628186
9932 -430809.935644 0.000000 -3.660984 -0.628186
13392 -430809.935644 0.000000 -3.660984 -0.628186
12901 -430809.935644 0.000000 -3.660984 -0.628186
16198 -430809.935644 0.000000 -3.660984 -0.628186
15975 -430809.935644 0.000000 -3.660984 -0.628186
19437 -430809.935644 0.000000 -3.660984 -0.628186
19009 -430809.935644 0.000000 -3.660984 -0.628186
22432 -430809.935644 0.000000 -3.660984 -0.628186
22159 -430809.935644 0.000000 -3.660984 -0.628186
