#ID      EIFS 	      EIPFS 	   FSbin        FSseg
3057 -636132.716098 0.000000 -5.675912 -2.642564
3025 -636132.716173 0.000000 -5.675987 -2.642639
2816 -636132.716193 0.000000 -5.676007 -2.642658
2398 -636132.704107 0.000000 -5.663921 -2.630572
2278 -636132.704089 0.000000 -5.663903 -2.630555
2263 -636132.704045 0.000000 -5.663859 -2.630510
11992 -636132.703937 0.000000 -5.663751 -2.630402
11960 -636132.717184 0.000000 -5.676998 -2.643649
11741 -636132.715818 0.000000 -5.675631 -2.642283
11709 -636132.716099 0.000000 -5.675913 -2.642565
11495 -636132.716176 0.000000 -5.675990 -2.642641
82995 -636132.716201 0.000000 -5.676015 -2.642666
11216 -636132.704085 0.000000 -5.663899 -2.630551
20890 -636132.704042 0.000000 -5.663856 -2.630508
20672 -636132.703936 0.000000 -5.663750 -2.630401
20640 -636132.717183 0.000000 -5.676997 -2.643649
20423 -636132.715817 0.000000 -5.675631 -2.642283
20396 -636132.716098 0.000000 -5.675912 -2.642564
20253 -636132.716173 0.000000 -5.675987 -2.642639
30170 -636132.716193 0.000000 -5.676007 -2.642658
29603 -636132.704107 0.000000 -5.663921 -2.630572
29572 -636132.704089 0.000000 -5.663903 -2.630555
29363 -636132.704045 0.000000 -5.663859 -2.630511
29331 -636132.703937 0.000000 -5.663751 -2.630402
29196 -636132.717184 0.000000 -5.676998 -2.643649
29189 -636132.715818 0.000000 -5.675631 -2.642283
2966 -636131.178519 0.000000 -4.138333 -1.104984
2902 -636131.178993 0.000000 -4.138807 -1.105459
2715 -636131.179168 0.000000 -4.138982 -1.105634
2651 -636131.179198 0.000000 -4.139012 -1.105663
2468 -636131.179169 0.000000 -4.138983 -1.105635
2436 -636131.179122 0.000000 -4.138936 -1.105588
2316 -636131.179185 0.000000 -4.138999 -1.105651
11834 -636131.225906 0.000000 -4.185720 -1.152371
11647 -636131.177748 0.000000 -4.137562 -1.104214
11583 -636131.178519 0.000000 -4.138333 -1.104984
11405 -636131.178990 0.000000 -4.138804 -1.105456
11353 -636131.179158 0.000000 -4.138972 -1.105624
11250 -636131.179172 0.000000 -4.138986 -1.105638
21137 -636131.179132 0.000000 -4.138946 -1.105597
20981 -636131.179192 0.000000 -4.139006 -1.105657
92275 -636131.216362 0.000000 -4.176175 -1.142827
20350 -636131.177747 0.000000 -4.137561 -1.104213
20292 -636131.178519 0.000000 -4.138333 -1.104984
20207 -636131.178993 0.000000 -4.138807 -1.105459
20195 -636131.179169 0.000000 -4.138982 -1.105634
29916 -636131.179198 0.000000 -4.139012 -1.105663
29852 -636131.179169 0.000000 -4.138983 -1.105635
29666 -636131.179122 0.000000 -4.138936 -1.105588
29626 -636131.179185 0.000000 -4.138999 -1.105651
29182 -636131.225905 0.000000 -4.185719 -1.152370
29159 -636131.177748 0.000000 -4.137562 -1.104213
3191 -636131.350421 0.000000 -4.310235 -1.276887
2590 -636131.952758 0.000000 -4.912572 -1.879224
2558 -636131.952755 0.000000 -4.912569 -1.879220
2369 -636131.952740 0.000000 -4.912554 -1.879206
2342 -636131.952716 0.000000 -4.912530 -1.879181
2261 -636131.952696 0.000000 -4.912510 -1.879162
12133 -636131.952419 0.000000 -4.912233 -1.878885
11930 -636131.016991 0.000000 -3.976805 -0.943457
11897 -636131.349701 0.000000 -4.309515 -1.276166
11686 -636131.350428 0.000000 -4.310242 -1.276894
11298 -636131.952753 0.000000 -4.912567 -1.879219
11225 -636131.952742 0.000000 -4.912556 -1.879208
11218 -636131.952717 0.000000 -4.912531 -1.879183
20860 -636131.952697 0.000000 -4.912511 -1.879163
20827 -636131.952420 0.000000 -4.912234 -1.878885
20610 -636131.016989 0.000000 -3.976803 -0.943455
20577 -636131.349700 0.000000 -4.309514 -1.276165
20378 -636131.350421 0.000000 -4.310235 -1.276887
91948 -636131.350525 0.000000 -4.310339 -1.276990
29791 -636131.952755 0.000000 -4.912569 -1.879220
29758 -636131.952740 0.000000 -4.912554 -1.879206
29542 -636131.952716 0.000000 -4.912530 -1.879182
29509 -636131.952696 0.000000 -4.912510 -1.879162
29309 -636131.952419 0.000000 -4.912233 -1.878885
29290 -636131.016991 0.000000 -3.976805 -0.943457
29188 -636131.349700 0.000000 -4.309513 -1.276165
3087 -636130.675598 0.000000 -3.635411 -0.602063
2903 -636130.675226 0.000000 -3.635040 -0.601692
2839 -636130.675198 0.000000 -3.635012 -0.601663
2652 -636130.675266 0.000000 -3.635080 -0.601732
2613 -636130.675449 0.000000 -3.635263 -0.601915
2255 -636131.063206 0.000000 -4.023019 -0.989671
2245 -636131.062542 0.000000 -4.022356 -0.989008
11835 -636130.665954 0.000000 -3.625768 -0.592419
11771 -636130.676199 0.000000 -3.636013 -0.602665
11584 -636130.675597 0.000000 -3.635411 -0.602063
11520 -636130.675233 0.000000 -3.635047 -0.601698
11354 -636130.675235 0.000000 -3.635049 -0.601700
11335 -636130.675420 0.000000 -3.635234 -0.601886
21138 -636130.676075 0.000000 -3.635889 -0.602540
20702 -636131.062546 0.000000 -4.022360 -0.989012
20516 -636130.665955 0.000000 -3.625769 -0.592421
20452 -636130.676200 0.000000 -3.636014 -0.602666
20293 -636130.675597 0.000000 -3.635411 -0.602063
20258 -636130.675226 0.000000 -3.635040 -0.601692
20196 -636130.675198 0.000000 -3.635012 -0.601663
30030 -636130.675266 0.000000 -3.635080 -0.601732
29853 -636130.675449 0.000000 -3.635263 -0.601914
101153 -636130.676090 0.000000 -3.635904 -0.602555
29254 -636131.062543 0.000000 -4.022357 -0.989008
29206 -636130.665954 0.000000 -3.625768 -0.592420
29160 -636130.676200 0.000000 -3.636014 -0.602666
73998 -636131.073407 0.000000 -4.033221 -0.999873
2239 -636130.620871 0.000000 -3.580685 -0.547336
2240 -636130.621065 0.000000 -3.580879 -0.547531
2241 -636130.621119 0.000000 -3.580933 -0.547585
2242 -636130.621112 0.000000 -3.580926 -0.547577
2243 -636130.621077 0.000000 -3.580891 -0.547542
2244 -636130.621079 0.000000 -3.580893 -0.547545
11210 -636130.626237 0.000000 -3.586051 -0.552703
11211 -636131.066347 0.000000 -4.026161 -0.992813
11212 -636131.572658 0.000000 -4.532472 -1.499123
11213 -636130.620871 0.000000 -3.580685 -0.547337
11214 -636130.621063 0.000000 -3.580877 -0.547528
11215 -636130.621106 0.000000 -3.580920 -0.547571
20178 -636130.621083 0.000000 -3.580896 -0.547548
20179 -636130.621085 0.000000 -3.580899 -0.547550
20180 -636130.626240 0.000000 -3.586054 -0.552706
20181 -636131.066346 0.000000 -4.026160 -0.992811
20182 -636131.073407 0.000000 -4.033221 -0.999872
20183 -636130.620871 0.000000 -3.580685 -0.547336
20184 -636130.621065 0.000000 -3.580879 -0.547531
29150 -636130.621119 0.000000 -3.580933 -0.547585
29151 -636130.621112 0.000000 -3.580926 -0.547577
29152 -636130.621077 0.000000 -3.580891 -0.547542
29153 -636130.621079 0.000000 -3.580893 -0.547545
29449 -636130.626237 0.000000 -3.586051 -0.552703
29155 -636131.066347 0.000000 -4.026161 -0.992812
1352 -636131.266635 0.000000 -4.226449 -1.193101
1561 -636131.266782 0.000000 -4.226596 -1.193248
1576 -636131.266951 0.000000 -4.226765 -1.193417
73916 -636131.267073 0.000000 -4.226887 -1.193539
2181 -636131.262224 0.000000 -4.222038 -1.188690
1714 -636131.261998 0.000000 -4.221812 -1.188464
10354 -636131.261293 0.000000 -4.221107 -1.187759
10572 -636131.267015 0.000000 -4.226829 -1.193481
10603 -636131.267825 0.000000 -4.227639 -1.194291
10824 -636131.266639 0.000000 -4.226453 -1.193105
10847 -636131.266797 0.000000 -4.226611 -1.193263
82487 -636131.266992 0.000000 -4.226806 -1.193457
82146 -636131.267168 0.000000 -4.226982 -1.193634
19577 -636131.262006 0.000000 -4.221820 -1.188472
19608 -636131.261293 0.000000 -4.221107 -1.187759
19829 -636131.267013 0.000000 -4.226827 -1.193479
19860 -636131.267823 0.000000 -4.227637 -1.194289
20055 -636131.266635 0.000000 -4.226449 -1.193100
20068 -636131.266782 0.000000 -4.226596 -1.193248
28205 -636131.266951 0.000000 -4.226765 -1.193417
100381 -636131.267073 0.000000 -4.226887 -1.193539
28838 -636131.262224 0.000000 -4.222038 -1.188690
28869 -636131.261998 0.000000 -4.221812 -1.188464
29058 -636131.261294 0.000000 -4.221108 -1.187759
29075 -636131.267015 0.000000 -4.226829 -1.193481
29148 -636131.267825 0.000000 -4.227639 -1.194290
1465 -636133.025070 0.000000 -5.984884 -2.951535
1651 -636133.025335 0.000000 -5.985149 -2.951801
1715 -636133.025459 0.000000 -5.985273 -2.951925
1903 -636133.025484 0.000000 -5.985298 -2.951950
1962 -636133.025467 0.000000 -5.985281 -2.951932
2117 -636133.025455 0.000000 -5.985269 -2.951920
2126 -636133.025624 0.000000 -5.985438 -2.952090
82426 -636133.024197 0.000000 -5.984011 -2.950662
10728 -636133.022636 0.000000 -5.982450 -2.949102
10913 -636133.025069 0.000000 -5.984883 -2.951535
10977 -636133.025332 0.000000 -5.985146 -2.951798
11127 -636133.025451 0.000000 -5.985265 -2.951917
11151 -636133.025467 0.000000 -5.985281 -2.951933
19274 -636133.025461 0.000000 -5.985275 -2.951927
19322 -636133.025629 0.000000 -5.985443 -2.952094
91683 -636133.024199 0.000000 -5.984013 -2.950665
91737 -636131.261444 0.000000 -4.221258 -1.187909
20112 -636133.025070 0.000000 -5.984884 -2.951535
20148 -636133.025335 0.000000 -5.985149 -2.951801
19672 -636133.025460 0.000000 -5.985274 -2.951925
28339 -636133.025484 0.000000 -5.985298 -2.951950
28524 -636133.025467 0.000000 -5.985281 -2.951932
28580 -636133.025455 0.000000 -5.985269 -2.951920
28776 -636133.025624 0.000000 -5.985438 -2.952090
100889 -636133.024197 0.000000 -5.984011 -2.950663
28433 -636133.022636 0.000000 -5.982450 -2.949101
3216 -636131.433519 0.000000 -4.393333 -1.359985
3028 -636131.433670 0.000000 -4.393484 -1.360136
2591 -636131.407223 0.000000 -4.367037 -1.333689
2401 -636131.407176 0.000000 -4.366990 -1.333642
2370 -636131.407196 0.000000 -4.367010 -1.333662
2266 -636131.407331 0.000000 -4.367145 -1.333796
12164 -636131.407809 0.000000 -4.367623 -1.334275
11963 -636131.414992 0.000000 -4.374806 -1.341458
11931 -636131.433348 0.000000 -4.393162 -1.359813
11712 -636131.433523 0.000000 -4.393337 -1.359988
11687 -636131.433674 0.000000 -4.393488 -1.360139
11237 -636131.407226 0.000000 -4.367040 -1.333692
11226 -636131.407213 0.000000 -4.367027 -1.333679
20893 -636131.407334 0.000000 -4.367148 -1.333799
20861 -636131.407808 0.000000 -4.367622 -1.334274
20643 -636131.414990 0.000000 -4.374804 -1.341456
20611 -636131.433345 0.000000 -4.393159 -1.359811
20399 -636131.433519 0.000000 -4.393333 -1.359985
20379 -636131.433670 0.000000 -4.393484 -1.360136
30172 -636131.433769 0.000000 -4.393583 -1.360235
29792 -636131.407176 0.000000 -4.366990 -1.333642
29575 -636131.407196 0.000000 -4.367010 -1.333662
29543 -636131.407331 0.000000 -4.367145 -1.333796
29334 -636131.407809 0.000000 -4.367623 -1.334275
29310 -636131.414991 0.000000 -4.374805 -1.341457
29192 -636131.433346 0.000000 -4.393160 -1.359812
3118 -636131.471887 0.000000 -4.431701 -1.398353
2935 -636131.471450 0.000000 -4.431264 -1.397916
2870 -636131.471371 0.000000 -4.431185 -1.397837
2684 -636131.471396 0.000000 -4.431210 -1.397862
2620 -636131.471448 0.000000 -4.431262 -1.397914
2448 -636131.471479 0.000000 -4.431293 -1.397945
2247 -636131.487446 0.000000 -4.447260 -1.413911
11866 -636131.488823 0.000000 -4.448637 -1.415289
11802 -636131.472708 0.000000 -4.432522 -1.399173
11616 -636131.471888 0.000000 -4.431702 -1.398354
11551 -636131.471456 0.000000 -4.431270 -1.397921
11377 -636131.471386 0.000000 -4.431200 -1.397852
11340 -636131.471426 0.000000 -4.431240 -1.397891
21170 -636131.471465 0.000000 -4.431279 -1.397930
21129 -636131.471302 0.000000 -4.431116 -1.397768
20547 -636131.488825 0.000000 -4.448639 -1.415290
20483 -636131.472708 0.000000 -4.432522 -1.399173
20320 -636131.471887 0.000000 -4.431701 -1.398352
20272 -636131.471450 0.000000 -4.431264 -1.397916
20199 -636131.471371 0.000000 -4.431185 -1.397836
30061 -636131.471396 0.000000 -4.431210 -1.397862
29885 -636131.471448 0.000000 -4.431262 -1.397913
29828 -636131.471479 0.000000 -4.431293 -1.397945
29635 -636131.471308 0.000000 -4.431122 -1.397774
29226 -636131.488823 0.000000 -4.448637 -1.415289
29167 -636131.472708 0.000000 -4.432522 -1.399173
3193 -636131.573340 0.000000 -4.533154 -1.499805
2778 -636131.371455 0.000000 -4.331269 -1.297921
2561 -636131.371445 0.000000 -4.331259 -1.297910
2529 -636131.371437 0.000000 -4.331251 -1.297902
2345 -636131.371415 0.000000 -4.331228 -1.297880
2328 -636131.371315 0.000000 -4.331129 -1.297781
12136 -636131.370846 0.000000 -4.330660 -1.297312
12104 -636131.502299 0.000000 -4.462113 -1.428765
11900 -636131.572524 0.000000 -4.532338 -1.498990
11467 -636131.371453 0.000000 -4.331267 -1.297919
11301 -636131.371460 0.000000 -4.331274 -1.297926
11277 -636131.371448 0.000000 -4.331261 -1.297913
11221 -636131.371419 0.000000 -4.331233 -1.297885
21044 -636131.371317 0.000000 -4.331131 -1.297783
20830 -636131.370846 0.000000 -4.330660 -1.297312
20798 -636131.502298 0.000000 -4.462112 -1.428764
20580 -636131.572523 0.000000 -4.532337 -1.498989
20556 -636131.573340 0.000000 -4.533154 -1.499805
20190 -636131.371456 0.000000 -4.331270 -1.297921
29977 -636131.371445 0.000000 -4.331259 -1.297910
29761 -636131.371437 0.000000 -4.331251 -1.297902
29729 -636131.371415 0.000000 -4.331228 -1.297880
29512 -636131.371315 0.000000 -4.331129 -1.297781
29480 -636131.370846 0.000000 -4.330660 -1.297312
29293 -636131.502299 0.000000 -4.462113 -1.428764
29281 -636131.572523 0.000000 -4.532337 -1.498989
3119 -636131.839724 0.000000 -4.799538 -1.766190
3055 -636131.839926 0.000000 -4.799740 -1.766391
2871 -636131.840096 0.000000 -4.799910 -1.766562
2815 -636131.840188 0.000000 -4.800002 -1.766654
74381 -636131.843141 0.000000 -4.802955 -1.769607
2276 -636131.843145 0.000000 -4.802959 -1.769611
2248 -636131.843172 0.000000 -4.802986 -1.769638
11990 -636131.845840 0.000000 -4.805654 -1.772306
11803 -636131.841146 0.000000 -4.800960 -1.767612
11739 -636131.839727 0.000000 -4.799541 -1.766193
11552 -636131.839933 0.000000 -4.799747 -1.766398
11493 -636131.840106 0.000000 -4.799920 -1.766572
11341 -636131.840194 0.000000 -4.800008 -1.766659
20920 -636131.843152 0.000000 -4.802966 -1.769618
20733 -636131.843172 0.000000 -4.802986 -1.769638
20670 -636131.845838 0.000000 -4.805652 -1.772304
20484 -636131.841144 0.000000 -4.800958 -1.767609
20421 -636131.839724 0.000000 -4.799538 -1.766189
20273 -636131.839926 0.000000 -4.799740 -1.766391
20251 -636131.840096 0.000000 -4.799910 -1.766562
30062 -636131.840188 0.000000 -4.800002 -1.766654
30022 -636131.840224 0.000000 -4.800038 -1.766690
29424 -636131.843145 0.000000 -4.802959 -1.769611
29361 -636131.843172 0.000000 -4.802986 -1.769638
29227 -636131.845840 0.000000 -4.805654 -1.772305
29194 -636131.841145 0.000000 -4.800959 -1.767610
2967 -636131.534558 0.000000 -4.494372 -1.461023
2747 -636131.534487 0.000000 -4.494301 -1.460953
2716 -636131.534527 0.000000 -4.494341 -1.460993
2498 -636131.534595 0.000000 -4.494409 -1.461061
2469 -636131.534716 0.000000 -4.494530 -1.461182
2320 -636131.535100 0.000000 -4.494914 -1.461566
12233 -636131.537006 0.000000 -4.496820 -1.463472
83840 -636131.558644 0.000000 -4.518458 -1.485110
11648 -636131.534746 0.000000 -4.494560 -1.461211
11437 -636131.534559 0.000000 -4.494372 -1.461024
11406 -636131.534493 0.000000 -4.494307 -1.460959
11261 -636131.534554 0.000000 -4.494368 -1.461020
11251 -636131.534692 0.000000 -4.494506 -1.461158
21013 -636131.535090 0.000000 -4.494904 -1.461556
20982 -636131.537003 0.000000 -4.496817 -1.463469
20767 -636131.826988 0.000000 -4.786802 -1.753454
20351 -636131.534746 0.000000 -4.494560 -1.461211
20223 -636131.534557 0.000000 -4.494371 -1.461023
20208 -636131.534487 0.000000 -4.494301 -1.460952
29948 -636131.534527 0.000000 -4.494341 -1.460992
29917 -636131.534595 0.000000 -4.494409 -1.461061
29698 -636131.534716 0.000000 -4.494530 -1.461182
29667 -636131.535100 0.000000 -4.494914 -1.461566
29452 -636131.537006 0.000000 -4.496820 -1.463472
29433 -636131.826988 0.000000 -4.786802 -1.753454
29156 -636131.534746 0.000000 -4.494560 -1.461212
3214 -636132.294435 0.000000 -5.254249 -2.220901
3056 -636132.294663 0.000000 -5.254477 -2.221128
3017 -636132.294711 0.000000 -5.254525 -2.221176
2428 -636132.273803 0.000000 -5.233617 -2.200268
2367 -636132.273820 0.000000 -5.233634 -2.200286
2277 -636132.273832 0.000000 -5.233646 -2.200298
2259 -636132.273907 0.000000 -5.233721 -2.200373
11991 -636132.275913 0.000000 -5.235727 -2.202378
11928 -636132.293124 0.000000 -5.252938 -2.219589
11740 -636132.294435 0.000000 -5.254249 -2.220901
11685 -636132.294661 0.000000 -5.254475 -2.221127
83254 -636132.273803 0.000000 -5.233617 -2.200268
11223 -636132.273814 0.000000 -5.233628 -2.200280
20921 -636132.273827 0.000000 -5.233641 -2.200293
20858 -636132.273905 0.000000 -5.233719 -2.200371
20671 -636132.275912 0.000000 -5.235726 -2.202377
20608 -636132.293123 0.000000 -5.252937 -2.219589
20422 -636132.294435 0.000000 -5.254249 -2.220901
20376 -636132.294663 0.000000 -5.254477 -2.221129
20252 -636132.294711 0.000000 -5.254525 -2.221177
29789 -636132.273803 0.000000 -5.233617 -2.200268
29602 -636132.273820 0.000000 -5.233634 -2.200286
29540 -636132.273832 0.000000 -5.233646 -2.200298
29362 -636132.273907 0.000000 -5.233721 -2.200373
29307 -636132.275913 0.000000 -5.235727 -2.202378
29195 -636132.293123 0.000000 -5.252937 -2.219589
2936 -636131.710210 0.000000 -4.670024 -1.636676
2904 -636131.710286 0.000000 -4.670100 -1.636752
2685 -636131.710343 0.000000 -4.670157 -1.636809
2653 -636131.710383 0.000000 -4.670197 -1.636849
2449 -636131.710448 0.000000 -4.670262 -1.636914
2437 -636131.710721 0.000000 -4.670535 -1.637187
11867 -636132.322510 0.000000 -5.282324 -2.248976
11836 -636131.708354 0.000000 -4.668168 -1.634820
11617 -636131.710247 0.000000 -4.670061 -1.636712
11585 -636131.710213 0.000000 -4.670027 -1.636678
11378 -636131.710293 0.000000 -4.670107 -1.636759
11355 -636131.710360 0.000000 -4.670174 -1.636826
11248 -636131.710440 0.000000 -4.670254 -1.636906
21139 -636131.710719 0.000000 -4.670533 -1.637185
92718 -636132.322509 0.000000 -5.282323 -2.248975
20517 -636131.708353 0.000000 -4.668167 -1.634819
20321 -636131.710246 0.000000 -4.670060 -1.636711
20294 -636131.710210 0.000000 -4.670024 -1.636676
20200 -636131.710286 0.000000 -4.670100 -1.636752
30093 -636131.710343 0.000000 -4.670157 -1.636809
29886 -636131.710383 0.000000 -4.670197 -1.636849
29854 -636131.710448 0.000000 -4.670262 -1.636914
29636 -636131.710721 0.000000 -4.670535 -1.637186
29255 -636132.322510 0.000000 -5.282324 -2.248976
29168 -636131.708354 0.000000 -4.668168 -1.634819
29161 -636131.710246 0.000000 -4.670060 -1.636712
3088 -636132.742355 0.000000 -5.702169 -2.668820
2872 -636132.742430 0.000000 -5.702244 -2.668896
2840 -636132.742449 0.000000 -5.702263 -2.668914
2622 -636132.742448 0.000000 -5.702262 -2.668913
2296 -636132.756523 0.000000 -5.716337 -2.682989
2249 -636132.756472 0.000000 -5.716286 -2.682937
12022 -636132.756534 0.000000 -5.716348 -2.682999
11804 -636132.743629 0.000000 -5.703443 -2.670095
11772 -636132.742169 0.000000 -5.701983 -2.668635
11553 -636132.742356 0.000000 -5.702170 -2.668821
11521 -636132.742431 0.000000 -5.702245 -2.668897
11342 -636132.742447 0.000000 -5.702261 -2.668913
11336 -636132.742445 0.000000 -5.702259 -2.668911
20734 -636132.756469 0.000000 -5.716283 -2.682935
20703 -636132.756532 0.000000 -5.716346 -2.682998
20485 -636132.743628 0.000000 -5.703442 -2.670094
20453 -636132.742168 0.000000 -5.701982 -2.668634
20274 -636132.742355 0.000000 -5.702169 -2.668820
20259 -636132.742430 0.000000 -5.702244 -2.668896
30063 -636132.742449 0.000000 -5.702263 -2.668914
30031 -636132.742448 0.000000 -5.702262 -2.668913
29829 -636132.742443 0.000000 -5.702256 -2.668908
29394 -636132.756472 0.000000 -5.716286 -2.682937
29228 -636132.756533 0.000000 -5.716347 -2.682999
29207 -636132.743629 0.000000 -5.703443 -2.670094
29158 -636132.742168 0.000000 -5.701982 -2.668634
3215 -636132.357035 0.000000 -5.316849 -2.283501
2776 -636131.929435 0.000000 -4.889249 -1.855901
2589 -636131.929453 0.000000 -4.889267 -1.855919
2527 -636131.929492 0.000000 -4.889306 -1.855957
2368 -636131.929539 0.000000 -4.889353 -1.856005
2326 -636131.929612 0.000000 -4.889426 -1.856077
2260 -636131.929692 0.000000 -4.889506 -1.856157
12102 -636131.934336 0.000000 -4.894150 -1.860802
11929 -636132.355691 0.000000 -5.315505 -2.282157
11889 -636132.357034 0.000000 -5.316848 -2.283500
11327 -636131.929439 0.000000 -4.889253 -1.855905
11275 -636131.929467 0.000000 -4.889281 -1.855932
11224 -636131.929523 0.000000 -4.889337 -1.855988
21042 -636131.929604 0.000000 -4.889418 -1.856070
20859 -636131.929689 0.000000 -4.889503 -1.856155
20796 -636131.934336 0.000000 -4.894150 -1.860801
20609 -636132.355691 0.000000 -5.315505 -2.282157
20555 -636132.357035 0.000000 -5.316849 -2.283501
92137 -636131.929435 0.000000 -4.889249 -1.855900
20185 -636131.929453 0.000000 -4.889267 -1.855919
29790 -636131.929492 0.000000 -4.889306 -1.855957
29727 -636131.929539 0.000000 -4.889353 -1.856005
29541 -636131.929611 0.000000 -4.889425 -1.856077
29478 -636131.929691 0.000000 -4.889505 -1.856157
29308 -636131.934336 0.000000 -4.894150 -1.860802
29279 -636132.355691 0.000000 -5.315505 -2.282156
2965 -636132.384956 0.000000 -5.344770 -2.311421
2777 -636132.385003 0.000000 -5.344817 -2.311469
2714 -636132.385007 0.000000 -5.344820 -2.311472
2528 -636132.385008 0.000000 -5.344822 -2.311474
2467 -636132.384998 0.000000 -5.344812 -2.311463
2327 -636132.384957 0.000000 -5.344771 -2.311422
2315 -636132.384889 0.000000 -5.344702 -2.311354
12103 -636132.394383 0.000000 -5.354197 -2.320849
11646 -636132.383794 0.000000 -5.343608 -2.310260
11466 -636132.384956 0.000000 -5.344770 -2.311421
11404 -636132.385001 0.000000 -5.344815 -2.311467
11276 -636132.385001 0.000000 -5.344815 -2.311466
11249 -636132.384993 0.000000 -5.344807 -2.311458
21043 -636132.384954 0.000000 -5.344768 -2.311420
20980 -636132.384888 0.000000 -5.344702 -2.311353
20797 -636132.394383 0.000000 -5.354197 -2.320848
20757 -636132.757546 0.000000 -5.717360 -2.684012
20243 -636132.384956 0.000000 -5.344770 -2.311421
20206 -636132.385003 0.000000 -5.344817 -2.311469
20186 -636132.385007 0.000000 -5.344820 -2.311472
29915 -636132.385008 0.000000 -5.344822 -2.311474
29728 -636132.384998 0.000000 -5.344812 -2.311463
29665 -636132.384957 0.000000 -5.344770 -2.311422
29479 -636132.384889 0.000000 -5.344703 -2.311354
29432 -636132.394383 0.000000 -5.354197 -2.320849
29280 -636132.757546 0.000000 -5.717360 -2.684012
2996 -636132.830131 0.000000 -5.789945 -2.756597
2934 -636132.830218 0.000000 -5.790032 -2.756684
2746 -636132.830221 0.000000 -5.790035 -2.756687
2683 -636132.830221 0.000000 -5.790034 -2.756686
2497 -636132.830227 0.000000 -5.790041 -2.756692
2447 -636132.830248 0.000000 -5.790062 -2.756714
2319 -636132.830276 0.000000 -5.790090 -2.756742
12225 -636132.828170 0.000000 -5.787984 -2.754636
11677 -636132.827462 0.000000 -5.787276 -2.753928
11615 -636132.830131 0.000000 -5.789945 -2.756597
11436 -636132.830219 0.000000 -5.790033 -2.756685
11376 -636132.830225 0.000000 -5.790039 -2.756691
11260 -636132.830231 0.000000 -5.790044 -2.756696
21169 -636132.830250 0.000000 -5.790064 -2.756716
21012 -636132.830277 0.000000 -5.790091 -2.756742
20957 -636132.828170 0.000000 -5.787984 -2.754636
92526 -636132.827462 0.000000 -5.787276 -2.753928
20319 -636132.830131 0.000000 -5.789945 -2.756597
20222 -636132.830219 0.000000 -5.790032 -2.756684
20198 -636132.830221 0.000000 -5.790035 -2.756687
29947 -636132.830221 0.000000 -5.790035 -2.756686
29884 -636132.830227 0.000000 -5.790041 -2.756692
29697 -636132.830248 0.000000 -5.790062 -2.756714
29634 -636132.830276 0.000000 -5.790090 -2.756741
29451 -636132.828170 0.000000 -5.787984 -2.754636
29166 -636132.827462 0.000000 -5.787276 -2.753928
3091 -636132.756542 0.000000 -5.716356 -2.683008
3058 -636132.756535 0.000000 -5.716349 -2.683001
2843 -636132.756518 0.000000 -5.716331 -2.682983
2817 -636132.756506 0.000000 -5.716320 -2.682972
2298 -636132.755643 0.000000 -5.715457 -2.682109
2279 -636132.755682 0.000000 -5.715496 -2.682147
2246 -636132.755857 0.000000 -5.715671 -2.682323
11993 -636132.759077 0.000000 -5.718891 -2.685543
11775 -636132.756182 0.000000 -5.715996 -2.682647
11742 -636132.756543 0.000000 -5.716357 -2.683008
11524 -636132.756535 0.000000 -5.716349 -2.683001
11496 -636132.756514 0.000000 -5.716328 -2.682980
83098 -636132.755641 0.000000 -5.715455 -2.682106
20922 -636132.755682 0.000000 -5.715496 -2.682147
20706 -636132.755857 0.000000 -5.715671 -2.682323
20673 -636132.759077 0.000000 -5.718891 -2.685543
20456 -636132.756181 0.000000 -5.715995 -2.682647
20424 -636132.756542 0.000000 -5.716356 -2.683008
20262 -636132.756535 0.000000 -5.716349 -2.683001
20254 -636132.756518 0.000000 -5.716331 -2.682983
30034 -636132.756506 0.000000 -5.716320 -2.682972
29604 -636132.755643 0.000000 -5.715457 -2.682109
29397 -636132.755682 0.000000 -5.715496 -2.682148
29364 -636132.755857 0.000000 -5.715671 -2.682323
29210 -636132.759077 0.000000 -5.718891 -2.685542
29197 -636132.756181 0.000000 -5.715995 -2.682647
3192 -636132.295356 0.000000 -5.255170 -2.221822
74787 -636132.320723 0.000000 -5.280537 -2.247188
2559 -636132.320740 0.000000 -5.280554 -2.247206
2400 -636132.320756 0.000000 -5.280570 -2.247221
2343 -636132.320785 0.000000 -5.280599 -2.247251
2265 -636132.320802 0.000000 -5.280616 -2.247267
12134 -636132.319961 0.000000 -5.279775 -2.246427
11962 -636132.291989 0.000000 -5.251803 -2.218455
11898 -636132.295393 0.000000 -5.255206 -2.221858
11711 -636132.295356 0.000000 -5.255170 -2.221821
11299 -636132.320725 0.000000 -5.280539 -2.247190
11236 -636132.320750 0.000000 -5.280564 -2.247216
11219 -636132.320784 0.000000 -5.280598 -2.247250
20892 -636132.320802 0.000000 -5.280616 -2.247267
20828 -636132.319962 0.000000 -5.279776 -2.246427
20642 -636132.291989 0.000000 -5.251803 -2.218455
20578 -636132.295392 0.000000 -5.255206 -2.221858
20398 -636132.295356 0.000000 -5.255170 -2.221822
20373 -636132.295328 0.000000 -5.255142 -2.221794
29821 -636132.320740 0.000000 -5.280554 -2.247206
29759 -636132.320756 0.000000 -5.280570 -2.247222
29574 -636132.320785 0.000000 -5.280599 -2.247251
29510 -636132.320802 0.000000 -5.280615 -2.247267
29333 -636132.319961 0.000000 -5.279775 -2.246427
29291 -636132.291989 0.000000 -5.251803 -2.218454
29191 -636132.295392 0.000000 -5.255206 -2.221858
2807 -636132.754752 0.000000 -5.714566 -2.681218
2745 -636132.754776 0.000000 -5.714590 -2.681241
2560 -636132.754784 0.000000 -5.714598 -2.681250
2496 -636132.754792 0.000000 -5.714606 -2.681258
2344 -636132.754803 0.000000 -5.714617 -2.681269
2318 -636132.754755 0.000000 -5.714569 -2.681221
12135 -636132.753904 0.000000 -5.713718 -2.680370
12079 -636132.355773 0.000000 -5.315587 -2.282238
83659 -636132.754619 0.000000 -5.714433 -2.681085
11435 -636132.754754 0.000000 -5.714567 -2.681219
11300 -636132.754780 0.000000 -5.714594 -2.681245
11259 -636132.754793 0.000000 -5.714607 -2.681259
11220 -636132.754804 0.000000 -5.714618 -2.681270
21011 -636132.754756 0.000000 -5.714570 -2.681222
20829 -636132.753905 0.000000 -5.713719 -2.680370
20765 -636132.355773 0.000000 -5.315587 -2.282239
20579 -636132.357762 0.000000 -5.317576 -2.284227
20221 -636132.754752 0.000000 -5.714566 -2.681218
20189 -636132.754776 0.000000 -5.714590 -2.681242
29946 -636132.754784 0.000000 -5.714598 -2.681250
29760 -636132.754792 0.000000 -5.714606 -2.681258
29696 -636132.754803 0.000000 -5.714617 -2.681269
29511 -636132.754755 0.000000 -5.714569 -2.681221
29450 -636132.753904 0.000000 -5.713718 -2.680370
29292 -636132.355773 0.000000 -5.315587 -2.282238
29278 -636132.357762 0.000000 -5.317576 -2.284227
3120 -636132.356498 0.000000 -5.316312 -2.282964
2907 -636132.356557 0.000000 -5.316371 -2.283022
2873 -636132.356561 0.000000 -5.316375 -2.283027
2656 -636132.356557 0.000000 -5.316371 -2.283023
2623 -636132.356549 0.000000 -5.316363 -2.283014
74199 -636132.322441 0.000000 -5.282255 -2.248906
2250 -636132.322602 0.000000 -5.282416 -2.249067
11839 -636132.350987 0.000000 -5.310800 -2.277452
11805 -636132.356856 0.000000 -5.316670 -2.283322
11588 -636132.356499 0.000000 -5.316313 -2.282965
11554 -636132.356559 0.000000 -5.316373 -2.283024
11358 -636132.356563 0.000000 -5.316377 -2.283029
11343 -636132.356553 0.000000 -5.316367 -2.283019
21142 -636132.356536 0.000000 -5.316350 -2.283001
20735 -636132.322601 0.000000 -5.282415 -2.249067
20520 -636132.350986 0.000000 -5.310800 -2.277452
20486 -636132.356856 0.000000 -5.316670 -2.283321
20297 -636132.356498 0.000000 -5.316312 -2.282964
20275 -636132.356557 0.000000 -5.316371 -2.283022
20197 -636132.356561 0.000000 -5.316375 -2.283027
30064 -636132.356557 0.000000 -5.316371 -2.283023
29857 -636132.356549 0.000000 -5.316363 -2.283014
29830 -636132.356534 0.000000 -5.316348 -2.282999
29257 -636132.322602 0.000000 -5.282416 -2.249067
29229 -636132.350986 0.000000 -5.310800 -2.277452
29164 -636132.356856 0.000000 -5.316670 -2.283321
2970 -636132.293812 0.000000 -5.253626 -2.220277
2937 -636132.293848 0.000000 -5.253661 -2.220313
2719 -636132.293864 0.000000 -5.253678 -2.220330
2686 -636132.293869 0.000000 -5.253683 -2.220335
2472 -636132.293873 0.000000 -5.253687 -2.220339
2450 -636132.293889 0.000000 -5.253703 -2.220355
2317 -636132.294083 0.000000 -5.253897 -2.220548
11868 -636131.853832 0.000000 -4.813646 -1.780297
11651 -636132.293663 0.000000 -5.253476 -2.220128
11618 -636132.293813 0.000000 -5.253627 -2.220278
11409 -636132.293850 0.000000 -5.253664 -2.220316
11379 -636132.293869 0.000000 -5.253683 -2.220335
11254 -636132.293876 0.000000 -5.253690 -2.220341
21171 -636132.293891 0.000000 -5.253705 -2.220356
20985 -636132.294083 0.000000 -5.253897 -2.220549
20959 -636132.263315 0.000000 -5.223129 -2.189780
20353 -636132.293662 0.000000 -5.253476 -2.220128
20322 -636132.293812 0.000000 -5.253626 -2.220277
20211 -636132.293848 0.000000 -5.253661 -2.220313
20201 -636132.293864 0.000000 -5.253678 -2.220330
29920 -636132.293869 0.000000 -5.253683 -2.220335
29887 -636132.293873 0.000000 -5.253687 -2.220339
29670 -636132.293889 0.000000 -5.253703 -2.220355
29637 -636132.294083 0.000000 -5.253897 -2.220548
101195 -636131.853832 0.000000 -4.813646 -1.780298
29169 -636132.293662 0.000000 -5.253476 -2.220128
3090 -636131.847290 0.000000 -4.807104 -1.773756
3026 -636131.847295 0.000000 -4.807109 -1.773760
2842 -636131.847287 0.000000 -4.807101 -1.773753
2399 -636131.843405 0.000000 -4.803219 -1.769870
2297 -636131.843425 0.000000 -4.803238 -1.769890
2264 -636131.843532 0.000000 -4.803346 -1.769998
12024 -636131.843422 0.000000 -4.803236 -1.769888
11961 -636131.848408 0.000000 -4.808222 -1.774874
11774 -636131.847129 0.000000 -4.806943 -1.773595
11710 -636131.847291 0.000000 -4.807105 -1.773756
11523 -636131.847296 0.000000 -4.807110 -1.773762
11489 -636131.847289 0.000000 -4.807103 -1.773755
11217 -636131.843418 0.000000 -4.803232 -1.769883
20891 -636131.843530 0.000000 -4.803344 -1.769995
20705 -636131.843421 0.000000 -4.803235 -1.769887
20641 -636131.848409 0.000000 -4.808223 -1.774874
20455 -636131.847129 0.000000 -4.806943 -1.773595
20397 -636131.847290 0.000000 -4.807104 -1.773756
20261 -636131.847295 0.000000 -4.807109 -1.773760
30171 -636131.847288 0.000000 -4.807101 -1.773753
101793 -636131.843405 0.000000 -4.803219 -1.769870
29573 -636131.843425 0.000000 -4.803239 -1.769890
29396 -636131.843532 0.000000 -4.803346 -1.769998
29332 -636131.843422 0.000000 -4.803236 -1.769888
29209 -636131.848408 0.000000 -4.808222 -1.774874
29190 -636131.847129 0.000000 -4.806943 -1.773594
2997 -636131.845797 0.000000 -4.805611 -1.772263
2781 -636131.845848 0.000000 -4.805662 -1.772314
2748 -636131.845871 0.000000 -4.805685 -1.772337
2532 -636131.845881 0.000000 -4.805694 -1.772346
2499 -636131.845886 0.000000 -4.805700 -1.772352
2331 -636131.845900 0.000000 -4.805714 -1.772366
2321 -636131.845983 0.000000 -4.805797 -1.772449
12107 -636131.847153 0.000000 -4.806967 -1.773618
12081 -636131.572950 0.000000 -4.532764 -1.499415
11469 -636131.845797 0.000000 -4.805611 -1.772262
11438 -636131.845848 0.000000 -4.805662 -1.772313
11280 -636131.845872 0.000000 -4.805686 -1.772337
11262 -636131.845885 0.000000 -4.805699 -1.772351
21047 -636131.845901 0.000000 -4.805715 -1.772366
21014 -636131.845984 0.000000 -4.805798 -1.772449
20801 -636131.847153 0.000000 -4.806967 -1.773619
20768 -636131.572950 0.000000 -4.532764 -1.499415
20558 -636131.573581 0.000000 -4.533395 -1.500047
20224 -636131.845848 0.000000 -4.805662 -1.772314
20187 -636131.845871 0.000000 -4.805685 -1.772337
29949 -636131.845881 0.000000 -4.805694 -1.772346
29732 -636131.845886 0.000000 -4.805700 -1.772352
29699 -636131.845900 0.000000 -4.805714 -1.772366
29483 -636131.845983 0.000000 -4.805797 -1.772449
29453 -636131.847153 0.000000 -4.806967 -1.773618
29284 -636131.572949 0.000000 -4.532763 -1.499415
3089 -636131.573106 0.000000 -4.532920 -1.499572
2906 -636131.573163 0.000000 -4.532977 -1.499629
2841 -636131.573187 0.000000 -4.533001 -1.499652
2655 -636131.573197 0.000000 -4.533011 -1.499663
2614 -636131.573203 0.000000 -4.533017 -1.499669
2256 -636131.486862 0.000000 -4.446676 -1.413327
12023 -636131.487136 0.000000 -4.446950 -1.413602
11838 -636131.574217 0.000000 -4.534031 -1.500682
11773 -636131.573283 0.000000 -4.533097 -1.499749
11587 -636131.573108 0.000000 -4.532922 -1.499574
11522 -636131.573168 0.000000 -4.532982 -1.499633
11357 -636131.573194 0.000000 -4.533008 -1.499660
11337 -636131.573205 0.000000 -4.533019 -1.499670
21141 -636131.573205 0.000000 -4.533019 -1.499670
20704 -636131.487135 0.000000 -4.446949 -1.413601
20519 -636131.574216 0.000000 -4.534030 -1.500682
20454 -636131.573283 0.000000 -4.533097 -1.499749
20296 -636131.573106 0.000000 -4.532920 -1.499572
20260 -636131.573163 0.000000 -4.532977 -1.499629
30095 -636131.573187 0.000000 -4.533001 -1.499652
30032 -636131.573197 0.000000 -4.533011 -1.499663
29856 -636131.573203 0.000000 -4.533017 -1.499669
29395 -636131.486862 0.000000 -4.446676 -1.413327
29256 -636131.487136 0.000000 -4.446950 -1.413602
29208 -636131.574217 0.000000 -4.534031 -1.500682
29163 -636131.573283 0.000000 -4.533097 -1.499749
3219 -636131.431008 0.000000 -4.390822 -1.357473
3194 -636131.431121 0.000000 -4.390935 -1.357587
2593 -636131.487600 0.000000 -4.447414 -1.414066
2562 -636131.487605 0.000000 -4.447419 -1.414070
2373 -636131.487624 0.000000 -4.447437 -1.414089
2346 -636131.487679 0.000000 -4.447493 -1.414144
2262 -636131.487759 0.000000 -4.447573 -1.414225
12137 -636131.485603 0.000000 -4.445416 -1.412068
11934 -636131.429529 0.000000 -4.389343 -1.355995
11901 -636131.431009 0.000000 -4.390823 -1.357475
11689 -636131.431124 0.000000 -4.390938 -1.357590
11302 -636131.487598 0.000000 -4.447412 -1.414064
11229 -636131.487616 0.000000 -4.447430 -1.414081
21073 -636131.487675 0.000000 -4.447489 -1.414140
20864 -636131.487758 0.000000 -4.447572 -1.414223
20831 -636131.485602 0.000000 -4.445416 -1.412068
20614 -636131.429528 0.000000 -4.389342 -1.355994
20581 -636131.431008 0.000000 -4.390822 -1.357473
20382 -636131.431121 0.000000 -4.390935 -1.357587
20191 -636131.487600 0.000000 -4.447414 -1.414065
29795 -636131.487605 0.000000 -4.447419 -1.414070
29762 -636131.487624 0.000000 -4.447438 -1.414089
29546 -636131.487679 0.000000 -4.447493 -1.414144
29513 -636131.487759 0.000000 -4.447573 -1.414225
29313 -636131.485602 0.000000 -4.445416 -1.412068
29294 -636131.429528 0.000000 -4.389342 -1.355994
2968 -636131.263855 0.000000 -4.223669 -1.190321
2780 -636131.263904 0.000000 -4.223718 -1.190369
2717 -636131.263946 0.000000 -4.223760 -1.190412
2531 -636131.263973 0.000000 -4.223787 -1.190438
2470 -636131.264021 0.000000 -4.223835 -1.190486
2330 -636131.264171 0.000000 -4.223985 -1.190637
12234 -636131.263462 0.000000 -4.223276 -1.189928
12106 -636131.138330 0.000000 -4.098144 -1.064796
11649 -636131.263822 0.000000 -4.223636 -1.190288
11468 -636131.263851 0.000000 -4.223665 -1.190317
11407 -636131.263897 0.000000 -4.223711 -1.190363
11279 -636131.263946 0.000000 -4.223760 -1.190412
11252 -636131.264012 0.000000 -4.223825 -1.190477
21046 -636131.264170 0.000000 -4.223984 -1.190635
20983 -636131.263463 0.000000 -4.223277 -1.189929
20800 -636131.138331 0.000000 -4.098145 -1.064796
20758 -636131.074233 0.000000 -4.034047 -1.000699
20244 -636131.263855 0.000000 -4.223669 -1.190321
20209 -636131.263904 0.000000 -4.223718 -1.190369
29979 -636131.263946 0.000000 -4.223760 -1.190412
29918 -636131.263973 0.000000 -4.223787 -1.190438
29731 -636131.264021 0.000000 -4.223835 -1.190487
29668 -636131.264171 0.000000 -4.223985 -1.190637
29482 -636131.263463 0.000000 -4.223277 -1.189928
29434 -636131.138330 0.000000 -4.098144 -1.064796
101043 -636131.263824 0.000000 -4.223638 -1.190290
3123 -636131.074950 0.000000 -4.034764 -1.001416
3092 -636131.074916 0.000000 -4.034730 -1.001382
2876 -636131.074976 0.000000 -4.034790 -1.001442
2844 -636131.075001 0.000000 -4.034815 -1.001467
2626 -636131.075023 0.000000 -4.034837 -1.001489
2299 -636131.064764 0.000000 -4.024578 -0.991230
2253 -636131.064489 0.000000 -4.024303 -0.990955
12025 -636131.063294 0.000000 -4.023108 -0.989759
11808 -636131.074105 0.000000 -4.033918 -1.000570
11776 -636131.074949 0.000000 -4.034763 -1.001415
11557 -636131.074916 0.000000 -4.034730 -1.001382
11525 -636131.074981 0.000000 -4.034795 -1.001447
11346 -636131.075020 0.000000 -4.034834 -1.001486
21245 -636131.075076 0.000000 -4.034890 -1.001541
20737 -636131.064487 0.000000 -4.024301 -0.990953
20707 -636131.063293 0.000000 -4.023107 -0.989759
20489 -636131.074105 0.000000 -4.033919 -1.000570
20457 -636131.074950 0.000000 -4.034764 -1.001415
20278 -636131.074916 0.000000 -4.034730 -1.001382
20263 -636131.074976 0.000000 -4.034790 -1.001442
30067 -636131.075001 0.000000 -4.034815 -1.001466
30035 -636131.075023 0.000000 -4.034837 -1.001489
29832 -636131.075074 0.000000 -4.034888 -1.001539
29398 -636131.064489 0.000000 -4.024303 -0.990955
29232 -636131.063294 0.000000 -4.023108 -0.989760
29211 -636131.074105 0.000000 -4.033919 -1.000571
3218 -636131.351877 0.000000 -4.311691 -1.278342
2779 -636131.065457 0.000000 -4.025271 -0.991922
2592 -636131.065450 0.000000 -4.025264 -0.991916
2530 -636131.065449 0.000000 -4.025263 -0.991914
2372 -636131.065446 0.000000 -4.025260 -0.991912
2329 -636131.065519 0.000000 -4.025333 -0.991985
12166 -636131.066309 0.000000 -4.026123 -0.992775
12105 -636131.054522 0.000000 -4.014336 -0.980987
11933 -636131.352238 0.000000 -4.312052 -1.278704
11890 -636131.351878 0.000000 -4.311692 -1.278344
11328 -636131.065450 0.000000 -4.025264 -0.991916
11278 -636131.065438 0.000000 -4.025252 -0.991903
11228 -636131.065439 0.000000 -4.025253 -0.991905
21045 -636131.065516 0.000000 -4.025330 -0.991982
20863 -636131.066309 0.000000 -4.026123 -0.992774
20799 -636131.054522 0.000000 -4.014336 -0.980987
20613 -636131.352239 0.000000 -4.312053 -1.278704
20557 -636131.351877 0.000000 -4.311690 -1.278342
20381 -636131.351769 0.000000 -4.311583 -1.278235
29978 -636131.065450 0.000000 -4.025264 -0.991916
29794 -636131.065449 0.000000 -4.025263 -0.991914
29730 -636131.065446 0.000000 -4.025260 -0.991912
29545 -636131.065519 0.000000 -4.025333 -0.991985
29481 -636131.066309 0.000000 -4.026123 -0.992775
29312 -636131.054522 0.000000 -4.014336 -0.980987
29282 -636131.352239 0.000000 -4.312052 -1.278704
3149 -636131.351073 0.000000 -4.310887 -1.277539
2940 -636131.351277 0.000000 -4.311091 -1.277743
2908 -636131.351312 0.000000 -4.311126 -1.277778
2689 -636131.351294 0.000000 -4.311108 -1.277760
2657 -636131.351287 0.000000 -4.311101 -1.277752
2453 -636131.351335 0.000000 -4.311149 -1.277801
2440 -636131.351476 0.000000 -4.311290 -1.277941
11870 -636132.710071 0.000000 -5.669885 -2.636536
11840 -636131.350752 0.000000 -4.310566 -1.277218
11621 -636131.351070 0.000000 -4.310884 -1.277536
11589 -636131.351272 0.000000 -4.311086 -1.277738
11382 -636131.351306 0.000000 -4.311120 -1.277772
11359 -636131.351301 0.000000 -4.311115 -1.277766
21174 -636131.351343 0.000000 -4.311157 -1.277808
21143 -636131.351478 0.000000 -4.311292 -1.277944
92721 -636132.710071 0.000000 -5.669885 -2.636536
20521 -636131.350754 0.000000 -4.310568 -1.277219
20325 -636131.351073 0.000000 -4.310887 -1.277539
20298 -636131.351277 0.000000 -4.311091 -1.277743
20204 -636131.351312 0.000000 -4.311126 -1.277778
30096 -636131.351294 0.000000 -4.311108 -1.277760
29890 -636131.351287 0.000000 -4.311101 -1.277752
29858 -636131.351335 0.000000 -4.311149 -1.277801
29640 -636131.351476 0.000000 -4.311290 -1.277941
29258 -636132.710071 0.000000 -5.669885 -2.636536
29172 -636131.350753 0.000000 -4.310567 -1.277219
3217 -636132.708829 0.000000 -5.668643 -2.635295
3060 -636132.708813 0.000000 -5.668627 -2.635279
3018 -636132.708799 0.000000 -5.668613 -2.635265
2429 -636132.711561 0.000000 -5.671375 -2.638026
2371 -636132.711555 0.000000 -5.671369 -2.638020
2281 -636132.711549 0.000000 -5.671363 -2.638014
12165 -636132.711569 0.000000 -5.671383 -2.638035
11995 -636132.711030 0.000000 -5.670844 -2.637495
11932 -636132.708527 0.000000 -5.668341 -2.634993
11744 -636132.708829 0.000000 -5.668643 -2.635295
11688 -636132.708814 0.000000 -5.668628 -2.635280
83258 -636132.711555 0.000000 -5.671369 -2.638020
11227 -636132.711553 0.000000 -5.671367 -2.638019
20924 -636132.711549 0.000000 -5.671363 -2.638014
20862 -636132.711569 0.000000 -5.671383 -2.638035
20675 -636132.711030 0.000000 -5.670844 -2.637496
20612 -636132.708527 0.000000 -5.668341 -2.634993
20426 -636132.708829 0.000000 -5.668643 -2.635295
20380 -636132.708813 0.000000 -5.668627 -2.635279
30193 -636132.708799 0.000000 -5.668613 -2.635265
29793 -636132.711561 0.000000 -5.671375 -2.638026
29605 -636132.711555 0.000000 -5.671369 -2.638020
29544 -636132.711549 0.000000 -5.671363 -2.638014
29366 -636132.711569 0.000000 -5.671383 -2.638035
29311 -636132.711030 0.000000 -5.670844 -2.637495
29199 -636132.708527 0.000000 -5.668341 -2.634993
