#ID      EIGB 	      EIPGB 	   GBbin        GBseg
285 -569453.890047 0.000000 -3.547143 -0.512166
515 -569453.890047 0.000000 -3.547143 -0.512166
746 -569453.890047 0.000000 -3.547143 -0.512166
912 -569453.890047 0.000000 -3.547143 -0.512166
988 -569453.890047 0.000000 -3.547143 -0.512166
4539 -569453.890047 0.000000 -3.547143 -0.512166
4767 -569453.890047 0.000000 -3.547143 -0.512166
4933 -569453.890047 0.000000 -3.547143 -0.512166
5009 -569453.890047 0.000000 -3.547143 -0.512166
8558 -569453.890047 0.000000 -3.547143 -0.512166
8779 -569453.890047 0.000000 -3.547143 -0.512166
8935 -569453.890047 0.000000 -3.547143 -0.512166
73246 -569453.890047 0.000000 -3.547143 -0.512166
8903 -569453.890047 0.000000 -3.547143 -0.512166
12334 -569453.890047 0.000000 -3.547143 -0.512166
12549 -569453.890047 0.000000 -3.547143 -0.512166
12770 -569453.890047 0.000000 -3.547143 -0.512166
12935 -569453.890047 0.000000 -3.547143 -0.512166
16347 -569453.890047 0.000000 -3.547143 -0.512166
16574 -569453.890047 0.000000 -3.547143 -0.512166
16806 -569453.890047 0.000000 -3.547143 -0.512166
16971 -569453.890047 0.000000 -3.547143 -0.512166
17045 -569453.890047 0.000000 -3.547143 -0.512166
20594 -569453.890047 0.000000 -3.547143 -0.512166
20821 -569453.890047 0.000000 -3.547143 -0.512166
20988 -569453.890047 0.000000 -3.547143 -0.512166
21066 -569453.890047 0.000000 -3.547143 -0.512166
20632 -569453.890047 0.000000 -3.547143 -0.512166
24835 -569453.890047 0.000000 -3.547143 -0.512166
24987 -569453.890047 0.000000 -3.547143 -0.512166
89297 -569453.890047 0.000000 -3.547143 -0.512166
24782 -569453.890047 0.000000 -3.547143 -0.512166
28234 -569453.890047 0.000000 -3.547143 -0.512166
28400 -569453.890047 0.000000 -3.547143 -0.512166
28612 -569453.890047 0.000000 -3.547143 -0.512166
28835 -569453.890047 0.000000 -3.547143 -0.512166
29003 -569453.890047 0.000000 -3.547143 -0.512166
442 -569453.860066 0.000000 -3.517162 -0.482185
677 -569453.860066 0.000000 -3.517162 -0.482185
865 -569453.860066 0.000000 -3.517162 -0.482185
965 -569453.860066 0.000000 -3.517162 -0.482185
769 -569453.860066 0.000000 -3.517162 -0.482185
4220 -569453.860066 0.000000 -3.517162 -0.482185
4411 -569453.860066 0.000000 -3.517162 -0.482185
4637 -569453.860066 0.000000 -3.517162 -0.482185
4833 -569453.860066 0.000000 -3.517162 -0.482185
4964 -569453.860066 0.000000 -3.517162 -0.482185
8426 -569453.860066 0.000000 -3.517162 -0.482185
8663 -569453.860066 0.000000 -3.517162 -0.482185
8868 -569453.860066 0.000000 -3.517162 -0.482185
8989 -569453.860066 0.000000 -3.517162 -0.482185
12442 -569453.860066 0.000000 -3.517162 -0.482185
12683 -569453.860066 0.000000 -3.517162 -0.482185
12882 -569453.860066 0.000000 -3.517162 -0.482185
13001 -569453.860066 0.000000 -3.517162 -0.482185
12940 -569453.860066 0.000000 -3.517162 -0.482185
16703 -569453.860066 0.000000 -3.517162 -0.482185
16897 -569453.860066 0.000000 -3.517162 -0.482185
17007 -569453.860066 0.000000 -3.517162 -0.482185
17055 -569453.860066 0.000000 -3.517162 -0.482185
80617 -569453.860066 0.000000 -3.517162 -0.482185
20286 -569453.860066 0.000000 -3.517162 -0.482185
20486 -569453.860066 0.000000 -3.517162 -0.482185
20708 -569453.860066 0.000000 -3.517162 -0.482185
20901 -569453.860066 0.000000 -3.517162 -0.482185
24312 -569453.860066 0.000000 -3.517162 -0.482185
24518 -569453.860066 0.000000 -3.517162 -0.482185
24751 -569453.860066 0.000000 -3.517162 -0.482185
24939 -569453.860066 0.000000 -3.517162 -0.482185
25049 -569453.860066 0.000000 -3.517162 -0.482185
28539 -569453.860066 0.000000 -3.517162 -0.482185
28780 -569453.860066 0.000000 -3.517162 -0.482185
28972 -569453.860066 0.000000 -3.517162 -0.482185
29079 -569453.860066 0.000000 -3.517162 -0.482185
321 -569453.818107 0.000000 -3.475203 -0.440226
548 -569453.818107 0.000000 -3.475203 -0.440226
768 -569453.818107 0.000000 -3.475203 -0.440226
923 -569453.818107 0.000000 -3.475203 -0.440226
990 -569453.818107 0.000000 -3.475203 -0.440226
4576 -569453.818107 0.000000 -3.475203 -0.440226
4796 -569453.818107 0.000000 -3.475203 -0.440226
4950 -569453.818107 0.000000 -3.475203 -0.440226
5014 -569453.818107 0.000000 -3.475203 -0.440226
8594 -569453.818107 0.000000 -3.475203 -0.440226
8815 -569453.818107 0.000000 -3.475203 -0.440226
8960 -569453.818107 0.000000 -3.475203 -0.440226
9027 -569453.818107 0.000000 -3.475203 -0.440226
8258 -569453.818107 0.000000 -3.475203 -0.440226
12816 -569453.818107 0.000000 -3.475203 -0.440226
77189 -569453.818107 0.000000 -3.475203 -0.440226
12570 -569453.818107 0.000000 -3.475203 -0.440226
12786 -569453.818107 0.000000 -3.475203 -0.440226
16215 -569453.818107 0.000000 -3.475203 -0.440226
16384 -569453.818107 0.000000 -3.475203 -0.440226
16610 -569453.818107 0.000000 -3.475203 -0.440226
16830 -569453.818107 0.000000 -3.475203 -0.440226
16983 -569453.818107 0.000000 -3.475203 -0.440226
20400 -569453.818107 0.000000 -3.475203 -0.440226
20631 -569453.818107 0.000000 -3.475203 -0.440226
20853 -569453.818107 0.000000 -3.475203 -0.440226
21008 -569453.818107 0.000000 -3.475203 -0.440226
21074 -569453.818107 0.000000 -3.475203 -0.440226
24653 -569453.818107 0.000000 -3.475203 -0.440226
24872 -569453.818107 0.000000 -3.475203 -0.440226
25015 -569453.818107 0.000000 -3.475203 -0.440226
25081 -569453.818107 0.000000 -3.475203 -0.440226
28675 -569453.818107 0.000000 -3.475203 -0.440226
93115 -569453.818107 0.000000 -3.475203 -0.440226
28634 -569453.818107 0.000000 -3.475203 -0.440226
28852 -569453.818107 0.000000 -3.475203 -0.440226
29008 -569453.818107 0.000000 -3.475203 -0.440226
441 -569453.688080 0.000000 -3.345176 -0.310199
676 -569453.688080 0.000000 -3.345176 -0.310199
864 -569453.688080 0.000000 -3.345176 -0.310199
964 -569453.688080 0.000000 -3.345176 -0.310199
892 -569453.688080 0.000000 -3.345176 -0.310199
4694 -569453.688080 0.000000 -3.345176 -0.310199
4873 -569453.688080 0.000000 -3.345176 -0.310199
4973 -569453.688080 0.000000 -3.345176 -0.310199
4661 -569453.688080 0.000000 -3.345176 -0.310199
4848 -569453.688080 0.000000 -3.345176 -0.310199
8285 -569453.688080 0.000000 -3.345176 -0.310199
8497 -569453.688080 0.000000 -3.345176 -0.310199
8718 -569453.688080 0.000000 -3.345176 -0.310199
8899 -569453.688080 0.000000 -3.345176 -0.310199
12298 -569453.688080 0.000000 -3.345176 -0.310199
12515 -569453.688080 0.000000 -3.345176 -0.310199
12748 -569453.688080 0.000000 -3.345176 -0.310199
12925 -569453.688080 0.000000 -3.345176 -0.310199
13023 -569453.688080 0.000000 -3.345176 -0.310199
16537 -569453.688080 0.000000 -3.345176 -0.310199
16776 -569453.688080 0.000000 -3.345176 -0.310199
16953 -569453.688080 0.000000 -3.345176 -0.310199
17039 -569453.688080 0.000000 -3.345176 -0.310199
20558 -569453.688080 0.000000 -3.345176 -0.310199
20784 -569453.688080 0.000000 -3.345176 -0.310199
20962 -569453.688080 0.000000 -3.345176 -0.310199
85284 -569453.688080 0.000000 -3.345176 -0.310199
20900 -569453.688080 0.000000 -3.345176 -0.310199
24311 -569453.688080 0.000000 -3.345176 -0.310199
24517 -569453.688080 0.000000 -3.345176 -0.310199
24750 -569453.688080 0.000000 -3.345176 -0.310199
24938 -569453.688080 0.000000 -3.345176 -0.310199
25048 -569453.688080 0.000000 -3.345176 -0.310199
28538 -569453.688080 0.000000 -3.345176 -0.310199
28779 -569453.688080 0.000000 -3.345176 -0.310199
28971 -569453.688080 0.000000 -3.345176 -0.310199
29078 -569453.688080 0.000000 -3.345176 -0.310199
164 -569453.633546 0.000000 -3.290642 -0.255664
349 -569453.633546 0.000000 -3.290642 -0.255664
576 -569453.633545 0.000000 -3.290641 -0.255664
784 -569453.633545 0.000000 -3.290641 -0.255664
4187 -569453.633545 0.000000 -3.290641 -0.255664
4378 -569453.633545 0.000000 -3.290641 -0.255664
4612 -569453.633545 0.000000 -3.290641 -0.255664
4820 -569453.633546 0.000000 -3.290642 -0.255664
4962 -569453.633545 0.000000 -3.290641 -0.255664
8393 -569453.633546 0.000000 -3.290642 -0.255664
8631 -569453.633545 0.000000 -3.290641 -0.255664
8847 -569453.633545 0.000000 -3.290641 -0.255664
8980 -569453.633546 0.000000 -3.290642 -0.255664
8816 -569453.633545 0.000000 -3.290641 -0.255664
12650 -569453.633545 0.000000 -3.290641 -0.255664
12853 -569453.633545 0.000000 -3.290641 -0.255664
12984 -569453.633545 0.000000 -3.290641 -0.255664
13040 -569453.633545 0.000000 -3.290641 -0.255664
80902 -569453.633546 0.000000 -3.290642 -0.255664
16412 -569453.633545 0.000000 -3.290641 -0.255664
16639 -569453.633546 0.000000 -3.290642 -0.255664
16847 -569453.633545 0.000000 -3.290641 -0.255664
16988 -569453.633545 0.000000 -3.290641 -0.255664
20436 -569453.633546 0.000000 -3.290642 -0.255664
20667 -569453.633545 0.000000 -3.290641 -0.255664
20878 -569453.633546 0.000000 -3.290642 -0.255664
21021 -569453.633545 0.000000 -3.290641 -0.255664
21034 -569453.633546 0.000000 -3.290642 -0.255664
24690 -569453.633546 0.000000 -3.290642 -0.255664
24902 -569453.633545 0.000000 -3.290641 -0.255664
25035 -569453.633545 0.000000 -3.290641 -0.255664
25016 -569453.633546 0.000000 -3.290642 -0.255664
28711 -569453.633545 0.000000 -3.290641 -0.255664
28919 -569453.633546 0.000000 -3.290642 -0.255664
29050 -569453.633545 0.000000 -3.290641 -0.255664
29086 -569453.633545 0.000000 -3.290641 -0.255664
92596 -569453.633546 0.000000 -3.290642 -0.255664
284 -569453.546303 0.000000 -3.203399 -0.168422
514 -569453.546303 0.000000 -3.203399 -0.168422
745 -569453.546303 0.000000 -3.203399 -0.168422
911 -569453.546303 0.000000 -3.203399 -0.168422
987 -569453.546303 0.000000 -3.203399 -0.168422
4538 -569453.546303 0.000000 -3.203399 -0.168422
4766 -569453.546303 0.000000 -3.203399 -0.168422
4932 -569453.546303 0.000000 -3.203399 -0.168422
5008 -569453.546303 0.000000 -3.203399 -0.168422
4577 -569453.546303 0.000000 -3.203399 -0.168422
8778 -569453.546303 0.000000 -3.203399 -0.168422
8496 -569453.546303 0.000000 -3.203399 -0.168422
8717 -569453.546303 0.000000 -3.203399 -0.168422
8898 -569453.546303 0.000000 -3.203399 -0.168422
12297 -569453.546303 0.000000 -3.203399 -0.168422
12514 -569453.546303 0.000000 -3.203399 -0.168422
12747 -569453.546303 0.000000 -3.203399 -0.168422
12924 -569453.546303 0.000000 -3.203399 -0.168422
13022 -569453.546303 0.000000 -3.203399 -0.168422
16536 -569453.546303 0.000000 -3.203399 -0.168422
16775 -569453.546303 0.000000 -3.203399 -0.168422
16952 -569453.546303 0.000000 -3.203399 -0.168422
17038 -569453.546303 0.000000 -3.203399 -0.168422
20557 -569453.546303 0.000000 -3.203399 -0.168422
20783 -569453.546303 0.000000 -3.203399 -0.168422
20961 -569453.546303 0.000000 -3.203399 -0.168422
21051 -569453.546303 0.000000 -3.203399 -0.168422
20854 -569453.546303 0.000000 -3.203399 -0.168422
24799 -569453.546303 0.000000 -3.203399 -0.168422
89195 -569453.546303 0.000000 -3.203399 -0.168422
24561 -569453.546303 0.000000 -3.203399 -0.168422
24781 -569453.546303 0.000000 -3.203399 -0.168422
24953 -569453.546303 0.000000 -3.203399 -0.168422
28399 -569453.546303 0.000000 -3.203399 -0.168422
28611 -569453.546303 0.000000 -3.203399 -0.168422
28834 -569453.546303 0.000000 -3.203399 -0.168422
29002 -569453.546303 0.000000 -3.203399 -0.168422
643 -569453.496285 0.000000 -3.153381 -0.118403
835 -569453.496285 0.000000 -3.153381 -0.118403
65179 -569453.496285 0.000000 -3.153381 -0.118403
790 -569453.496285 0.000000 -3.153381 -0.118403
4223 -569453.496285 0.000000 -3.153381 -0.118403
4414 -569453.496285 0.000000 -3.153381 -0.118403
4640 -569453.496285 0.000000 -3.153381 -0.118403
4836 -569453.496285 0.000000 -3.153381 -0.118403
4966 -569453.496285 0.000000 -3.153381 -0.118403
8429 -569453.496285 0.000000 -3.153381 -0.118403
8666 -569453.496285 0.000000 -3.153381 -0.118403
8871 -569453.496285 0.000000 -3.153381 -0.118403
8992 -569453.496285 0.000000 -3.153381 -0.118403
8695 -569453.496285 0.000000 -3.153381 -0.118404
12686 -569453.496285 0.000000 -3.153381 -0.118403
12885 -569453.496285 0.000000 -3.153381 -0.118403
13004 -569453.496285 0.000000 -3.153381 -0.118403
12787 -569453.496285 0.000000 -3.153381 -0.118403
16706 -569453.496285 0.000000 -3.153381 -0.118403
16900 -569453.496285 0.000000 -3.153381 -0.118403
17009 -569453.496285 0.000000 -3.153381 -0.118403
81288 -569453.496285 0.000000 -3.153381 -0.118404
16855 -569453.496285 0.000000 -3.153381 -0.118404
20277 -569453.496285 0.000000 -3.153381 -0.118403
20472 -569453.496285 0.000000 -3.153381 -0.118404
20695 -569453.496285 0.000000 -3.153381 -0.118403
20895 -569453.496285 0.000000 -3.153381 -0.118403
21027 -569453.496285 0.000000 -3.153381 -0.118404
24484 -569453.496285 0.000000 -3.153381 -0.118403
24725 -569453.496285 0.000000 -3.153381 -0.118403
24925 -569453.496285 0.000000 -3.153381 -0.118403
25046 -569453.496285 0.000000 -3.153381 -0.118403
28505 -569453.496285 0.000000 -3.153381 -0.118403
28747 -569453.496285 0.000000 -3.153381 -0.118403
28950 -569453.496285 0.000000 -3.153381 -0.118403
29069 -569453.496285 0.000000 -3.153381 -0.118403
28635 -569453.496285 0.000000 -3.153381 -0.118403
283 -569453.941533 0.000000 -3.598629 -0.563652
513 -569453.941533 0.000000 -3.598629 -0.563652
744 -569453.941533 0.000000 -3.598629 -0.563652
910 -569453.941533 0.000000 -3.598629 -0.563652
986 -569453.941533 0.000000 -3.598629 -0.563652
4537 -569453.941533 0.000000 -3.598629 -0.563652
4765 -569453.941533 0.000000 -3.598629 -0.563652
4931 -569453.941533 0.000000 -3.598629 -0.563652
5007 -569453.941533 0.000000 -3.598629 -0.563652
8557 -569453.941533 0.000000 -3.598629 -0.563652
8777 -569453.941533 0.000000 -3.598629 -0.563652
8934 -569453.941533 0.000000 -3.598629 -0.563652
9013 -569453.941533 0.000000 -3.598629 -0.563652
8464 -569453.941533 0.000000 -3.598629 -0.563652
12178 -569453.941533 0.000000 -3.598629 -0.563652
12344 -569453.941533 0.000000 -3.598629 -0.563652
12569 -569453.941533 0.000000 -3.598629 -0.563652
12785 -569453.941533 0.000000 -3.598629 -0.563652
12939 -569453.941533 0.000000 -3.598629 -0.563652
16383 -569453.941533 0.000000 -3.598629 -0.563652
16609 -569453.941533 0.000000 -3.598629 -0.563652
16829 -569453.941533 0.000000 -3.598629 -0.563652
16982 -569453.941533 0.000000 -3.598629 -0.563652
20399 -569453.941533 0.000000 -3.598629 -0.563652
20630 -569453.941533 0.000000 -3.598629 -0.563652
20852 -569453.941533 0.000000 -3.598629 -0.563652
21007 -569453.941533 0.000000 -3.598629 -0.563652
21073 -569453.941533 0.000000 -3.598629 -0.563652
24652 -569453.941533 0.000000 -3.598629 -0.563652
24871 -569453.941533 0.000000 -3.598629 -0.563652
25014 -569453.941533 0.000000 -3.598629 -0.563652
25080 -569453.941533 0.000000 -3.598629 -0.563652
88573 -569453.941533 0.000000 -3.598629 -0.563652
28398 -569453.941533 0.000000 -3.598629 -0.563652
28610 -569453.941533 0.000000 -3.598629 -0.563652
28833 -569453.941533 0.000000 -3.598629 -0.563652
29001 -569453.941533 0.000000 -3.598629 -0.563652
679 -569453.949233 0.000000 -3.606329 -0.571352
867 -569453.949233 0.000000 -3.606329 -0.571352
967 -569453.949233 0.000000 -3.606329 -0.571352
549 -569453.949233 0.000000 -3.606329 -0.571352
4696 -569453.949233 0.000000 -3.606329 -0.571352
69107 -569453.949233 0.000000 -3.606329 -0.571352
4431 -569453.949233 0.000000 -3.606329 -0.571352
4657 -569453.949233 0.000000 -3.606329 -0.571352
4847 -569453.949233 0.000000 -3.606329 -0.571352
8260 -569453.949233 0.000000 -3.606329 -0.571352
8466 -569453.949233 0.000000 -3.606329 -0.571352
8697 -569453.949233 0.000000 -3.606329 -0.571352
8890 -569453.949233 0.000000 -3.606329 -0.571352
8999 -569453.949233 0.000000 -3.606329 -0.571352
12481 -569453.949233 0.000000 -3.606329 -0.571352
12722 -569453.949233 0.000000 -3.606329 -0.571352
12911 -569453.949233 0.000000 -3.606329 -0.571352
13019 -569453.949233 0.000000 -3.606329 -0.571352
16503 -569453.949233 0.000000 -3.606329 -0.571352
16743 -569453.949233 0.000000 -3.606329 -0.571352
16931 -569453.949233 0.000000 -3.606329 -0.571352
17029 -569453.949233 0.000000 -3.606329 -0.571352
16741 -569453.949233 0.000000 -3.606329 -0.571352
20750 -569453.949233 0.000000 -3.606329 -0.571352
85164 -569453.949233 0.000000 -3.606329 -0.571352
20710 -569453.949233 0.000000 -3.606329 -0.571352
20903 -569453.949233 0.000000 -3.606329 -0.571352
24314 -569453.949233 0.000000 -3.606329 -0.571352
24520 -569453.949233 0.000000 -3.606329 -0.571352
24753 -569453.949233 0.000000 -3.606329 -0.571352
24941 -569453.949233 0.000000 -3.606329 -0.571352
25050 -569453.949233 0.000000 -3.606329 -0.571352
28541 -569453.949233 0.000000 -3.606329 -0.571352
28782 -569453.949233 0.000000 -3.606329 -0.571352
28974 -569453.949233 0.000000 -3.606329 -0.571352
29081 -569453.949233 0.000000 -3.606329 -0.571352
28577 -569453.949233 0.000000 -3.606329 -0.571352
163 -569454.098080 0.000000 -3.755176 -0.720199
348 -569454.098080 0.000000 -3.755176 -0.720199
575 -569454.098080 0.000000 -3.755176 -0.720199
783 -569454.098080 0.000000 -3.755176 -0.720199
927 -569454.098080 0.000000 -3.755176 -0.720199
4377 -569454.098080 0.000000 -3.755176 -0.720199
4611 -569454.098080 0.000000 -3.755176 -0.720199
4819 -569454.098080 0.000000 -3.755176 -0.720199
4961 -569454.098080 0.000000 -3.755176 -0.720199
8392 -569454.098080 0.000000 -3.755176 -0.720199
8630 -569454.098080 0.000000 -3.755176 -0.720199
8846 -569454.098080 0.000000 -3.755176 -0.720199
8979 -569454.098080 0.000000 -3.755176 -0.720199
8888 -569454.098080 0.000000 -3.755176 -0.720199
12649 -569454.098080 0.000000 -3.755176 -0.720199
12852 -569454.098080 0.000000 -3.755176 -0.720199
12983 -569454.098080 0.000000 -3.755176 -0.720199
12784 -569454.098080 0.000000 -3.755176 -0.720199
12938 -569454.098080 0.000000 -3.755176 -0.720199
16382 -569454.098080 0.000000 -3.755176 -0.720199
16608 -569454.098080 0.000000 -3.755176 -0.720199
16828 -569454.098080 0.000000 -3.755176 -0.720199
16981 -569454.098080 0.000000 -3.755176 -0.720199
20398 -569454.098080 0.000000 -3.755176 -0.720199
20629 -569454.098080 0.000000 -3.755176 -0.720199
20851 -569454.098080 0.000000 -3.755176 -0.720199
21006 -569454.098080 0.000000 -3.755176 -0.720199
21072 -569454.098080 0.000000 -3.755176 -0.720199
24651 -569454.098080 0.000000 -3.755176 -0.720199
24870 -569454.098080 0.000000 -3.755176 -0.720199
25013 -569454.098080 0.000000 -3.755176 -0.720199
25079 -569454.098080 0.000000 -3.755176 -0.720199
24553 -569454.098080 0.000000 -3.755176 -0.720199
28882 -569454.098080 0.000000 -3.755176 -0.720199
29025 -569454.098080 0.000000 -3.755176 -0.720199
93325 -569454.098080 0.000000 -3.755176 -0.720199
28856 -569454.098080 0.000000 -3.755176 -0.720199
480 -569454.394061 0.000000 -4.051157 -1.016179
716 -569454.394061 0.000000 -4.051157 -1.016179
893 -569454.394061 0.000000 -4.051157 -1.016179
981 -569454.394061 0.000000 -4.051157 -1.016180
4504 -569454.394061 0.000000 -4.051157 -1.016179
4733 -569454.394060 0.000000 -4.051156 -1.016179
4909 -569454.394061 0.000000 -4.051157 -1.016179
4995 -569454.394060 0.000000 -4.051156 -1.016179
69029 -569454.394061 0.000000 -4.051157 -1.016180
8287 -569454.394061 0.000000 -4.051157 -1.016179
8499 -569454.394061 0.000000 -4.051157 -1.016179
8720 -569454.394061 0.000000 -4.051157 -1.016180
8901 -569454.394061 0.000000 -4.051157 -1.016179
9000 -569454.394061 0.000000 -4.051157 -1.016180
12517 -569454.394061 0.000000 -4.051157 -1.016180
12750 -569454.394061 0.000000 -4.051157 -1.016179
12927 -569454.394060 0.000000 -4.051156 -1.016179
13024 -569454.394061 0.000000 -4.051157 -1.016179
16539 -569454.394061 0.000000 -4.051157 -1.016180
16778 -569454.394061 0.000000 -4.051157 -1.016180
16955 -569454.394061 0.000000 -4.051157 -1.016180
17041 -569454.394061 0.000000 -4.051157 -1.016180
16611 -569454.394061 0.000000 -4.051157 -1.016179
20786 -569454.394061 0.000000 -4.051157 -1.016179
20964 -569454.394061 0.000000 -4.051157 -1.016179
21054 -569454.394061 0.000000 -4.051157 -1.016180
20714 -569454.394061 0.000000 -4.051157 -1.016179
89032 -569454.394060 0.000000 -4.051156 -1.016179
24342 -569454.394061 0.000000 -4.051157 -1.016179
24554 -569454.394061 0.000000 -4.051157 -1.016180
24775 -569454.394061 0.000000 -4.051157 -1.016179
24951 -569454.394061 0.000000 -4.051157 -1.016179
28365 -569454.394061 0.000000 -4.051157 -1.016179
28578 -569454.394061 0.000000 -4.051157 -1.016179
28812 -569454.394061 0.000000 -4.051157 -1.016179
28992 -569454.394061 0.000000 -4.051157 -1.016179
29087 -569454.394061 0.000000 -4.051157 -1.016179
642 -569454.445550 0.000000 -4.102646 -1.067669
65066 -569454.445550 0.000000 -4.102646 -1.067669
574 -569454.445550 0.000000 -4.102646 -1.067669
782 -569454.445550 0.000000 -4.102646 -1.067669
926 -569454.445550 0.000000 -4.102646 -1.067669
4376 -569454.445550 0.000000 -4.102646 -1.067669
4610 -569454.445550 0.000000 -4.102646 -1.067669
4818 -569454.445550 0.000000 -4.102646 -1.067669
4960 -569454.445550 0.000000 -4.102646 -1.067669
8391 -569454.445550 0.000000 -4.102646 -1.067669
8629 -569454.445550 0.000000 -4.102646 -1.067669
8845 -569454.445550 0.000000 -4.102646 -1.067669
8978 -569454.445550 0.000000 -4.102646 -1.067669
8961 -569454.445550 0.000000 -4.102646 -1.067669
12648 -569454.445550 0.000000 -4.102646 -1.067669
12851 -569454.445550 0.000000 -4.102646 -1.067669
12982 -569454.445550 0.000000 -4.102646 -1.067669
13039 -569454.445550 0.000000 -4.102646 -1.067669
12479 -569454.445550 0.000000 -4.102646 -1.067669
16864 -569454.445550 0.000000 -4.102646 -1.067669
16421 -569454.445550 0.000000 -4.102646 -1.067669
16645 -569454.445550 0.000000 -4.102646 -1.067669
16854 -569454.445550 0.000000 -4.102646 -1.067669
20276 -569454.445550 0.000000 -4.102646 -1.067669
20471 -569454.445550 0.000000 -4.102646 -1.067669
20694 -569454.445550 0.000000 -4.102646 -1.067669
20894 -569454.445550 0.000000 -4.102646 -1.067669
21026 -569454.445550 0.000000 -4.102646 -1.067669
24483 -569454.445550 0.000000 -4.102646 -1.067669
24724 -569454.445550 0.000000 -4.102646 -1.067669
24924 -569454.445550 0.000000 -4.102646 -1.067669
25045 -569454.445550 0.000000 -4.102646 -1.067669
24950 -569454.445550 0.000000 -4.102646 -1.067669
28746 -569454.445550 0.000000 -4.102646 -1.067669
28949 -569454.445550 0.000000 -4.102646 -1.067669
29068 -569454.445550 0.000000 -4.102646 -1.067669
28811 -569454.445550 0.000000 -4.102646 -1.067669
516 -569454.393905 0.000000 -4.051001 -1.016023
747 -569454.393905 0.000000 -4.051001 -1.016023
913 -569454.393905 0.000000 -4.051001 -1.016023
989 -569454.393905 0.000000 -4.051001 -1.016023
4540 -569454.393905 0.000000 -4.051001 -1.016023
4768 -569454.393905 0.000000 -4.051001 -1.016023
4934 -569454.393905 0.000000 -4.051001 -1.016023
5010 -569454.393905 0.000000 -4.051001 -1.016023
4342 -569454.393905 0.000000 -4.051001 -1.016023
8780 -569454.393904 0.000000 -4.051000 -1.016023
8936 -569454.393905 0.000000 -4.051001 -1.016023
9015 -569454.393905 0.000000 -4.051000 -1.016023
8726 -569454.393905 0.000000 -4.051001 -1.016023
12169 -569454.393905 0.000000 -4.051001 -1.016023
12335 -569454.393905 0.000000 -4.051001 -1.016023
12550 -569454.393905 0.000000 -4.051001 -1.016023
12771 -569454.393905 0.000000 -4.051001 -1.016023
12936 -569454.393905 0.000000 -4.051001 -1.016023
16348 -569454.393905 0.000000 -4.051001 -1.016023
16575 -569454.393905 0.000000 -4.051001 -1.016023
16807 -569454.393905 0.000000 -4.051001 -1.016023
16972 -569454.393905 0.000000 -4.051001 -1.016023
17046 -569454.393905 0.000000 -4.051001 -1.016023
20595 -569454.393904 0.000000 -4.051000 -1.016023
20822 -569454.393905 0.000000 -4.051001 -1.016023
20989 -569454.393905 0.000000 -4.051001 -1.016023
21067 -569454.393905 0.000000 -4.051001 -1.016023
24617 -569454.393905 0.000000 -4.051001 -1.016023
24836 -569454.393904 0.000000 -4.051000 -1.016023
24988 -569454.393905 0.000000 -4.051001 -1.016023
89298 -569454.393905 0.000000 -4.051001 -1.016023
24954 -569454.393905 0.000000 -4.051001 -1.016023
28401 -569454.393905 0.000000 -4.051001 -1.016023
28613 -569454.393905 0.000000 -4.051001 -1.016023
28836 -569454.393905 0.000000 -4.051001 -1.016023
29004 -569454.393905 0.000000 -4.051001 -1.016023
29088 -569454.393905 0.000000 -4.051001 -1.016023
641 -569454.372096 0.000000 -4.029192 -0.994214
833 -569454.372096 0.000000 -4.029192 -0.994214
946 -569454.372096 0.000000 -4.029192 -0.994214
998 -569454.372096 0.000000 -4.029192 -0.994214
64554 -569454.372096 0.000000 -4.029192 -0.994214
4232 -569454.372096 0.000000 -4.029192 -0.994214
4430 -569454.372096 0.000000 -4.029192 -0.994214
4656 -569454.372096 0.000000 -4.029192 -0.994214
4846 -569454.372096 0.000000 -4.029192 -0.994214
8259 -569454.372096 0.000000 -4.029192 -0.994214
8465 -569454.372096 0.000000 -4.029192 -0.994214
8696 -569454.372096 0.000000 -4.029192 -0.994214
8889 -569454.372096 0.000000 -4.029192 -0.994214
8998 -569454.372096 0.000000 -4.029192 -0.994214
12480 -569454.372096 0.000000 -4.029192 -0.994214
12721 -569454.372096 0.000000 -4.029192 -0.994214
12910 -569454.372096 0.000000 -4.029192 -0.994214
13018 -569454.372096 0.000000 -4.029192 -0.994214
12614 -569454.372096 0.000000 -4.029192 -0.994214
16742 -569454.372096 0.000000 -4.029192 -0.994214
16930 -569454.372096 0.000000 -4.029192 -0.994214
17028 -569454.372096 0.000000 -4.029192 -0.994214
16831 -569454.372096 0.000000 -4.029192 -0.994214
20275 -569454.372096 0.000000 -4.029192 -0.994214
20470 -569454.372096 0.000000 -4.029192 -0.994214
20693 -569454.372096 0.000000 -4.029192 -0.994214
20893 -569454.372096 0.000000 -4.029192 -0.994214
21025 -569454.372096 0.000000 -4.029192 -0.994214
24482 -569454.372096 0.000000 -4.029192 -0.994214
24723 -569454.372096 0.000000 -4.029192 -0.994214
24923 -569454.372096 0.000000 -4.029192 -0.994214
25044 -569454.372096 0.000000 -4.029192 -0.994214
28504 -569454.372096 0.000000 -4.029192 -0.994214
28745 -569454.372096 0.000000 -4.029192 -0.994214
28948 -569454.372096 0.000000 -4.029192 -0.994214
29067 -569454.372096 0.000000 -4.029192 -0.994214
28853 -569454.372096 0.000000 -4.029192 -0.994214
61222 -569454.427818 0.000000 -4.084914 -1.049937
1273 -569454.427818 0.000000 -4.084914 -1.049937
1118 -569454.427818 0.000000 -4.084914 -1.049937
65268 -569454.427818 0.000000 -4.084914 -1.049937
1326 -569454.427818 0.000000 -4.084914 -1.049937
5896 -569454.427818 0.000000 -4.084914 -1.049937
5736 -569454.427818 0.000000 -4.084914 -1.049937
5523 -569454.427818 0.000000 -4.084914 -1.049937
5303 -569454.427818 0.000000 -4.084914 -1.049937
5139 -569454.427818 0.000000 -4.084914 -1.049937
9753 -569454.427818 0.000000 -4.084914 -1.049937
9527 -569454.427818 0.000000 -4.084914 -1.049937
9297 -569454.427818 0.000000 -4.084914 -1.049937
9130 -569454.427818 0.000000 -4.084914 -1.049937
9054 -569454.427818 0.000000 -4.084914 -1.049937
13536 -569454.427818 0.000000 -4.084914 -1.049937
13310 -569454.427818 0.000000 -4.084914 -1.049937
13145 -569454.427818 0.000000 -4.084914 -1.049937
13069 -569454.427818 0.000000 -4.084914 -1.049937
17542 -569454.427818 0.000000 -4.084914 -1.049937
17323 -569454.427818 0.000000 -4.084914 -1.049937
81400 -569454.427818 0.000000 -4.084914 -1.049937
81323 -569454.427818 0.000000 -4.084914 -1.049937
17202 -569454.427818 0.000000 -4.084914 -1.049937
21794 -569454.427818 0.000000 -4.084914 -1.049937
21581 -569454.427818 0.000000 -4.084914 -1.049937
21361 -569454.427818 0.000000 -4.084914 -1.049937
21193 -569454.427818 0.000000 -4.084914 -1.049937
21104 -569454.427818 0.000000 -4.084914 -1.049937
25588 -569454.427818 0.000000 -4.084914 -1.049937
25359 -569454.427818 0.000000 -4.084914 -1.049937
25194 -569454.427818 0.000000 -4.084914 -1.049937
25118 -569454.427818 0.000000 -4.084914 -1.049937
29592 -569454.427818 0.000000 -4.084914 -1.049937
29363 -569454.427818 0.000000 -4.084914 -1.049937
29196 -569454.427818 0.000000 -4.084914 -1.049937
29122 -569454.427818 0.000000 -4.084914 -1.049937
1452 -569454.100927 0.000000 -3.758023 -0.723045
1657 -569454.377849 0.000000 -4.034945 -0.999968
1235 -569454.100927 0.000000 -3.758023 -0.723045
1416 -569454.377849 0.000000 -4.034945 -0.999968
1091 -569454.100927 0.000000 -3.758023 -0.723045
1203 -569454.377849 0.000000 -4.034945 -0.999968
1021 -569454.100927 0.000000 -3.758023 -0.723045
1071 -569454.377849 0.000000 -4.034945 -0.999968
1007 -569454.100927 0.000000 -3.758023 -0.723045
1013 -569454.377849 0.000000 -4.034945 -0.999968
5254 -569454.100927 0.000000 -3.758023 -0.723045
5424 -569454.377849 0.000000 -4.034945 -0.999968
5115 -569454.100927 0.000000 -3.758023 -0.723045
5219 -569454.377849 0.000000 -4.034945 -0.999968
69278 -569454.100927 0.000000 -3.758023 -0.723045
5088 -569454.377849 0.000000 -4.034945 -0.999968
5282 -569454.100927 0.000000 -3.758023 -0.723045
5034 -569454.377849 0.000000 -4.034945 -0.999968
9869 -569454.100927 0.000000 -3.758023 -0.723045
5022 -569454.377849 0.000000 -4.034945 -0.999968
9687 -569454.100927 0.000000 -3.758023 -0.723045
73471 -569454.377849 0.000000 -4.034945 -0.999968
9462 -569454.100927 0.000000 -3.758023 -0.723045
9679 -569454.377849 0.000000 -4.034945 -0.999968
9254 -569454.100927 0.000000 -3.758023 -0.723045
9457 -569454.377849 0.000000 -4.034945 -0.999968
9110 -569454.100927 0.000000 -3.758023 -0.723045
9248 -569454.377849 0.000000 -4.034945 -0.999968
13696 -569454.100927 0.000000 -3.758023 -0.723045
13854 -569454.377849 0.000000 -4.034945 -0.999968
13464 -569454.100927 0.000000 -3.758023 -0.723045
13660 -569454.377849 0.000000 -4.034945 -0.999968
13255 -569454.100927 0.000000 -3.758023 -0.723045
13436 -569454.377849 0.000000 -4.034945 -0.999968
13113 -569454.100927 0.000000 -3.758023 -0.723045
13239 -569454.377849 0.000000 -4.034945 -0.999968
13058 -569454.100927 0.000000 -3.758023 -0.723045
13109 -569454.377849 0.000000 -4.034945 -0.999968
17469 -569454.100927 0.000000 -3.758023 -0.723045
17674 -569454.377849 0.000000 -4.034945 -0.999968
17256 -569454.100927 0.000000 -3.758023 -0.723045
17434 -569454.377849 0.000000 -4.034945 -0.999968
17124 -569454.100927 0.000000 -3.758023 -0.723045
17232 -569454.377849 0.000000 -4.034945 -0.999968
17071 -569454.100927 0.000000 -3.758023 -0.723045
17112 -569454.377849 0.000000 -4.034945 -0.999968
21483 -569454.100927 0.000000 -3.758023 -0.723045
21684 -569454.377849 0.000000 -4.034945 -0.999968
21278 -569454.100927 0.000000 -3.758023 -0.723045
21447 -569454.377849 0.000000 -4.034945 -0.999968
21145 -569454.100927 0.000000 -3.758023 -0.723045
21246 -569454.377849 0.000000 -4.034945 -0.999968
21345 -569454.100927 0.000000 -3.758023 -0.723045
21125 -569454.377849 0.000000 -4.034945 -0.999968
21189 -569454.100927 0.000000 -3.758023 -0.723045
21081 -569454.377849 0.000000 -4.034945 -0.999968
25778 -569454.100927 0.000000 -3.758023 -0.723045
25456 -569454.377849 0.000000 -4.034945 -0.999968
25552 -569454.100927 0.000000 -3.758023 -0.723045
89498 -569454.377849 0.000000 -4.034945 -0.999968
25335 -569454.100927 0.000000 -3.758023 -0.723045
25524 -569454.377849 0.000000 -4.034945 -0.999968
25182 -569454.100927 0.000000 -3.758023 -0.723045
25319 -569454.377849 0.000000 -4.034945 -0.999968
29785 -569454.100927 0.000000 -3.758023 -0.723045
25178 -569454.377849 0.000000 -4.034945 -0.999968
29554 -569454.100927 0.000000 -3.758023 -0.723045
29749 -569454.377849 0.000000 -4.034945 -0.999968
29331 -569454.100927 0.000000 -3.758023 -0.723045
29519 -569454.377849 0.000000 -4.034945 -0.999968
29176 -569454.100927 0.000000 -3.758023 -0.723045
29307 -569454.377849 0.000000 -4.034945 -0.999968
29114 -569454.100927 0.000000 -3.758023 -0.723045
29164 -569454.377849 0.000000 -4.034945 -0.999968
1586 -569454.109632 0.000000 -3.766728 -0.731751
1354 -569454.109632 0.000000 -3.766728 -0.731751
1162 -569454.109632 0.000000 -3.766728 -0.731751
1052 -569454.109632 0.000000 -3.766728 -0.731751
5594 -569454.109632 0.000000 -3.766728 -0.731751
5354 -569454.109632 0.000000 -3.766728 -0.731751
5166 -569454.109632 0.000000 -3.766728 -0.731751
5058 -569454.109632 0.000000 -3.766728 -0.731751
5025 -569454.109632 0.000000 -3.766728 -0.731750
9363 -569454.109632 0.000000 -3.766728 -0.731751
9173 -569454.109632 0.000000 -3.766728 -0.731751
9073 -569454.109632 0.000000 -3.766728 -0.731751
9038 -569454.109632 0.000000 -3.766728 -0.731751
13381 -569454.109632 0.000000 -3.766728 -0.731751
77435 -569454.109632 0.000000 -3.766728 -0.731751
13644 -569454.109632 0.000000 -3.766728 -0.731751
13420 -569454.109632 0.000000 -3.766728 -0.731751
13230 -569454.109632 0.000000 -3.766728 -0.731751
17840 -569454.109632 0.000000 -3.766728 -0.731751
17638 -569454.109632 0.000000 -3.766728 -0.731751
17405 -569454.109632 0.000000 -3.766728 -0.731751
17215 -569454.109632 0.000000 -3.766728 -0.731751
17107 -569454.109632 0.000000 -3.766728 -0.731751
21648 -569454.109632 0.000000 -3.766728 -0.731751
21411 -569454.109632 0.000000 -3.766728 -0.731750
21221 -569454.109632 0.000000 -3.766728 -0.731751
21112 -569454.109632 0.000000 -3.766728 -0.731751
25658 -569454.109632 0.000000 -3.766728 -0.731751
25420 -569454.109632 0.000000 -3.766728 -0.731751
25233 -569454.109632 0.000000 -3.766728 -0.731751
25135 -569454.109632 0.000000 -3.766728 -0.731751
25098 -569454.109632 0.000000 -3.766728 -0.731751
29432 -569454.109632 0.000000 -3.766728 -0.731751
93481 -569454.109632 0.000000 -3.766728 -0.731751
29472 -569454.109632 0.000000 -3.766728 -0.731751
29279 -569454.109632 0.000000 -3.766728 -0.731751
29157 -569454.109632 0.000000 -3.766728 -0.731751
1001 -569453.934995 0.000000 -3.592091 -0.557113
1002 -569453.934995 0.000000 -3.592091 -0.557113
1004 -569453.934995 0.000000 -3.592091 -0.557113
1005 -569453.934995 0.000000 -3.592091 -0.557113
5017 -569453.934995 0.000000 -3.592091 -0.557113
5018 -569453.934995 0.000000 -3.592091 -0.557113
5019 -569453.934995 0.000000 -3.592091 -0.557113
5020 -569453.934995 0.000000 -3.592091 -0.557113
5021 -569453.934995 0.000000 -3.592091 -0.557113
9031 -569453.934995 0.000000 -3.592091 -0.557113
9032 -569453.934995 0.000000 -3.592091 -0.557113
9033 -569453.934995 0.000000 -3.592091 -0.557113
9034 -569453.934995 0.000000 -3.592091 -0.557113
13044 -569453.934995 0.000000 -3.592091 -0.557113
13045 -569453.934995 0.000000 -3.592091 -0.557113
13046 -569453.934995 0.000000 -3.592091 -0.557113
13047 -569453.934995 0.000000 -3.592091 -0.557113
77280 -569453.934995 0.000000 -3.592091 -0.557113
17059 -569453.934995 0.000000 -3.592091 -0.557113
17060 -569453.934995 0.000000 -3.592091 -0.557113
17061 -569453.934995 0.000000 -3.592091 -0.557113
17062 -569453.934995 0.000000 -3.592091 -0.557113
17063 -569453.934995 0.000000 -3.592091 -0.557113
21075 -569453.934995 0.000000 -3.592091 -0.557113
21076 -569453.934995 0.000000 -3.592091 -0.557113
21077 -569453.934995 0.000000 -3.592091 -0.557113
21078 -569453.934995 0.000000 -3.592091 -0.557113
25089 -569453.934995 0.000000 -3.592091 -0.557113
25090 -569453.934995 0.000000 -3.592091 -0.557113
25091 -569453.934995 0.000000 -3.592091 -0.557113
25092 -569453.934995 0.000000 -3.592091 -0.557113
25093 -569453.934995 0.000000 -3.592091 -0.557113
29102 -569453.934995 0.000000 -3.592091 -0.557113
29103 -569453.934995 0.000000 -3.592091 -0.557113
29104 -569453.934995 0.000000 -3.592091 -0.557113
29105 -569453.934995 0.000000 -3.592091 -0.557113
97351 -569453.934995 0.000000 -3.592091 -0.557113
1307 -569454.767925 0.000000 -4.425021 -1.390044
1141 -569454.767925 0.000000 -4.425021 -1.390044
1545 -569454.767926 0.000000 -4.425022 -1.390044
1325 -569454.767926 0.000000 -4.425022 -1.390044
1150 -569454.767926 0.000000 -4.425022 -1.390044
5734 -569454.767926 0.000000 -4.425022 -1.390044
5521 -569454.767926 0.000000 -4.425022 -1.390044
5301 -569454.767926 0.000000 -4.425022 -1.390044
5137 -569454.767926 0.000000 -4.425022 -1.390044
9751 -569454.767926 0.000000 -4.425022 -1.390044
9525 -569454.767926 0.000000 -4.425022 -1.390044
9295 -569454.767926 0.000000 -4.425022 -1.390044
9128 -569454.767926 0.000000 -4.425022 -1.390044
9052 -569454.767926 0.000000 -4.425022 -1.390044
13534 -569454.767926 0.000000 -4.425022 -1.390044
13308 -569454.767926 0.000000 -4.425022 -1.390044
13143 -569454.767926 0.000000 -4.425022 -1.390044
13067 -569454.767926 0.000000 -4.425022 -1.390044
13049 -569454.767926 0.000000 -4.425022 -1.390044
17321 -569454.767926 0.000000 -4.425022 -1.390044
81836 -569454.767926 0.000000 -4.425022 -1.390044
17383 -569454.767925 0.000000 -4.425021 -1.390044
17205 -569454.767926 0.000000 -4.425022 -1.390044
21829 -569454.767926 0.000000 -4.425022 -1.390044
21613 -569454.767926 0.000000 -4.425022 -1.390044
21381 -569454.767926 0.000000 -4.425022 -1.390044
21203 -569454.767926 0.000000 -4.425022 -1.390044
21106 -569454.767926 0.000000 -4.425022 -1.390044
25623 -569454.767926 0.000000 -4.425022 -1.390044
25386 -569454.767926 0.000000 -4.425022 -1.390044
25209 -569454.767926 0.000000 -4.425022 -1.390044
25122 -569454.767926 0.000000 -4.425022 -1.390044
25096 -569454.767926 0.000000 -4.425022 -1.390044
29397 -569454.767925 0.000000 -4.425021 -1.390044
29219 -569454.767926 0.000000 -4.425022 -1.390044
29133 -569454.767926 0.000000 -4.425022 -1.390044
29107 -569454.767926 0.000000 -4.425022 -1.390044
1793 -569453.978459 0.000000 -3.635555 -0.600577
1585 -569453.978459 0.000000 -3.635555 -0.600578
1353 -569453.978459 0.000000 -3.635555 -0.600578
1161 -569453.978459 0.000000 -3.635555 -0.600577
1051 -569453.978459 0.000000 -3.635555 -0.600578
5593 -569453.978459 0.000000 -3.635555 -0.600578
5353 -569453.978459 0.000000 -3.635555 -0.600578
5165 -569453.978459 0.000000 -3.635555 -0.600578
5057 -569453.978459 0.000000 -3.635555 -0.600578
9598 -569453.978459 0.000000 -3.635555 -0.600578
9362 -569453.978459 0.000000 -3.635555 -0.600578
9172 -569453.978459 0.000000 -3.635555 -0.600578
9072 -569453.978459 0.000000 -3.635555 -0.600578
9037 -569453.978459 0.000000 -3.635555 -0.600578
13380 -569453.978459 0.000000 -3.635555 -0.600578
13202 -569453.978459 0.000000 -3.635555 -0.600578
13102 -569453.978459 0.000000 -3.635555 -0.600578
77648 -569453.978459 0.000000 -3.635555 -0.600578
13229 -569453.978459 0.000000 -3.635555 -0.600578
17813 -569453.978459 0.000000 -3.635555 -0.600578
17603 -569453.978459 0.000000 -3.635555 -0.600578
17382 -569453.978459 0.000000 -3.635555 -0.600578
17204 -569453.978459 0.000000 -3.635555 -0.600577
21828 -569453.978459 0.000000 -3.635555 -0.600578
21612 -569453.978459 0.000000 -3.635555 -0.600578
21380 -569453.978459 0.000000 -3.635555 -0.600578
21202 -569453.978459 0.000000 -3.635555 -0.600578
21105 -569453.978459 0.000000 -3.635555 -0.600578
25622 -569453.978459 0.000000 -3.635555 -0.600578
25385 -569453.978459 0.000000 -3.635555 -0.600578
25208 -569453.978459 0.000000 -3.635555 -0.600578
25121 -569453.978459 0.000000 -3.635555 -0.600578
25095 -569453.978459 0.000000 -3.635555 -0.600578
29396 -569453.978459 0.000000 -3.635555 -0.600578
29218 -569453.978459 0.000000 -3.635555 -0.600578
29132 -569453.978459 0.000000 -3.635555 -0.600578
29278 -569453.978459 0.000000 -3.635555 -0.600578
1417 -569454.720564 0.000000 -4.377660 -1.342683
1204 -569454.720564 0.000000 -4.377660 -1.342683
1072 -569454.720564 0.000000 -4.377660 -1.342683
1014 -569454.720564 0.000000 -4.377660 -1.342683
5425 -569454.720564 0.000000 -4.377660 -1.342683
5220 -569454.720564 0.000000 -4.377660 -1.342683
5089 -569454.720564 0.000000 -4.377660 -1.342683
5035 -569454.720564 0.000000 -4.377660 -1.342683
5023 -569454.720564 0.000000 -4.377660 -1.342683
74102 -569454.720564 0.000000 -4.377660 -1.342683
9688 -569454.720564 0.000000 -4.377660 -1.342683
9463 -569454.720564 0.000000 -4.377660 -1.342683
9255 -569454.720564 0.000000 -4.377660 -1.342683
9111 -569454.720564 0.000000 -4.377660 -1.342683
13697 -569454.720564 0.000000 -4.377660 -1.342683
13465 -569454.720564 0.000000 -4.377660 -1.342683
13256 -569454.720564 0.000000 -4.377660 -1.342683
13114 -569454.720564 0.000000 -4.377660 -1.342683
17710 -569454.720564 0.000000 -4.377660 -1.342683
17470 -569454.720564 0.000000 -4.377660 -1.342683
17257 -569454.720564 0.000000 -4.377660 -1.342683
17125 -569454.720564 0.000000 -4.377660 -1.342683
17072 -569454.720564 0.000000 -4.377660 -1.342683
21484 -569454.720564 0.000000 -4.377660 -1.342683
21279 -569454.720564 0.000000 -4.377660 -1.342683
21146 -569454.720564 0.000000 -4.377660 -1.342683
21089 -569454.720564 0.000000 -4.377660 -1.342683
25492 -569454.720564 0.000000 -4.377660 -1.342683
25751 -569454.720564 0.000000 -4.377660 -1.342683
25525 -569454.720564 0.000000 -4.377660 -1.342683
25320 -569454.720564 0.000000 -4.377660 -1.342683
25179 -569454.720564 0.000000 -4.377660 -1.342683
29750 -569454.720564 0.000000 -4.377660 -1.342683
29520 -569454.720564 0.000000 -4.377660 -1.342683
29308 -569454.720564 0.000000 -4.377660 -1.342683
29165 -569454.720564 0.000000 -4.377660 -1.342683
29112 -569454.720564 0.000000 -4.377660 -1.342683
1792 -569454.066233 0.000000 -3.723329 -0.688351
1453 -569454.061782 0.000000 -3.718878 -0.683900
1584 -569454.066233 0.000000 -3.723329 -0.688351
1236 -569454.061782 0.000000 -3.718878 -0.683901
1352 -569454.066233 0.000000 -3.723329 -0.688351
1092 -569454.061782 0.000000 -3.718878 -0.683901
1160 -569454.066233 0.000000 -3.723329 -0.688351
1022 -569454.061782 0.000000 -3.718878 -0.683900
1050 -569454.066232 0.000000 -3.723328 -0.688351
5459 -569454.061782 0.000000 -3.718878 -0.683901
5592 -569454.066233 0.000000 -3.723329 -0.688351
5255 -569454.061782 0.000000 -3.718878 -0.683900
5352 -569454.066233 0.000000 -3.723329 -0.688351
69733 -569454.061782 0.000000 -3.718878 -0.683901
5164 -569454.066233 0.000000 -3.723329 -0.688351
5287 -569454.061782 0.000000 -3.718878 -0.683900
5056 -569454.066233 0.000000 -3.723329 -0.688351
5135 -569454.061782 0.000000 -3.718878 -0.683901
9597 -569454.066232 0.000000 -3.723328 -0.688351
9717 -569454.061782 0.000000 -3.718878 -0.683901
9361 -569454.066233 0.000000 -3.723329 -0.688351
9492 -569454.061782 0.000000 -3.718878 -0.683900
9171 -569454.066233 0.000000 -3.723329 -0.688351
9273 -569454.061782 0.000000 -3.718878 -0.683901
9071 -569454.066233 0.000000 -3.723329 -0.688351
9118 -569454.061782 0.000000 -3.718878 -0.683901
9036 -569454.066233 0.000000 -3.723329 -0.688351
9051 -569454.061782 0.000000 -3.718878 -0.683901
78087 -569454.066233 0.000000 -3.723329 -0.688351
13500 -569454.061782 0.000000 -3.718878 -0.683900
13661 -569454.066233 0.000000 -3.723329 -0.688351
13279 -569454.061782 0.000000 -3.718878 -0.683901
13437 -569454.066233 0.000000 -3.723329 -0.688351
13126 -569454.061782 0.000000 -3.718878 -0.683900
13240 -569454.066233 0.000000 -3.723329 -0.688351
13061 -569454.061782 0.000000 -3.718878 -0.683900
13110 -569454.066233 0.000000 -3.723329 -0.688351
17508 -569454.061782 0.000000 -3.718878 -0.683901
17675 -569454.066233 0.000000 -3.723329 -0.688351
17288 -569454.061782 0.000000 -3.718878 -0.683901
17435 -569454.066233 0.000000 -3.723329 -0.688351
17144 -569454.061782 0.000000 -3.718878 -0.683901
17233 -569454.066233 0.000000 -3.723329 -0.688351
17079 -569454.061782 0.000000 -3.718878 -0.683901
17113 -569454.066233 0.000000 -3.723329 -0.688351
17065 -569454.061782 0.000000 -3.718878 -0.683901
21685 -569454.066233 0.000000 -3.723329 -0.688351
21316 -569454.061782 0.000000 -3.718878 -0.683901
21448 -569454.066233 0.000000 -3.723329 -0.688351
21172 -569454.061782 0.000000 -3.718878 -0.683901
21247 -569454.066233 0.000000 -3.723329 -0.688351
21560 -569454.061782 0.000000 -3.718878 -0.683901
21126 -569454.066233 0.000000 -3.723329 -0.688351
21346 -569454.061782 0.000000 -3.718878 -0.683901
21082 -569454.066233 0.000000 -3.723329 -0.688351
25947 -569454.061782 0.000000 -3.718878 -0.683900
25457 -569454.066233 0.000000 -3.723329 -0.688351
25779 -569454.061782 0.000000 -3.718878 -0.683900
25267 -569454.066233 0.000000 -3.723329 -0.688351
25553 -569454.061782 0.000000 -3.718878 -0.683900
25156 -569454.066233 0.000000 -3.723329 -0.688351
25336 -569454.061781 0.000000 -3.718877 -0.683900
25107 -569454.066233 0.000000 -3.723329 -0.688351
25183 -569454.061782 0.000000 -3.718878 -0.683901
25094 -569454.066233 0.000000 -3.723329 -0.688351
29786 -569454.061782 0.000000 -3.718878 -0.683901
29895 -569454.066233 0.000000 -3.723329 -0.688351
29555 -569454.061782 0.000000 -3.718878 -0.683901
29695 -569454.066233 0.000000 -3.723329 -0.688351
29332 -569454.061782 0.000000 -3.718878 -0.683900
29471 -569454.066233 0.000000 -3.723329 -0.688351
29177 -569454.061782 0.000000 -3.718878 -0.683901
29277 -569454.066233 0.000000 -3.723329 -0.688351
29115 -569454.061782 0.000000 -3.718878 -0.683901
1451 -569453.974447 0.000000 -3.631543 -0.596565
1234 -569453.974447 0.000000 -3.631543 -0.596565
1090 -569453.974447 0.000000 -3.631543 -0.596565
1020 -569453.974447 0.000000 -3.631543 -0.596565
65238 -569453.974447 0.000000 -3.631543 -0.596565
5735 -569453.974447 0.000000 -3.631543 -0.596565
5522 -569453.974447 0.000000 -3.631543 -0.596565
5302 -569453.974447 0.000000 -3.631543 -0.596565
5138 -569453.974447 0.000000 -3.631543 -0.596565
9752 -569453.974447 0.000000 -3.631543 -0.596565
9526 -569453.974447 0.000000 -3.631543 -0.596565
9296 -569453.974447 0.000000 -3.631543 -0.596565
9129 -569453.974447 0.000000 -3.631543 -0.596565
9053 -569453.974447 0.000000 -3.631543 -0.596565
13535 -569453.974447 0.000000 -3.631543 -0.596565
13309 -569453.974447 0.000000 -3.631543 -0.596565
13144 -569453.974447 0.000000 -3.631543 -0.596565
13068 -569453.974447 0.000000 -3.631543 -0.596565
13050 -569453.974447 0.000000 -3.631543 -0.596565
17322 -569453.974447 0.000000 -3.631543 -0.596565
17167 -569453.974447 0.000000 -3.631543 -0.596565
17090 -569453.974447 0.000000 -3.631543 -0.596565
81299 -569453.974447 0.000000 -3.631543 -0.596565
21951 -569453.974447 0.000000 -3.631543 -0.596565
21783 -569453.974447 0.000000 -3.631543 -0.596565
21559 -569453.974447 0.000000 -3.631543 -0.596565
21344 -569453.974447 0.000000 -3.631543 -0.596565
21188 -569453.974447 0.000000 -3.631543 -0.596565
25777 -569453.974447 0.000000 -3.631543 -0.596565
25551 -569453.974447 0.000000 -3.631543 -0.596565
25334 -569453.974447 0.000000 -3.631543 -0.596565
25181 -569453.974447 0.000000 -3.631543 -0.596565
29784 -569453.974447 0.000000 -3.631543 -0.596565
29553 -569453.974447 0.000000 -3.631543 -0.596565
29330 -569453.974447 0.000000 -3.631543 -0.596565
29175 -569453.974447 0.000000 -3.631543 -0.596565
29113 -569453.974447 0.000000 -3.631543 -0.596565
61274 -569454.043564 0.000000 -3.700660 -0.665683
1620 -569454.043564 0.000000 -3.700660 -0.665683
1380 -569454.043564 0.000000 -3.700660 -0.665683
1177 -569454.043564 0.000000 -3.700660 -0.665683
1057 -569454.043564 0.000000 -3.700660 -0.665683
5628 -569454.043564 0.000000 -3.700660 -0.665683
5387 -569454.043564 0.000000 -3.700660 -0.665683
5188 -569454.043564 0.000000 -3.700660 -0.665683
5068 -569454.043564 0.000000 -3.700660 -0.665683
5026 -569454.043564 0.000000 -3.700660 -0.665683
9397 -569454.043564 0.000000 -3.700660 -0.665683
9203 -569454.043564 0.000000 -3.700660 -0.665683
73323 -569454.043564 0.000000 -3.700660 -0.665683
9249 -569454.043564 0.000000 -3.700660 -0.665683
13856 -569454.043564 0.000000 -3.700660 -0.665683
13662 -569454.043564 0.000000 -3.700660 -0.665683
13438 -569454.043564 0.000000 -3.700660 -0.665683
13241 -569454.043564 0.000000 -3.700660 -0.665683
13111 -569454.043564 0.000000 -3.700660 -0.665683
17676 -569454.043564 0.000000 -3.700660 -0.665683
17436 -569454.043564 0.000000 -3.700660 -0.665683
17234 -569454.043564 0.000000 -3.700660 -0.665683
17114 -569454.043564 0.000000 -3.700660 -0.665683
17070 -569454.043564 0.000000 -3.700660 -0.665683
21449 -569454.043564 0.000000 -3.700660 -0.665683
21248 -569454.043564 0.000000 -3.700660 -0.665683
21127 -569454.043564 0.000000 -3.700660 -0.665683
21083 -569454.043564 0.000000 -3.700660 -0.665683
25458 -569454.043564 0.000000 -3.700660 -0.665683
25268 -569454.043564 0.000000 -3.700660 -0.665683
89389 -569454.043564 0.000000 -3.700660 -0.665683
89340 -569454.043564 0.000000 -3.700660 -0.665683
25311 -569454.043564 0.000000 -3.700660 -0.665683
29904 -569454.043564 0.000000 -3.700660 -0.665683
29712 -569454.043564 0.000000 -3.700660 -0.665683
29489 -569454.043564 0.000000 -3.700660 -0.665683
29289 -569454.043564 0.000000 -3.700660 -0.665683
65998 -569453.819173 0.000000 -3.476269 -0.441292
1554 -569453.819173 0.000000 -3.476269 -0.441292
1334 -569453.819173 0.000000 -3.476269 -0.441292
1154 -569453.819173 0.000000 -3.476269 -0.441292
5772 -569453.819173 0.000000 -3.476269 -0.441292
5558 -569453.819173 0.000000 -3.476269 -0.441292
5326 -569453.819173 0.000000 -3.476269 -0.441292
5150 -569453.819173 0.000000 -3.476269 -0.441292
5054 -569453.819173 0.000000 -3.476269 -0.441292
9563 -569453.819173 0.000000 -3.476269 -0.441292
9328 -569453.819173 0.000000 -3.476269 -0.441292
9149 -569453.819173 0.000000 -3.476269 -0.441292
9061 -569453.819173 0.000000 -3.476269 -0.441292
9035 -569453.819173 0.000000 -3.476269 -0.441292
13346 -569453.819173 0.000000 -3.476269 -0.441292
13172 -569453.819173 0.000000 -3.476269 -0.441292
13084 -569453.819173 0.000000 -3.476269 -0.441292
13053 -569453.819173 0.000000 -3.476269 -0.441292
17358 -569453.819173 0.000000 -3.476269 -0.441292
17814 -569453.819173 0.000000 -3.476269 -0.441292
17605 -569453.819173 0.000000 -3.476269 -0.441292
17384 -569453.819173 0.000000 -3.476269 -0.441292
17206 -569453.819173 0.000000 -3.476269 -0.441292
21830 -569453.819173 0.000000 -3.476269 -0.441292
21614 -569453.819173 0.000000 -3.476269 -0.441292
21382 -569453.819173 0.000000 -3.476269 -0.441292
21204 -569453.819173 0.000000 -3.476269 -0.441292
21107 -569453.819173 0.000000 -3.476269 -0.441292
25624 -569453.819173 0.000000 -3.476269 -0.441292
25387 -569453.819173 0.000000 -3.476269 -0.441292
25210 -569453.819173 0.000000 -3.476269 -0.441292
25123 -569453.819173 0.000000 -3.476269 -0.441292
29626 -569453.819173 0.000000 -3.476269 -0.441292
29398 -569453.819173 0.000000 -3.476269 -0.441292
29220 -569453.819173 0.000000 -3.476269 -0.441292
29134 -569453.819173 0.000000 -3.476269 -0.441292
29108 -569453.819173 0.000000 -3.476269 -0.441292
1656 -569453.827425 0.000000 -3.484521 -0.449544
1415 -569453.827425 0.000000 -3.484521 -0.449544
1202 -569453.827425 0.000000 -3.484521 -0.449544
1070 -569453.827425 0.000000 -3.484521 -0.449544
1012 -569453.827425 0.000000 -3.484521 -0.449544
5423 -569453.827425 0.000000 -3.484521 -0.449544
5218 -569453.827425 0.000000 -3.484521 -0.449544
5087 -569453.827425 0.000000 -3.484521 -0.449544
69518 -569453.827425 0.000000 -3.484521 -0.449544
5134 -569453.827425 0.000000 -3.484521 -0.449544
9716 -569453.827425 0.000000 -3.484521 -0.449544
9491 -569453.827425 0.000000 -3.484521 -0.449544
9272 -569453.827425 0.000000 -3.484521 -0.449544
9117 -569453.827425 0.000000 -3.484521 -0.449544
13734 -569453.827425 0.000000 -3.484521 -0.449544
13499 -569453.827425 0.000000 -3.484521 -0.449544
13278 -569453.827425 0.000000 -3.484521 -0.449544
13125 -569453.827425 0.000000 -3.484521 -0.449544
13060 -569453.827425 0.000000 -3.484521 -0.449544
17507 -569453.827425 0.000000 -3.484521 -0.449544
17287 -569453.827425 0.000000 -3.484521 -0.449544
17143 -569453.827425 0.000000 -3.484521 -0.449544
17078 -569453.827425 0.000000 -3.484521 -0.449544
21520 -569453.827425 0.000000 -3.484521 -0.449544
21315 -569453.827425 0.000000 -3.484521 -0.449544
21171 -569453.827425 0.000000 -3.484521 -0.449544
21099 -569453.827425 0.000000 -3.484521 -0.449544
21342 -569453.827425 0.000000 -3.484521 -0.449544
25929 -569453.827425 0.000000 -3.484521 -0.449544
25750 -569453.827425 0.000000 -3.484521 -0.449544
25523 -569453.827425 0.000000 -3.484521 -0.449544
25318 -569453.827425 0.000000 -3.484521 -0.449544
25177 -569453.827425 0.000000 -3.484521 -0.449544
29748 -569453.827425 0.000000 -3.484521 -0.449544
29518 -569453.827425 0.000000 -3.484521 -0.449544
29306 -569453.827425 0.000000 -3.484521 -0.449544
29163 -569453.827425 0.000000 -3.484521 -0.449544
1794 -569453.733748 0.000000 -3.390844 -0.355867
1587 -569453.733748 0.000000 -3.390844 -0.355867
1355 -569453.733748 0.000000 -3.390844 -0.355867
1163 -569453.733748 0.000000 -3.390844 -0.355867
1053 -569453.733748 0.000000 -3.390844 -0.355867
5595 -569453.733748 0.000000 -3.390844 -0.355867
5355 -569453.733748 0.000000 -3.390844 -0.355867
5167 -569453.733748 0.000000 -3.390844 -0.355867
5059 -569453.733748 0.000000 -3.390844 -0.355867
9599 -569453.733748 0.000000 -3.390844 -0.355867
9364 -569453.733748 0.000000 -3.390844 -0.355867
9174 -569453.733748 0.000000 -3.390844 -0.355867
9074 -569453.733748 0.000000 -3.390844 -0.355867
9039 -569453.733748 0.000000 -3.390844 -0.355867
13382 -569453.733748 0.000000 -3.390844 -0.355867
13204 -569453.733748 0.000000 -3.390844 -0.355867
13422 -569453.733748 0.000000 -3.390844 -0.355867
13233 -569453.733748 0.000000 -3.390844 -0.355867
17843 -569453.733748 0.000000 -3.390844 -0.355867
17641 -569453.733748 0.000000 -3.390844 -0.355867
17408 -569453.733748 0.000000 -3.390844 -0.355867
17218 -569453.733748 0.000000 -3.390844 -0.355867
17110 -569453.733748 0.000000 -3.390844 -0.355867
21651 -569453.733748 0.000000 -3.390844 -0.355867
21414 -569453.733748 0.000000 -3.390844 -0.355867
21224 -569453.733748 0.000000 -3.390844 -0.355867
21115 -569453.733748 0.000000 -3.390844 -0.355867
21080 -569453.733748 0.000000 -3.390844 -0.355867
25423 -569453.733748 0.000000 -3.390844 -0.355867
25236 -569453.733748 0.000000 -3.390844 -0.355867
25138 -569453.733748 0.000000 -3.390844 -0.355867
25101 -569453.733748 0.000000 -3.390844 -0.355867
29434 -569453.733748 0.000000 -3.390844 -0.355867
29251 -569453.733748 0.000000 -3.390844 -0.355867
93928 -569453.733748 0.000000 -3.390844 -0.355867
29473 -569453.733748 0.000000 -3.390844 -0.355867
29280 -569453.733748 0.000000 -3.390844 -0.355867
1489 -569453.700297 0.000000 -3.357393 -0.322415
1272 -569453.700297 0.000000 -3.357393 -0.322415
1117 -569453.700297 0.000000 -3.357393 -0.322415
1035 -569453.700297 0.000000 -3.357393 -0.322415
1009 -569453.700297 0.000000 -3.357393 -0.322415
70119 -569453.700297 0.000000 -3.357393 -0.322415
5725 -569453.700297 0.000000 -3.357393 -0.322415
5500 -569453.700297 0.000000 -3.357393 -0.322415
5285 -569453.700297 0.000000 -3.357393 -0.322415
5133 -569453.700297 0.000000 -3.357393 -0.322415
9715 -569453.700297 0.000000 -3.357393 -0.322415
9490 -569453.700297 0.000000 -3.357393 -0.322415
9271 -569453.700297 0.000000 -3.357393 -0.322415
9116 -569453.700297 0.000000 -3.357393 -0.322415
13733 -569453.700297 0.000000 -3.357393 -0.322415
13498 -569453.700297 0.000000 -3.357393 -0.322415
13277 -569453.700297 0.000000 -3.357393 -0.322415
13124 -569453.700297 0.000000 -3.357393 -0.322415
13059 -569453.700297 0.000000 -3.357393 -0.322415
17506 -569453.700297 0.000000 -3.357393 -0.322415
17286 -569453.700297 0.000000 -3.357393 -0.322415
17142 -569453.700297 0.000000 -3.357393 -0.322415
17077 -569453.700297 0.000000 -3.357393 -0.322415
17064 -569453.700297 0.000000 -3.357393 -0.322415
21793 -569453.700297 0.000000 -3.357393 -0.322415
21580 -569453.700297 0.000000 -3.357393 -0.322415
21360 -569453.700297 0.000000 -3.357393 -0.322415
21192 -569453.700297 0.000000 -3.357393 -0.322415
25815 -569453.700297 0.000000 -3.357393 -0.322415
25587 -569453.700297 0.000000 -3.357393 -0.322415
25358 -569453.700296 0.000000 -3.357392 -0.322415
25193 -569453.700297 0.000000 -3.357393 -0.322415
25117 -569453.700297 0.000000 -3.357393 -0.322415
29591 -569453.700297 0.000000 -3.357393 -0.322415
29362 -569453.700297 0.000000 -3.357393 -0.322415
29195 -569453.700297 0.000000 -3.357393 -0.322415
29121 -569453.700297 0.000000 -3.357393 -0.322415
1623 -569453.795240 0.000000 -3.452336 -0.417358
1383 -569453.795240 0.000000 -3.452336 -0.417358
1180 -569453.795240 0.000000 -3.452336 -0.417358
1060 -569453.795240 0.000000 -3.452336 -0.417358
1011 -569453.795240 0.000000 -3.452336 -0.417358
5390 -569453.795240 0.000000 -3.452336 -0.417358
5191 -569453.795240 0.000000 -3.452336 -0.417358
5071 -569453.795240 0.000000 -3.452336 -0.417358
5029 -569453.795240 0.000000 -3.452336 -0.417358
9400 -569453.795239 0.000000 -3.452335 -0.417358
9206 -569453.795240 0.000000 -3.452336 -0.417358
9093 -569453.795240 0.000000 -3.452336 -0.417358
9045 -569453.795240 0.000000 -3.452336 -0.417358
9250 -569453.795240 0.000000 -3.452336 -0.417358
13857 -569453.795239 0.000000 -3.452335 -0.417358
13663 -569453.795240 0.000000 -3.452336 -0.417358
13439 -569453.795240 0.000000 -3.452336 -0.417358
13242 -569453.795240 0.000000 -3.452336 -0.417358
17876 -569453.795240 0.000000 -3.452336 -0.417358
17677 -569453.795240 0.000000 -3.452336 -0.417358
17437 -569453.795240 0.000000 -3.452336 -0.417358
17235 -569453.795240 0.000000 -3.452336 -0.417358
17115 -569453.795240 0.000000 -3.452336 -0.417358
21686 -569453.795239 0.000000 -3.452335 -0.417358
21450 -569453.795240 0.000000 -3.452336 -0.417358
21249 -569453.795240 0.000000 -3.452336 -0.417358
21128 -569453.795240 0.000000 -3.452336 -0.417358
21084 -569453.795240 0.000000 -3.452336 -0.417358
25459 -569453.795240 0.000000 -3.452336 -0.417358
25269 -569453.795240 0.000000 -3.452336 -0.417358
25158 -569453.795240 0.000000 -3.452336 -0.417358
89545 -569453.795240 0.000000 -3.452336 -0.417358
29907 -569453.795240 0.000000 -3.452336 -0.417358
29715 -569453.795239 0.000000 -3.452335 -0.417358
29492 -569453.795240 0.000000 -3.452336 -0.417358
29292 -569453.795240 0.000000 -3.452336 -0.417358
29161 -569453.795240 0.000000 -3.452336 -0.417358
1488 -569454.054863 0.000000 -3.711959 -0.676982
1271 -569454.054863 0.000000 -3.711959 -0.676982
65785 -569454.054863 0.000000 -3.711959 -0.676982
1333 -569454.054863 0.000000 -3.711959 -0.676982
1153 -569454.054863 0.000000 -3.711959 -0.676982
5771 -569454.054863 0.000000 -3.711959 -0.676982
5557 -569454.054863 0.000000 -3.711959 -0.676982
5325 -569454.054863 0.000000 -3.711959 -0.676982
5149 -569454.054863 0.000000 -3.711959 -0.676982
5053 -569454.054863 0.000000 -3.711959 -0.676982
9562 -569454.054863 0.000000 -3.711959 -0.676982
9327 -569454.054863 0.000000 -3.711959 -0.676982
9148 -569454.054863 0.000000 -3.711959 -0.676982
9060 -569454.054863 0.000000 -3.711959 -0.676982
13571 -569454.054863 0.000000 -3.711959 -0.676982
13345 -569454.054863 0.000000 -3.711959 -0.676982
13171 -569454.054863 0.000000 -3.711959 -0.676982
13083 -569454.054863 0.000000 -3.711959 -0.676982
13052 -569454.054863 0.000000 -3.711959 -0.676982
17357 -569454.054863 0.000000 -3.711959 -0.676982
17192 -569454.054863 0.000000 -3.711959 -0.676982
17596 -569454.054863 0.000000 -3.711959 -0.676982
17375 -569454.054863 0.000000 -3.711959 -0.676982
17201 -569454.054863 0.000000 -3.711959 -0.676982
21792 -569454.054863 0.000000 -3.711959 -0.676982
21579 -569454.054863 0.000000 -3.711959 -0.676982
21359 -569454.054863 0.000000 -3.711959 -0.676982
21191 -569454.054863 0.000000 -3.711959 -0.676982
25814 -569454.054863 0.000000 -3.711959 -0.676982
25586 -569454.054863 0.000000 -3.711959 -0.676982
25357 -569454.054863 0.000000 -3.711959 -0.676982
25192 -569454.054863 0.000000 -3.711959 -0.676982
25116 -569454.054863 0.000000 -3.711959 -0.676982
29590 -569454.054863 0.000000 -3.711959 -0.676982
29361 -569454.054863 0.000000 -3.711959 -0.676982
29194 -569454.054863 0.000000 -3.711959 -0.676982
29120 -569454.054863 0.000000 -3.711959 -0.676982
1658 -569454.050553 0.000000 -3.707649 -0.672672
1418 -569454.050553 0.000000 -3.707649 -0.672672
1205 -569454.050553 0.000000 -3.707649 -0.672672
1073 -569454.050553 0.000000 -3.707649 -0.672672
1015 -569454.050553 0.000000 -3.707649 -0.672672
5426 -569454.050553 0.000000 -3.707649 -0.672672
5221 -569454.050553 0.000000 -3.707649 -0.672672
5090 -569454.050553 0.000000 -3.707649 -0.672672
5036 -569454.050553 0.000000 -3.707649 -0.672672
9433 -569454.050553 0.000000 -3.707649 -0.672672
9690 -569454.050553 0.000000 -3.707649 -0.672672
9466 -569454.050553 0.000000 -3.707649 -0.672672
9258 -569454.050553 0.000000 -3.707649 -0.672672
9114 -569454.050553 0.000000 -3.707649 -0.672672
13700 -569454.050553 0.000000 -3.707649 -0.672672
13468 -569454.050553 0.000000 -3.707649 -0.672672
13259 -569454.050553 0.000000 -3.707649 -0.672672
13117 -569454.050553 0.000000 -3.707649 -0.672672
17713 -569454.050553 0.000000 -3.707649 -0.672672
17473 -569454.050553 0.000000 -3.707649 -0.672672
17260 -569454.050553 0.000000 -3.707649 -0.672672
17128 -569454.050553 0.000000 -3.707649 -0.672672
17075 -569454.050553 0.000000 -3.707649 -0.672672
21487 -569454.050553 0.000000 -3.707649 -0.672672
21282 -569454.050553 0.000000 -3.707649 -0.672672
21149 -569454.050553 0.000000 -3.707649 -0.672672
21091 -569454.050553 0.000000 -3.707649 -0.672672
21079 -569454.050553 0.000000 -3.707649 -0.672672
90162 -569454.050553 0.000000 -3.707649 -0.672672
25752 -569454.050553 0.000000 -3.707649 -0.672672
25526 -569454.050553 0.000000 -3.707649 -0.672672
25321 -569454.050553 0.000000 -3.707649 -0.672672
29940 -569454.050553 0.000000 -3.707649 -0.672672
29751 -569454.050553 0.000000 -3.707649 -0.672672
29521 -569454.050553 0.000000 -3.707649 -0.672672
29309 -569454.050553 0.000000 -3.707649 -0.672672
29166 -569454.050553 0.000000 -3.707649 -0.672672
61392 -569453.701819 0.000000 -3.358915 -0.323937
1765 -569453.701819 0.000000 -3.358915 -0.323937
1552 -569453.701819 0.000000 -3.358915 -0.323937
1332 -569453.701819 0.000000 -3.358915 -0.323937
1152 -569453.701819 0.000000 -3.358915 -0.323937
5770 -569453.701819 0.000000 -3.358915 -0.323937
5556 -569453.701819 0.000000 -3.358915 -0.323937
5324 -569453.701819 0.000000 -3.358915 -0.323937
5148 -569453.701819 0.000000 -3.358915 -0.323937
5052 -569453.701819 0.000000 -3.358915 -0.323937
9561 -569453.701819 0.000000 -3.358915 -0.323937
9326 -569453.701819 0.000000 -3.358915 -0.323937
9147 -569453.701819 0.000000 -3.358915 -0.323937
9059 -569453.701819 0.000000 -3.358915 -0.323937
13570 -569453.701819 0.000000 -3.358915 -0.323937
13344 -569453.701819 0.000000 -3.358915 -0.323937
13170 -569453.701819 0.000000 -3.358915 -0.323937
13082 -569453.701819 0.000000 -3.358915 -0.323937
13232 -569453.701819 0.000000 -3.358915 -0.323937
17842 -569453.701819 0.000000 -3.358915 -0.323937
17640 -569453.701819 0.000000 -3.358915 -0.323937
17407 -569453.701819 0.000000 -3.358915 -0.323937
17217 -569453.701819 0.000000 -3.358915 -0.323937
17109 -569453.701819 0.000000 -3.358915 -0.323937
21650 -569453.701819 0.000000 -3.358915 -0.323937
21413 -569453.701819 0.000000 -3.358915 -0.323937
21223 -569453.701819 0.000000 -3.358915 -0.323937
21114 -569453.701819 0.000000 -3.358915 -0.323937
25660 -569453.701819 0.000000 -3.358915 -0.323937
25422 -569453.701819 0.000000 -3.358915 -0.323937
25235 -569453.701819 0.000000 -3.358915 -0.323937
25137 -569453.701819 0.000000 -3.358915 -0.323937
25100 -569453.701819 0.000000 -3.358915 -0.323937
29433 -569453.701819 0.000000 -3.358915 -0.323937
29250 -569453.701819 0.000000 -3.358915 -0.323937
29151 -569453.701819 0.000000 -3.358915 -0.323937
93699 -569453.701819 0.000000 -3.358915 -0.323937
1456 -569453.766047 0.000000 -3.423143 -0.388166
1239 -569453.766047 0.000000 -3.423143 -0.388166
1095 -569453.766047 0.000000 -3.423143 -0.388166
1025 -569453.766047 0.000000 -3.423143 -0.388166
1008 -569453.766047 0.000000 -3.423143 -0.388166
5257 -569453.766047 0.000000 -3.423143 -0.388166
5117 -569453.766047 0.000000 -3.423143 -0.388166
5502 -569453.766047 0.000000 -3.423143 -0.388166
5288 -569453.766047 0.000000 -3.423143 -0.388166
9888 -569453.766047 0.000000 -3.423143 -0.388166
9718 -569453.766047 0.000000 -3.423143 -0.388166
9493 -569453.766047 0.000000 -3.423143 -0.388165
9274 -569453.766047 0.000000 -3.423143 -0.388166
9119 -569453.766047 0.000000 -3.423143 -0.388166
13735 -569453.766047 0.000000 -3.423143 -0.388166
13501 -569453.766047 0.000000 -3.423143 -0.388166
13280 -569453.766047 0.000000 -3.423143 -0.388166
13127 -569453.766047 0.000000 -3.423143 -0.388166
13062 -569453.766047 0.000000 -3.423143 -0.388166
17509 -569453.766047 0.000000 -3.423143 -0.388166
17289 -569453.766047 0.000000 -3.423143 -0.388166
17145 -569453.766047 0.000000 -3.423143 -0.388166
17080 -569453.766047 0.000000 -3.423143 -0.388166
21521 -569453.766047 0.000000 -3.423143 -0.388166
21317 -569453.766047 0.000000 -3.423143 -0.388166
85794 -569453.766047 0.000000 -3.423143 -0.388166
21349 -569453.766047 0.000000 -3.423143 -0.388166
21190 -569453.766047 0.000000 -3.423143 -0.388166
25782 -569453.766047 0.000000 -3.423143 -0.388166
25556 -569453.766047 0.000000 -3.423143 -0.388166
25339 -569453.766047 0.000000 -3.423143 -0.388166
25186 -569453.766047 0.000000 -3.423143 -0.388166
29789 -569453.766047 0.000000 -3.423143 -0.388166
29558 -569453.766047 0.000000 -3.423143 -0.388166
29335 -569453.766047 0.000000 -3.423143 -0.388166
29180 -569453.766047 0.000000 -3.423143 -0.388166
29118 -569453.766047 0.000000 -3.423143 -0.388166
1622 -569453.747982 0.000000 -3.405078 -0.370101
1382 -569453.747982 0.000000 -3.405078 -0.370101
1179 -569453.747982 0.000000 -3.405078 -0.370101
1059 -569453.747982 0.000000 -3.405078 -0.370101
5630 -569453.747982 0.000000 -3.405078 -0.370101
5389 -569453.747982 0.000000 -3.405078 -0.370101
5190 -569453.747982 0.000000 -3.405078 -0.370101
5070 -569453.747982 0.000000 -3.405078 -0.370101
5028 -569453.747982 0.000000 -3.405078 -0.370101
9399 -569453.747982 0.000000 -3.405078 -0.370101
9205 -569453.747982 0.000000 -3.405078 -0.370101
9092 -569453.747982 0.000000 -3.405078 -0.370101
9044 -569453.747982 0.000000 -3.405078 -0.370101
13407 -569453.747982 0.000000 -3.405078 -0.370101
13845 -569453.747982 0.000000 -3.405078 -0.370101
13645 -569453.747982 0.000000 -3.405078 -0.370101
13421 -569453.747982 0.000000 -3.405078 -0.370101
13231 -569453.747982 0.000000 -3.405078 -0.370101
17841 -569453.747982 0.000000 -3.405078 -0.370101
17639 -569453.747982 0.000000 -3.405078 -0.370101
17406 -569453.747982 0.000000 -3.405078 -0.370101
17216 -569453.747982 0.000000 -3.405078 -0.370101
17108 -569453.747982 0.000000 -3.405078 -0.370101
21649 -569453.747982 0.000000 -3.405078 -0.370101
21412 -569453.747982 0.000000 -3.405078 -0.370101
21222 -569453.747982 0.000000 -3.405078 -0.370101
21113 -569453.747982 0.000000 -3.405078 -0.370101
25659 -569453.747982 0.000000 -3.405078 -0.370101
25421 -569453.747982 0.000000 -3.405078 -0.370101
25234 -569453.747982 0.000000 -3.405078 -0.370101
25136 -569453.747982 0.000000 -3.405078 -0.370101
25099 -569453.747982 0.000000 -3.405078 -0.370101
94138 -569453.747982 0.000000 -3.405078 -0.370101
29714 -569453.747982 0.000000 -3.405078 -0.370101
29491 -569453.747982 0.000000 -3.405078 -0.370101
29291 -569453.747982 0.000000 -3.405078 -0.370101
29160 -569453.747982 0.000000 -3.405078 -0.370101
1490 -569453.844506 0.000000 -3.501602 -0.466625
1274 -569453.844506 0.000000 -3.501602 -0.466625
1119 -569453.844506 0.000000 -3.501602 -0.466625
1037 -569453.844506 0.000000 -3.501602 -0.466625
1151 -569453.844506 0.000000 -3.501602 -0.466625
5739 -569453.844506 0.000000 -3.501602 -0.466625
5526 -569453.844506 0.000000 -3.501602 -0.466625
5306 -569453.844506 0.000000 -3.501602 -0.466625
5142 -569453.844506 0.000000 -3.501602 -0.466625
9756 -569453.844506 0.000000 -3.501602 -0.466625
9530 -569453.844506 0.000000 -3.501602 -0.466625
9300 -569453.844506 0.000000 -3.501602 -0.466625
9133 -569453.844506 0.000000 -3.501602 -0.466625
9057 -569453.844506 0.000000 -3.501602 -0.466625
13539 -569453.844506 0.000000 -3.501602 -0.466625
13313 -569453.844506 0.000000 -3.501602 -0.466625
13148 -569453.844506 0.000000 -3.501602 -0.466625
13072 -569453.844506 0.000000 -3.501602 -0.466625
13051 -569453.844506 0.000000 -3.501602 -0.466625
17326 -569453.844506 0.000000 -3.501602 -0.466625
17170 -569453.844506 0.000000 -3.501602 -0.466625
17093 -569453.844506 0.000000 -3.501602 -0.466625
81608 -569453.844506 0.000000 -3.501602 -0.466625
21960 -569453.844506 0.000000 -3.501602 -0.466625
21795 -569453.844506 0.000000 -3.501602 -0.466625
21582 -569453.844506 0.000000 -3.501602 -0.466625
21362 -569453.844506 0.000000 -3.501602 -0.466625
21194 -569453.844506 0.000000 -3.501602 -0.466625
25816 -569453.844506 0.000000 -3.501602 -0.466625
25589 -569453.844506 0.000000 -3.501602 -0.466625
25360 -569453.844506 0.000000 -3.501602 -0.466625
25195 -569453.844506 0.000000 -3.501602 -0.466625
29821 -569453.844506 0.000000 -3.501602 -0.466625
29593 -569453.844506 0.000000 -3.501602 -0.466625
29364 -569453.844506 0.000000 -3.501602 -0.466625
29197 -569453.844506 0.000000 -3.501602 -0.466625
29123 -569453.844506 0.000000 -3.501602 -0.466625
1621 -569453.840405 0.000000 -3.497501 -0.462524
1381 -569453.840405 0.000000 -3.497501 -0.462524
1178 -569453.840405 0.000000 -3.497501 -0.462524
1058 -569453.840405 0.000000 -3.497501 -0.462524
5629 -569453.840405 0.000000 -3.497501 -0.462524
5388 -569453.840405 0.000000 -3.497501 -0.462524
5189 -569453.840405 0.000000 -3.497501 -0.462524
5069 -569453.840405 0.000000 -3.497501 -0.462524
5027 -569453.840405 0.000000 -3.497501 -0.462524
9398 -569453.840405 0.000000 -3.497501 -0.462524
9204 -569453.840405 0.000000 -3.497501 -0.462524
9465 -569453.840405 0.000000 -3.497501 -0.462524
9257 -569453.840405 0.000000 -3.497501 -0.462524
9113 -569453.840405 0.000000 -3.497501 -0.462524
13699 -569453.840405 0.000000 -3.497501 -0.462524
13467 -569453.840405 0.000000 -3.497501 -0.462524
13258 -569453.840405 0.000000 -3.497501 -0.462524
13116 -569453.840405 0.000000 -3.497501 -0.462524
17712 -569453.840405 0.000000 -3.497501 -0.462524
17472 -569453.840405 0.000000 -3.497501 -0.462524
17259 -569453.840405 0.000000 -3.497501 -0.462524
17127 -569453.840405 0.000000 -3.497501 -0.462524
17074 -569453.840405 0.000000 -3.497501 -0.462524
21486 -569453.840405 0.000000 -3.497501 -0.462524
21281 -569453.840405 0.000000 -3.497501 -0.462524
21148 -569453.840405 0.000000 -3.497501 -0.462524
21090 -569453.840405 0.000000 -3.497501 -0.462524
25493 -569453.840405 0.000000 -3.497501 -0.462524
25302 -569453.840405 0.000000 -3.497501 -0.462524
89974 -569453.840405 0.000000 -3.497501 -0.462524
25518 -569453.840405 0.000000 -3.497501 -0.462524
25312 -569453.840405 0.000000 -3.497501 -0.462524
29905 -569453.840405 0.000000 -3.497501 -0.462524
29713 -569453.840405 0.000000 -3.497501 -0.462524
29490 -569453.840405 0.000000 -3.497501 -0.462524
29290 -569453.840405 0.000000 -3.497501 -0.462524
29159 -569453.840405 0.000000 -3.497501 -0.462524
