#ID      EIGB 	      EIPGB 	   GBbin        GBseg
1148 -850426.596445 0.000000 -3.544692 -0.511040
97025 -850426.596445 0.000000 -3.544692 -0.511040
6977 -850426.596445 0.000000 -3.544692 -0.511040
7395 -850426.596445 0.000000 -3.544692 -0.511040
13136 -850426.596445 0.000000 -3.544692 -0.511040
13287 -850426.596444 0.000000 -3.544691 -0.511039
18811 -850426.596445 0.000000 -3.544692 -0.511040
19366 -850426.596445 0.000000 -3.544692 -0.511040
19423 -850426.596445 0.000000 -3.544692 -0.511040
25169 -850426.596445 0.000000 -3.544692 -0.511040
25366 -850426.596445 0.000000 -3.544692 -0.511040
31282 -850426.596445 0.000000 -3.544692 -0.511040
31363 -850426.596445 0.000000 -3.544692 -0.511040
37161 -850426.596445 0.000000 -3.544692 -0.511040
37402 -850426.596445 0.000000 -3.544692 -0.511040
42824 -850426.596445 0.000000 -3.544692 -0.511040
43351 -850426.596445 0.000000 -3.544692 -0.511040
1190 -850426.583427 0.000000 -3.531674 -0.498022
1465 -850426.583427 0.000000 -3.531674 -0.498022
7307 -850426.583427 0.000000 -3.531674 -0.498022
7413 -850426.583427 0.000000 -3.531673 -0.498021
13004 -850426.583427 0.000000 -3.531674 -0.498022
13449 -850426.583427 0.000000 -3.531674 -0.498022
18864 -850426.583427 0.000000 -3.531674 -0.498022
19296 -850426.583427 0.000000 -3.531674 -0.498022
25045 -850426.583427 0.000000 -3.531674 -0.498022
25192 -850426.583427 0.000000 -3.531674 -0.498022
25426 -850426.583427 0.000000 -3.531674 -0.498022
31314 -850426.583427 0.000000 -3.531674 -0.498022
31187 -850426.583427 0.000000 -3.531674 -0.498022
37030 -850426.583427 0.000000 -3.531674 -0.498022
37410 -850426.583427 0.000000 -3.531674 -0.498022
43181 -850426.583427 0.000000 -3.531674 -0.498022
43277 -850426.583427 0.000000 -3.531674 -0.498022
1004 -850426.565677 0.000000 -3.513924 -0.480272
1474 -850426.565677 0.000000 -3.513924 -0.480272
7207 -850426.565677 0.000000 -3.513924 -0.480272
7483 -850426.565677 0.000000 -3.513924 -0.480272
13049 -850426.565677 0.000000 -3.513924 -0.480272
13412 -850426.565677 0.000000 -3.513924 -0.480272
19186 -850426.565677 0.000000 -3.513924 -0.480272
19317 -850426.565677 0.000000 -3.513924 -0.480272
24890 -850426.565677 0.000000 -3.513924 -0.480272
25389 -850426.565677 0.000000 -3.513924 -0.480272
126472 -850426.565677 0.000000 -3.513924 -0.480272
31214 -850426.565677 0.000000 -3.513924 -0.480272
36893 -850426.565677 0.000000 -3.513924 -0.480272
37315 -850426.565677 0.000000 -3.513924 -0.480272
37369 -850426.565677 0.000000 -3.513924 -0.480272
43214 -850426.565677 0.000000 -3.513924 -0.480272
43367 -850426.565677 0.000000 -3.513924 -0.480271
1328 -850426.538188 0.000000 -3.486435 -0.452783
1404 -850426.538188 0.000000 -3.486435 -0.452783
7245 -850426.538188 0.000000 -3.486435 -0.452783
7473 -850426.538188 0.000000 -3.486435 -0.452783
13342 -850426.538188 0.000000 -3.486435 -0.452783
13424 -850426.538188 0.000000 -3.486435 -0.452783
19073 -850426.538188 0.000000 -3.486435 -0.452783
19450 -850426.538188 0.000000 -3.486435 -0.452783
24936 -850426.538188 0.000000 -3.486435 -0.452783
25331 -850426.538188 0.000000 -3.486435 -0.452783
31114 -850426.538188 0.000000 -3.486435 -0.452783
31386 -850426.538188 0.000000 -3.486435 -0.452783
36728 -850426.538188 0.000000 -3.486435 -0.452783
37341 -850426.538188 0.000000 -3.486435 -0.452783
42914 -850426.538188 0.000000 -3.486435 -0.452783
43094 -850426.538188 0.000000 -3.486435 -0.452783
43092 -850426.538188 0.000000 -3.486435 -0.452783
696 -850426.687565 0.000000 -3.635812 -0.602160
1355 -850426.687565 0.000000 -3.635812 -0.602160
1291 -850426.687565 0.000000 -3.635812 -0.602160
102839 -850426.687565 0.000000 -3.635812 -0.602160
7476 -850426.687565 0.000000 -3.635812 -0.602160
13261 -850426.687565 0.000000 -3.635812 -0.602160
13314 -850426.687565 0.000000 -3.635812 -0.602160
19110 -850426.687565 0.000000 -3.635812 -0.602160
19420 -850426.687565 0.000000 -3.635812 -0.602160
25241 -850426.687565 0.000000 -3.635812 -0.602160
25344 -850426.687565 0.000000 -3.635812 -0.602160
30970 -850426.687565 0.000000 -3.635812 -0.602160
31403 -850426.687565 0.000000 -3.635812 -0.602160
37120 -850426.687565 0.000000 -3.635812 -0.602160
37252 -850426.687565 0.000000 -3.635812 -0.602160
42967 -850426.687565 0.000000 -3.635812 -0.602160
43335 -850426.687565 0.000000 -3.635812 -0.602160
1102 -850426.622687 0.000000 -3.570934 -0.537282
1242 -850426.622687 0.000000 -3.570934 -0.537282
6980 -850426.622687 0.000000 -3.570934 -0.537282
7373 -850426.622687 0.000000 -3.570934 -0.537282
13137 -850426.622687 0.000000 -3.570934 -0.537282
13290 -850426.622687 0.000000 -3.570934 -0.537282
13467 -850426.622687 0.000000 -3.570934 -0.537282
19368 -850426.622687 0.000000 -3.570934 -0.537282
19425 -850426.622687 0.000000 -3.570934 -0.537282
25135 -850426.622687 0.000000 -3.570934 -0.537282
25210 -850426.622687 0.000000 -3.570934 -0.537282
31001 -850426.622687 0.000000 -3.570934 -0.537282
31353 -850426.622687 0.000000 -3.570934 -0.537282
37164 -850426.622687 0.000000 -3.570934 -0.537282
37390 -850426.622687 0.000000 -3.570934 -0.537282
42804 -850426.622687 0.000000 -3.570934 -0.537282
43354 -850426.622687 0.000000 -3.570934 -0.537282
1147 -850426.630088 0.000000 -3.578335 -0.544683
1464 -850426.630088 0.000000 -3.578335 -0.544683
6769 -850426.630088 0.000000 -3.578335 -0.544682
7394 -850426.630088 0.000000 -3.578335 -0.544683
13003 -850426.630088 0.000000 -3.578335 -0.544683
13434 -850426.630088 0.000000 -3.578335 -0.544683
18810 -850426.630088 0.000000 -3.578335 -0.544683
19295 -850426.630088 0.000000 -3.578335 -0.544683
19026 -850426.630088 0.000000 -3.578335 -0.544683
25168 -850426.630088 0.000000 -3.578335 -0.544683
25425 -850426.630088 0.000000 -3.578335 -0.544683
31281 -850426.630088 0.000000 -3.578335 -0.544682
31362 -850426.630088 0.000000 -3.578335 -0.544683
37029 -850426.630088 0.000000 -3.578335 -0.544683
37401 -850426.630088 0.000000 -3.578335 -0.544683
43180 -850426.630088 0.000000 -3.578335 -0.544683
43276 -850426.630088 0.000000 -3.578335 -0.544683
994 -850426.571240 0.000000 -3.519487 -0.485835
1477 -850426.571240 0.000000 -3.519487 -0.485835
7165 -850426.571240 0.000000 -3.519487 -0.485835
7284 -850426.571240 0.000000 -3.519487 -0.485835
13052 -850426.571240 0.000000 -3.519487 -0.485835
13396 -850426.571240 0.000000 -3.519487 -0.485835
19188 -850426.571240 0.000000 -3.519487 -0.485835
19320 -850426.571240 0.000000 -3.519487 -0.485835
24840 -850426.571240 0.000000 -3.519487 -0.485835
25392 -850426.571240 0.000000 -3.519487 -0.485835
30697 -850426.571240 0.000000 -3.519487 -0.485835
31188 -850426.571240 0.000000 -3.519487 -0.485835
30923 -850426.571240 0.000000 -3.519487 -0.485835
37285 -850426.571240 0.000000 -3.519487 -0.485835
37367 -850426.571240 0.000000 -3.519487 -0.485835
43217 -850426.571240 0.000000 -3.519487 -0.485835
43393 -850426.571240 0.000000 -3.519487 -0.485835
1358 -850426.537294 0.000000 -3.485541 -0.451889
1326 -850426.537294 0.000000 -3.485541 -0.451889
7053 -850426.537294 0.000000 -3.485541 -0.451889
7479 -850426.537294 0.000000 -3.485541 -0.451889
13227 -850426.537294 0.000000 -3.485541 -0.451889
13226 -850426.537294 0.000000 -3.485541 -0.451889
19113 -850426.537294 0.000000 -3.485541 -0.451889
19410 -850426.537294 0.000000 -3.485541 -0.451889
25243 -850426.537294 0.000000 -3.485541 -0.451889
25347 -850426.537294 0.000000 -3.485540 -0.451888
30924 -850426.537294 0.000000 -3.485541 -0.451889
31406 -850426.537294 0.000000 -3.485541 -0.451889
36767 -850426.537294 0.000000 -3.485541 -0.451889
37230 -850426.537294 0.000000 -3.485541 -0.451889
42970 -850426.537294 0.000000 -3.485541 -0.451889
43311 -850426.537294 0.000000 -3.485540 -0.451888
43368 -850426.537294 0.000000 -3.485541 -0.451889
1327 -850426.512050 0.000000 -3.460297 -0.426645
1403 -850426.512050 0.000000 -3.460297 -0.426645
7206 -850426.512050 0.000000 -3.460297 -0.426645
7472 -850426.512050 0.000000 -3.460297 -0.426645
12830 -850426.512050 0.000000 -3.460297 -0.426645
13411 -850426.512050 0.000000 -3.460297 -0.426645
19072 -850426.512050 0.000000 -3.460297 -0.426645
19435 -850426.512050 0.000000 -3.460297 -0.426645
24889 -850426.512050 0.000000 -3.460297 -0.426645
25330 -850426.512050 0.000000 -3.460297 -0.426645
31064 -850426.512050 0.000000 -3.460297 -0.426645
31213 -850426.512050 0.000000 -3.460297 -0.426645
36727 -850426.512050 0.000000 -3.460297 -0.426645
37314 -850426.512050 0.000000 -3.460297 -0.426645
36726 -850426.512050 0.000000 -3.460297 -0.426645
43093 -850426.512050 0.000000 -3.460297 -0.426645
43392 -850426.512050 0.000000 -3.460297 -0.426645
1101 -850426.608435 0.000000 -3.556682 -0.523030
1241 -850426.608435 0.000000 -3.556682 -0.523030
6927 -850426.608435 0.000000 -3.556682 -0.523030
7372 -850426.608435 0.000000 -3.556682 -0.523030
7422 -850426.608435 0.000000 -3.556682 -0.523030
13260 -850426.608434 0.000000 -3.556681 -0.523029
13466 -850426.608435 0.000000 -3.556682 -0.523030
19344 -850426.608435 0.000000 -3.556681 -0.523029
19419 -850426.608435 0.000000 -3.556682 -0.523030
25134 -850426.608435 0.000000 -3.556682 -0.523030
25436 -850426.608435 0.000000 -3.556682 -0.523030
30969 -850426.608435 0.000000 -3.556682 -0.523030
31352 -850426.608435 0.000000 -3.556682 -0.523030
37119 -850426.608435 0.000000 -3.556682 -0.523030
133029 -850426.608435 0.000000 -3.556682 -0.523030
42803 -850426.608435 0.000000 -3.556682 -0.523030
43334 -850426.608435 0.000000 -3.556682 -0.523030
1971 -850426.611975 0.000000 -3.560222 -0.526570
1526 -850426.611975 0.000000 -3.560222 -0.526570
8082 -850426.611975 0.000000 -3.560222 -0.526570
7646 -850426.611975 0.000000 -3.560222 -0.526570
13870 -850426.611975 0.000000 -3.560222 -0.526570
13726 -850426.611975 0.000000 -3.560222 -0.526570
13491 -850426.611975 0.000000 -3.560222 -0.526570
19577 -850426.611975 0.000000 -3.560222 -0.526570
19459 -850426.611975 0.000000 -3.560222 -0.526570
25830 -850426.611975 0.000000 -3.560222 -0.526570
25452 -850426.611975 0.000000 -3.560222 -0.526570
31656 -850426.611975 0.000000 -3.560222 -0.526570
31561 -850426.611975 0.000000 -3.560222 -0.526570
37730 -850426.611975 0.000000 -3.560222 -0.526570
37452 -850426.611975 0.000000 -3.560222 -0.526570
43584 -850426.611975 0.000000 -3.560222 -0.526570
43483 -850426.611975 0.000000 -3.560222 -0.526570
1925 -850426.590720 0.000000 -3.538967 -0.505315
1561 -850426.590720 0.000000 -3.538967 -0.505315
7755 -850426.590720 0.000000 -3.538967 -0.505315
7624 -850426.590720 0.000000 -3.538967 -0.505315
14025 -850426.590720 0.000000 -3.538967 -0.505315
13529 -850426.590720 0.000000 -3.538967 -0.505315
20192 -850426.590720 0.000000 -3.538967 -0.505315
19679 -850426.590720 0.000000 -3.538967 -0.505315
19457 -850426.590720 0.000000 -3.538967 -0.505315
25544 -850426.590720 0.000000 -3.538967 -0.505315
25494 -850426.590720 0.000000 -3.538967 -0.505315
31622 -850426.590720 0.000000 -3.538967 -0.505315
31434 -850426.590720 0.000000 -3.538967 -0.505315
37910 -850426.590720 0.000000 -3.538967 -0.505315
37442 -850426.590720 0.000000 -3.538967 -0.505315
43679 -850426.590720 0.000000 -3.538967 -0.505315
43407 -850426.590720 0.000000 -3.538967 -0.505315
1636 -850426.806207 0.000000 -3.754454 -0.720802
1551 -850426.806207 0.000000 -3.754454 -0.720802
7875 -850426.806207 0.000000 -3.754454 -0.720802
7499 -850426.806207 0.000000 -3.754454 -0.720802
13981 -850426.806207 0.000000 -3.754454 -0.720802
13591 -850426.806207 0.000000 -3.754454 -0.720802
19782 -850426.806207 0.000000 -3.754454 -0.720802
19505 -850426.806207 0.000000 -3.754454 -0.720802
26132 -850426.806207 0.000000 -3.754454 -0.720802
25522 -850426.806207 0.000000 -3.754454 -0.720802
31916 -850426.806207 0.000000 -3.754454 -0.720802
31740 -850426.806207 0.000000 -3.754454 -0.720802
31433 -850426.806207 0.000000 -3.754454 -0.720802
37585 -850426.806207 0.000000 -3.754454 -0.720802
37510 -850426.806207 0.000000 -3.754454 -0.720802
43645 -850426.806207 0.000000 -3.754454 -0.720802
43419 -850426.806207 0.000000 -3.754454 -0.720802
1719 -850426.862015 0.000000 -3.810262 -0.776610
1503 -850426.862015 0.000000 -3.810262 -0.776610
7835 -850426.862015 0.000000 -3.810262 -0.776610
7527 -850426.862015 0.000000 -3.810262 -0.776610
13676 -850426.862015 0.000000 -3.810262 -0.776610
13577 -850426.862015 0.000000 -3.810262 -0.776610
19919 -850426.862015 0.000000 -3.810262 -0.776610
19487 -850426.862015 0.000000 -3.810262 -0.776610
25734 -850426.862015 0.000000 -3.810262 -0.776610
25605 -850426.862015 0.000000 -3.810262 -0.776610
31862 -850426.862015 0.000000 -3.810262 -0.776610
31498 -850426.862015 0.000000 -3.810262 -0.776610
38217 -850426.862015 0.000000 -3.810262 -0.776610
37555 -850426.862015 0.000000 -3.810262 -0.776610
37415 -850426.862015 0.000000 -3.810262 -0.776610
43826 -850426.862015 0.000000 -3.810262 -0.776610
43413 -850426.862015 0.000000 -3.810262 -0.776610
1497 -850426.880505 0.000000 -3.828751 -0.795099
1498 -850426.880505 0.000000 -3.828751 -0.795099
7485 -850426.880505 0.000000 -3.828752 -0.795099
7486 -850426.880505 0.000000 -3.828751 -0.795099
13470 -850426.880505 0.000000 -3.828752 -0.795099
13471 -850426.880505 0.000000 -3.828751 -0.795099
19454 -850426.880505 0.000000 -3.828751 -0.795099
19455 -850426.880505 0.000000 -3.828752 -0.795099
25441 -850426.880505 0.000000 -3.828751 -0.795099
25442 -850426.880505 0.000000 -3.828752 -0.795099
31428 -850426.880505 0.000000 -3.828752 -0.795099
31429 -850426.880505 0.000000 -3.828752 -0.795099
37412 -850426.880505 0.000000 -3.828751 -0.795099
37413 -850426.880505 0.000000 -3.828751 -0.795099
43398 -850426.880505 0.000000 -3.828752 -0.795100
43399 -850426.880505 0.000000 -3.828751 -0.795099
49385 -850426.880505 0.000000 -3.828751 -0.795099
1150 -850426.832664 0.000000 -3.780911 -0.747259
1446 -850426.832664 0.000000 -3.780911 -0.747259
6756 -850426.832664 0.000000 -3.780911 -0.747259
7397 -850426.832664 0.000000 -3.780911 -0.747259
12949 -850426.832664 0.000000 -3.780911 -0.747259
13108 -850426.832664 0.000000 -3.780911 -0.747259
13468 -850426.832664 0.000000 -3.780911 -0.747259
19265 -850426.832664 0.000000 -3.780911 -0.747259
114365 -850426.832664 0.000000 -3.780911 -0.747259
25171 -850426.832664 0.000000 -3.780911 -0.747259
25421 -850426.832664 0.000000 -3.780911 -0.747259
31284 -850426.832664 0.000000 -3.780911 -0.747259
31365 -850426.832664 0.000000 -3.780911 -0.747259
36991 -850426.832664 0.000000 -3.780911 -0.747259
37404 -850426.832664 0.000000 -3.780911 -0.747259
138916 -850426.832664 0.000000 -3.780911 -0.747259
43266 -850426.832664 0.000000 -3.780911 -0.747259
2193 -850426.741048 0.000000 -3.689294 -0.655642
1581 -850426.741048 0.000000 -3.689295 -0.655642
7975 -850426.741048 0.000000 -3.689295 -0.655642
7803 -850426.741048 0.000000 -3.689295 -0.655642
7488 -850426.741048 0.000000 -3.689295 -0.655643
13643 -850426.741048 0.000000 -3.689295 -0.655643
13573 -850426.741048 0.000000 -3.689295 -0.655643
19709 -850426.741048 0.000000 -3.689295 -0.655642
19477 -850426.741048 0.000000 -3.689295 -0.655642
25575 -850426.741048 0.000000 -3.689295 -0.655643
25498 -850426.741048 0.000000 -3.689295 -0.655642
31816 -850426.741048 0.000000 -3.689294 -0.655642
31442 -850426.741048 0.000000 -3.689295 -0.655643
37922 -850426.741048 0.000000 -3.689295 -0.655643
37533 -850426.741048 0.000000 -3.689295 -0.655642
43723 -850426.741048 0.000000 -3.689295 -0.655642
139232 -850426.741048 0.000000 -3.689295 -0.655643
97571 -850426.791659 0.000000 -3.739906 -0.706254
1669 -850426.791659 0.000000 -3.739906 -0.706254
7923 -850426.791659 0.000000 -3.739906 -0.706254
7553 -850426.791659 0.000000 -3.739906 -0.706254
14271 -850426.791659 0.000000 -3.739906 -0.706254
13613 -850426.791659 0.000000 -3.739906 -0.706254
20017 -850426.791659 0.000000 -3.739906 -0.706254
19882 -850426.791659 0.000000 -3.739906 -0.706254
19471 -850426.791659 0.000000 -3.739906 -0.706254
25655 -850426.791659 0.000000 -3.739906 -0.706254
25444 -850426.791659 0.000000 -3.739906 -0.706254
31774 -850426.791659 0.000000 -3.739906 -0.706254
31467 -850426.791659 0.000000 -3.739906 -0.706254
37622 -850426.791659 0.000000 -3.739906 -0.706254
37515 -850426.791659 0.000000 -3.739906 -0.706254
43864 -850426.791659 0.000000 -3.739906 -0.706254
43433 -850426.791659 0.000000 -3.739906 -0.706254
1755 -850426.851459 0.000000 -3.799706 -0.766054
1884 -850426.900312 0.000000 -3.848559 -0.814907
1527 -850426.851459 0.000000 -3.799706 -0.766054
1514 -850426.900312 0.000000 -3.848559 -0.814907
8083 -850426.851459 0.000000 -3.799706 -0.766054
7711 -850426.900312 0.000000 -3.848559 -0.814907
7539 -850426.851459 0.000000 -3.799706 -0.766053
7611 -850426.900312 0.000000 -3.848559 -0.814907
13871 -850426.851459 0.000000 -3.799706 -0.766054
13821 -850426.900312 0.000000 -3.848559 -0.814907
13727 -850426.851459 0.000000 -3.799706 -0.766054
13508 -850426.900312 0.000000 -3.848559 -0.814907
19967 -850426.851459 0.000000 -3.799706 -0.766054
20178 -850426.900312 0.000000 -3.848559 -0.814907
19578 -850426.851459 0.000000 -3.799706 -0.766054
19552 -850426.900312 0.000000 -3.848559 -0.814907
121563 -850426.851459 0.000000 -3.799706 -0.766054
25915 -850426.900312 0.000000 -3.848559 -0.814907
25629 -850426.851459 0.000000 -3.799706 -0.766053
121265 -850426.900312 0.000000 -3.848559 -0.814907
25453 -850426.851459 0.000000 -3.799705 -0.766053
32080 -850426.900312 0.000000 -3.848559 -0.814907
31525 -850426.851459 0.000000 -3.799706 -0.766054
31593 -850426.900312 0.000000 -3.848559 -0.814907
31465 -850426.851459 0.000000 -3.799706 -0.766054
31430 -850426.900312 0.000000 -3.848559 -0.814907
37731 -850426.851459 0.000000 -3.799706 -0.766054
37695 -850426.900312 0.000000 -3.848559 -0.814907
37419 -850426.851459 0.000000 -3.799706 -0.766054
37437 -850426.900312 0.000000 -3.848559 -0.814907
43836 -850426.851459 0.000000 -3.799706 -0.766054
43548 -850426.900312 0.000000 -3.848559 -0.814907
43484 -850426.851459 0.000000 -3.799706 -0.766053
43474 -850426.900312 0.000000 -3.848559 -0.814907
91289 -850426.978275 0.000000 -3.926522 -0.892870
97415 -850426.978276 0.000000 -3.926522 -0.892870
1552 -850426.978275 0.000000 -3.926522 -0.892870
7677 -850426.978275 0.000000 -3.926522 -0.892870
7500 -850426.978275 0.000000 -3.926522 -0.892870
13982 -850426.978276 0.000000 -3.926522 -0.892870
13498 -850426.978275 0.000000 -3.926522 -0.892870
19783 -850426.978275 0.000000 -3.926522 -0.892870
19669 -850426.978275 0.000000 -3.926522 -0.892870
25871 -850426.978275 0.000000 -3.926522 -0.892870
25523 -850426.978275 0.000000 -3.926522 -0.892870
31698 -850426.978275 0.000000 -3.926522 -0.892870
31575 -850426.978275 0.000000 -3.926522 -0.892870
38018 -850426.978275 0.000000 -3.926522 -0.892870
37471 -850426.978275 0.000000 -3.926522 -0.892870
44134 -850426.978275 0.000000 -3.926522 -0.892870
43646 -850426.978275 0.000000 -3.926522 -0.892870
2191 -850426.904787 0.000000 -3.853034 -0.819382
1604 -850426.904787 0.000000 -3.853034 -0.819382
1499 -850426.904787 0.000000 -3.853034 -0.819382
7800 -850426.904787 0.000000 -3.853034 -0.819382
7490 -850426.904787 0.000000 -3.853034 -0.819382
13640 -850426.904787 0.000000 -3.853034 -0.819382
13572 -850426.904787 0.000000 -3.853034 -0.819382
19741 -850426.904787 0.000000 -3.853034 -0.819382
19474 -850426.904787 0.000000 -3.853034 -0.819382
26083 -850426.904787 0.000000 -3.853034 -0.819382
25505 -850426.904787 0.000000 -3.853034 -0.819382
31813 -850426.904787 0.000000 -3.853034 -0.819382
31452 -850426.904787 0.000000 -3.853034 -0.819382
37965 -850426.904787 0.000000 -3.853034 -0.819382
37530 -850426.904787 0.000000 -3.853034 -0.819382
43769 -850426.904787 0.000000 -3.853034 -0.819382
43616 -850426.904787 0.000000 -3.853034 -0.819382
2154 -850426.980860 0.000000 -3.929107 -0.895455
1693 -850426.980860 0.000000 -3.929107 -0.895455
7924 -850426.980860 0.000000 -3.929107 -0.895455
7578 -850426.980860 0.000000 -3.929107 -0.895455
14298 -850426.980861 0.000000 -3.929107 -0.895455
13614 -850426.980860 0.000000 -3.929107 -0.895455
13476 -850426.980860 0.000000 -3.929107 -0.895455
19891 -850426.980860 0.000000 -3.929107 -0.895455
19472 -850426.980860 0.000000 -3.929107 -0.895455
25693 -850426.980860 0.000000 -3.929107 -0.895455
121223 -850426.980860 0.000000 -3.929107 -0.895455
31775 -850426.980860 0.000000 -3.929107 -0.895455
31481 -850426.980860 0.000000 -3.929107 -0.895455
37623 -850426.980860 0.000000 -3.929107 -0.895455
37516 -850426.980860 0.000000 -3.929107 -0.895455
43912 -850426.980860 0.000000 -3.929107 -0.895455
43434 -850426.980860 0.000000 -3.929107 -0.895455
1794 -850427.067743 0.000000 -4.015990 -0.982338
1670 -850427.067743 0.000000 -4.015990 -0.982338
8080 -850427.067743 0.000000 -4.015990 -0.982338
7554 -850427.067743 0.000000 -4.015990 -0.982338
13868 -850427.067743 0.000000 -4.015990 -0.982338
13725 -850427.067743 0.000000 -4.015990 -0.982338
20018 -850427.067743 0.000000 -4.015989 -0.982337
19575 -850427.067743 0.000000 -4.015990 -0.982338
19524 -850427.067743 0.000000 -4.015990 -0.982338
25656 -850427.067743 0.000000 -4.015990 -0.982338
25450 -850427.067743 0.000000 -4.015990 -0.982338
31548 -850427.067743 0.000000 -4.015990 -0.982338
31468 -850427.067743 0.000000 -4.015990 -0.982338
37728 -850427.067743 0.000000 -4.015990 -0.982338
37425 -850427.067743 0.000000 -4.015990 -0.982338
43865 -850427.067743 0.000000 -4.015990 -0.982338
43481 -850427.067743 0.000000 -4.015990 -0.982337
1926 -850427.168945 0.000000 -4.117192 -1.083540
1515 -850427.168945 0.000000 -4.117192 -1.083540
103534 -850427.168945 0.000000 -4.117192 -1.083540
7625 -850427.168945 0.000000 -4.117192 -1.083540
13822 -850427.168945 0.000000 -4.117192 -1.083540
13530 -850427.168945 0.000000 -4.117192 -1.083540
20193 -850427.168945 0.000000 -4.117192 -1.083540
19553 -850427.168945 0.000000 -4.117192 -1.083540
25969 -850427.168945 0.000000 -4.117192 -1.083540
25814 -850427.168945 0.000000 -4.117192 -1.083540
25449 -850427.168945 0.000000 -4.117192 -1.083540
31623 -850427.168945 0.000000 -4.117192 -1.083540
31431 -850427.168945 0.000000 -4.117192 -1.083540
37696 -850427.168945 0.000000 -4.117192 -1.083540
37443 -850427.168945 0.000000 -4.117192 -1.083540
43549 -850427.168945 0.000000 -4.117192 -1.083540
43475 -850427.168945 0.000000 -4.117192 -1.083540
1885 -850427.149426 0.000000 -4.097673 -1.064021
1549 -850427.149426 0.000000 -4.097673 -1.064021
7712 -850427.149426 0.000000 -4.097673 -1.064021
7497 -850427.149426 0.000000 -4.097673 -1.064021
13979 -850427.149426 0.000000 -4.097673 -1.064021
13509 -850427.149426 0.000000 -4.097673 -1.064021
19780 -850427.149426 0.000000 -4.097673 -1.064021
19668 -850427.149426 0.000000 -4.097673 -1.064021
25916 -850427.149426 0.000000 -4.097673 -1.064021
25520 -850427.149426 0.000000 -4.097673 -1.064021
32298 -850427.149426 0.000000 -4.097673 -1.064021
31594 -850427.149426 0.000000 -4.097673 -1.064021
38016 -850427.149426 0.000000 -4.097673 -1.064021
37493 -850427.149426 0.000000 -4.097673 -1.064021
37438 -850427.149426 0.000000 -4.097673 -1.064021
43643 -850427.149426 0.000000 -4.097673 -1.064021
43401 -850427.149426 0.000000 -4.097673 -1.064021
91303 -850427.127479 0.000000 -4.075726 -1.042074
1605 -850427.127479 0.000000 -4.075726 -1.042074
1547 -850427.127479 0.000000 -4.075726 -1.042074
7836 -850427.127479 0.000000 -4.075726 -1.042074
7491 -850427.127479 0.000000 -4.075726 -1.042074
13677 -850427.127479 0.000000 -4.075726 -1.042074
13578 -850427.127479 0.000000 -4.075726 -1.042074
19742 -850427.127479 0.000000 -4.075726 -1.042074
19488 -850427.127479 0.000000 -4.075726 -1.042074
26095 -850427.127479 0.000000 -4.075726 -1.042074
25506 -850427.127479 0.000000 -4.075726 -1.042074
31863 -850427.127479 0.000000 -4.075726 -1.042074
127231 -850427.127479 0.000000 -4.075726 -1.042074
37966 -850427.127479 0.000000 -4.075726 -1.042074
37556 -850427.127479 0.000000 -4.075726 -1.042074
43770 -850427.127479 0.000000 -4.075726 -1.042074
43617 -850427.127479 0.000000 -4.075726 -1.042074
1795 -850426.905430 0.000000 -3.853677 -0.820025
1671 -850426.905430 0.000000 -3.853677 -0.820025
8133 -850426.905430 0.000000 -3.853677 -0.820025
7555 -850426.905430 0.000000 -3.853677 -0.820025
109702 -850426.905430 0.000000 -3.853677 -0.820025
13747 -850426.905430 0.000000 -3.853677 -0.820025
13473 -850426.905430 0.000000 -3.853677 -0.820025
19608 -850426.905430 0.000000 -3.853677 -0.820025
19526 -850426.905430 0.000000 -3.853677 -0.820025
25657 -850426.905430 0.000000 -3.853677 -0.820025
25459 -850426.905430 0.000000 -3.853677 -0.820025
32007 -850426.905430 0.000000 -3.853677 -0.820025
31469 -850426.905430 0.000000 -3.853677 -0.820025
37771 -850426.905430 0.000000 -3.853677 -0.820025
37426 -850426.905430 0.000000 -3.853677 -0.820025
43866 -850426.905430 0.000000 -3.853677 -0.820025
43498 -850426.905430 0.000000 -3.853677 -0.820025
91300 -850427.637727 0.000000 -4.585974 -1.552321
1720 -850427.637727 0.000000 -4.585973 -1.552321
1501 -850427.637727 0.000000 -4.585974 -1.552322
7802 -850427.637727 0.000000 -4.585974 -1.552322
7528 -850427.637727 0.000000 -4.585973 -1.552321
13642 -850427.637727 0.000000 -4.585974 -1.552322
109259 -850427.637727 0.000000 -4.585973 -1.552321
19920 -850427.637727 0.000000 -4.585974 -1.552322
19476 -850427.637727 0.000000 -4.585973 -1.552321
25735 -850427.637727 0.000000 -4.585974 -1.552322
25606 -850427.637727 0.000000 -4.585974 -1.552322
31815 -850427.637727 0.000000 -4.585973 -1.552321
31499 -850427.637727 0.000000 -4.585974 -1.552321
38218 -850427.637727 0.000000 -4.585974 -1.552322
37532 -850427.637727 0.000000 -4.585974 -1.552321
43963 -850427.637727 0.000000 -4.585973 -1.552321
43453 -850427.637727 0.000000 -4.585973 -1.552321
1841 -850427.691840 0.000000 -4.640087 -1.606435
1924 -850427.343411 0.000000 -4.291658 -1.258006
1692 -850427.691840 0.000000 -4.640087 -1.606435
1525 -850427.343411 0.000000 -4.291658 -1.258006
8132 -850427.691840 0.000000 -4.640087 -1.606435
8081 -850427.343411 0.000000 -4.291658 -1.258006
7577 -850427.691840 0.000000 -4.640087 -1.606435
7623 -850427.343411 0.000000 -4.291658 -1.258006
7525 -850427.691840 0.000000 -4.640087 -1.606435
13869 -850427.343411 0.000000 -4.291658 -1.258006
13746 -850427.691840 0.000000 -4.640087 -1.606435
13528 -850427.343411 0.000000 -4.291658 -1.258006
13475 -850427.691840 0.000000 -4.640087 -1.606435
20191 -850427.343411 0.000000 -4.291658 -1.258006
115385 -850427.691840 0.000000 -4.640087 -1.606435
19576 -850427.343411 0.000000 -4.291658 -1.258006
19525 -850427.691840 0.000000 -4.640087 -1.606435
19456 -850427.343411 0.000000 -4.291658 -1.258006
25692 -850427.691840 0.000000 -4.640087 -1.606435
25813 -850427.343411 0.000000 -4.291658 -1.258006
25458 -850427.691840 0.000000 -4.640087 -1.606435
25451 -850427.343411 0.000000 -4.291658 -1.258006
32006 -850427.691840 0.000000 -4.640087 -1.606435
31621 -850427.343411 0.000000 -4.291658 -1.258006
31480 -850427.691840 0.000000 -4.640087 -1.606435
31558 -850427.343411 0.000000 -4.291658 -1.258006
37770 -850427.691840 0.000000 -4.640087 -1.606435
37729 -850427.343411 0.000000 -4.291658 -1.258006
37668 -850427.691840 0.000000 -4.640087 -1.606435
37441 -850427.343411 0.000000 -4.291658 -1.258006
43911 -850427.691840 0.000000 -4.640087 -1.606435
43583 -850427.343411 0.000000 -4.291658 -1.258006
43497 -850427.691840 0.000000 -4.640087 -1.606435
43482 -850427.343411 0.000000 -4.291658 -1.258006
1886 -850427.379907 0.000000 -4.328154 -1.294502
1562 -850427.379907 0.000000 -4.328154 -1.294502
7713 -850427.379907 0.000000 -4.328154 -1.294502
7612 -850427.379907 0.000000 -4.328154 -1.294502
14026 -850427.379907 0.000000 -4.328154 -1.294502
13510 -850427.379907 0.000000 -4.328154 -1.294502
19828 -850427.379907 0.000000 -4.328154 -1.294502
19680 -850427.379907 0.000000 -4.328154 -1.294502
25917 -850427.379907 0.000000 -4.328154 -1.294502
25545 -850427.379907 0.000000 -4.328154 -1.294502
32312 -850427.379907 0.000000 -4.328154 -1.294502
31595 -850427.379907 0.000000 -4.328154 -1.294502
31435 -850427.379907 0.000000 -4.328154 -1.294502
133272 -850427.379907 0.000000 -4.328154 -1.294502
37439 -850427.379907 0.000000 -4.328154 -1.294502
43680 -850427.379907 0.000000 -4.328154 -1.294502
43402 -850427.379907 0.000000 -4.328154 -1.294502
1635 -850427.361485 0.000000 -4.309732 -1.276080
1550 -850427.361485 0.000000 -4.309732 -1.276080
7834 -850427.361485 0.000000 -4.309732 -1.276080
7498 -850427.361485 0.000000 -4.309732 -1.276080
13980 -850427.361485 0.000000 -4.309732 -1.276080
13576 -850427.361485 0.000000 -4.309732 -1.276080
19781 -850427.361485 0.000000 -4.309732 -1.276080
19486 -850427.361485 0.000000 -4.309732 -1.276080
26094 -850427.361485 0.000000 -4.309732 -1.276080
25521 -850427.361485 0.000000 -4.309732 -1.276080
31861 -850427.361485 0.000000 -4.309732 -1.276080
31733 -850427.361485 0.000000 -4.309732 -1.276080
38017 -850427.361485 0.000000 -4.309732 -1.276080
37554 -850427.361485 0.000000 -4.309732 -1.276080
37414 -850427.361485 0.000000 -4.309732 -1.276080
43644 -850427.361485 0.000000 -4.309732 -1.276080
43412 -850427.361485 0.000000 -4.309732 -1.276080
2192 -850426.691946 0.000000 -3.640193 -0.606541
1691 -850426.691947 0.000000 -3.640194 -0.606542
1500 -850426.691947 0.000000 -3.640194 -0.606542
7801 -850426.691947 0.000000 -3.640194 -0.606542
7524 -850426.691947 0.000000 -3.640194 -0.606542
13641 -850426.691947 0.000000 -3.640194 -0.606542
13474 -850426.691946 0.000000 -3.640193 -0.606541
19890 -850426.691947 0.000000 -3.640193 -0.606541
19475 -850426.691947 0.000000 -3.640193 -0.606541
25691 -850426.691947 0.000000 -3.640194 -0.606542
25601 -850426.691947 0.000000 -3.640194 -0.606542
31814 -850426.691946 0.000000 -3.640193 -0.606541
31479 -850426.691947 0.000000 -3.640194 -0.606542
133433 -850426.691946 0.000000 -3.640193 -0.606541
37531 -850426.691947 0.000000 -3.640194 -0.606542
43910 -850426.691947 0.000000 -3.640194 -0.606542
43452 -850426.691947 0.000000 -3.640193 -0.606541
1754 -850427.681912 0.000000 -4.630159 -1.596507
1887 -850427.694508 0.000000 -4.642755 -1.609103
1513 -850427.681912 0.000000 -4.630159 -1.596507
1511 -850427.694508 0.000000 -4.642755 -1.609103
8059 -850427.681912 0.000000 -4.630159 -1.596506
7714 -850427.694507 0.000000 -4.642754 -1.609102
7538 -850427.681912 0.000000 -4.630159 -1.596507
7613 -850427.694507 0.000000 -4.642754 -1.609102
13820 -850427.681911 0.000000 -4.630158 -1.596506
13782 -850427.694508 0.000000 -4.642755 -1.609103
13720 -850427.681912 0.000000 -4.630158 -1.596506
13511 -850427.694508 0.000000 -4.642755 -1.609103
19966 -850427.681912 0.000000 -4.630159 -1.596507
115424 -850427.694508 0.000000 -4.642755 -1.609103
19551 -850427.681912 0.000000 -4.630159 -1.596507
19537 -850427.694507 0.000000 -4.642754 -1.609102
25784 -850427.681912 0.000000 -4.630159 -1.596506
25918 -850427.694507 0.000000 -4.642754 -1.609102
25628 -850427.681911 0.000000 -4.630158 -1.596506
25473 -850427.694508 0.000000 -4.642755 -1.609103
32079 -850427.681912 0.000000 -4.630159 -1.596507
32031 -850427.694508 0.000000 -4.642754 -1.609102
31524 -850427.681912 0.000000 -4.630159 -1.596507
31596 -850427.694507 0.000000 -4.642754 -1.609102
31464 -850427.681912 0.000000 -4.630159 -1.596507
37818 -850427.694508 0.000000 -4.642755 -1.609103
37694 -850427.681912 0.000000 -4.630159 -1.596507
37675 -850427.694508 0.000000 -4.642755 -1.609103
37418 -850427.681912 0.000000 -4.630159 -1.596507
44188 -850427.694508 0.000000 -4.642755 -1.609103
139325 -850427.681912 0.000000 -4.630159 -1.596507
43521 -850427.694507 0.000000 -4.642754 -1.609102
43473 -850427.681912 0.000000 -4.630159 -1.596506
43403 -850427.694508 0.000000 -4.642755 -1.609103
2024 -850426.506090 0.000000 -3.454337 -0.420685
1869 -850426.506090 0.000000 -3.454337 -0.420685
1510 -850426.506090 0.000000 -3.454337 -0.420685
7675 -850426.506090 0.000000 -3.454337 -0.420685
7609 -850426.506090 0.000000 -3.454337 -0.420685
13781 -850426.506090 0.000000 -3.454337 -0.420685
13496 -850426.506090 0.000000 -3.454337 -0.420685
19645 -850426.506091 0.000000 -3.454337 -0.420685
19536 -850426.506090 0.000000 -3.454337 -0.420685
25869 -850426.506090 0.000000 -3.454337 -0.420685
25472 -850426.506090 0.000000 -3.454337 -0.420685
32030 -850426.506090 0.000000 -3.454337 -0.420685
31573 -850426.506090 0.000000 -3.454337 -0.420685
37817 -850426.506090 0.000000 -3.454337 -0.420685
133247 -850426.506091 0.000000 -3.454337 -0.420685
44132 -850426.506090 0.000000 -3.454337 -0.420685
43520 -850426.506091 0.000000 -3.454337 -0.420685
1796 -850427.647967 0.000000 -4.596214 -1.562562
1672 -850427.647967 0.000000 -4.596214 -1.562562
7878 -850427.647967 0.000000 -4.596214 -1.562562
7556 -850427.647967 0.000000 -4.596214 -1.562562
14272 -850427.647966 0.000000 -4.596213 -1.562561
13594 -850427.647967 0.000000 -4.596214 -1.562562
20019 -850427.647966 0.000000 -4.596213 -1.562561
19507 -850427.647967 0.000000 -4.596214 -1.562561
26135 -850427.647966 0.000000 -4.596213 -1.562561
25658 -850427.647967 0.000000 -4.596214 -1.562562
25443 -850427.647967 0.000000 -4.596214 -1.562562
31743 -850427.647967 0.000000 -4.596214 -1.562562
31470 -850427.647967 0.000000 -4.596214 -1.562562
37588 -850427.647967 0.000000 -4.596214 -1.562562
133205 -850427.647967 0.000000 -4.596214 -1.562562
43867 -850427.647967 0.000000 -4.596214 -1.562562
43422 -850427.647967 0.000000 -4.596214 -1.562562
1723 -850426.544123 0.000000 -3.492370 -0.458718
1516 -850426.544124 0.000000 -3.492370 -0.458718
8060 -850426.544123 0.000000 -3.492370 -0.458718
7531 -850426.544123 0.000000 -3.492370 -0.458718
13823 -850426.544124 0.000000 -3.492371 -0.458718
13483 -850426.544123 0.000000 -3.492370 -0.458718
19923 -850426.544124 0.000000 -3.492370 -0.458718
19554 -850426.544124 0.000000 -3.492370 -0.458718
25738 -850426.544124 0.000000 -3.492371 -0.458719
25609 -850426.544123 0.000000 -3.492370 -0.458718
32081 -850426.544124 0.000000 -3.492371 -0.458719
31502 -850426.544123 0.000000 -3.492370 -0.458718
133646 -850426.544124 0.000000 -3.492370 -0.458718
37697 -850426.544123 0.000000 -3.492370 -0.458718
37416 -850426.544124 0.000000 -3.492371 -0.458719
43550 -850426.544124 0.000000 -3.492371 -0.458718
43476 -850426.544123 0.000000 -3.492370 -0.458718
2025 -850427.770124 0.000000 -4.718371 -1.684719
1603 -850427.770124 0.000000 -4.718371 -1.684719
1546 -850427.770124 0.000000 -4.718371 -1.684719
7676 -850427.770124 0.000000 -4.718371 -1.684719
7489 -850427.770123 0.000000 -4.718370 -1.684718
13969 -850427.770124 0.000000 -4.718371 -1.684719
13497 -850427.770124 0.000000 -4.718371 -1.684719
19740 -850427.770123 0.000000 -4.718370 -1.684718
115244 -850427.770124 0.000000 -4.718371 -1.684719
25870 -850427.770124 0.000000 -4.718371 -1.684719
25504 -850427.770124 0.000000 -4.718370 -1.684718
31697 -850427.770124 0.000000 -4.718371 -1.684719
31574 -850427.770124 0.000000 -4.718371 -1.684719
37964 -850427.770124 0.000000 -4.718371 -1.684719
37470 -850427.770124 0.000000 -4.718371 -1.684719
44133 -850427.770124 0.000000 -4.718371 -1.684719
43615 -850427.770123 0.000000 -4.718370 -1.684718
2153 -850427.570403 0.000000 -4.518650 -1.484998
1580 -850427.570403 0.000000 -4.518650 -1.484998
7922 -850427.570403 0.000000 -4.518650 -1.484998
7793 -850427.570403 0.000000 -4.518650 -1.484998
14078 -850427.570403 0.000000 -4.518650 -1.484998
13612 -850427.570403 0.000000 -4.518650 -1.484998
109250 -850427.570402 0.000000 -4.518649 -1.484997
19708 -850427.570403 0.000000 -4.518650 -1.484998
19470 -850427.570403 0.000000 -4.518650 -1.484998
25574 -850427.570402 0.000000 -4.518649 -1.484997
25497 -850427.570403 0.000000 -4.518650 -1.484998
31773 -850427.570403 0.000000 -4.518650 -1.484998
31441 -850427.570403 0.000000 -4.518650 -1.484998
37921 -850427.570402 0.000000 -4.518649 -1.484997
37514 -850427.570403 0.000000 -4.518650 -1.484998
43722 -850427.570403 0.000000 -4.518650 -1.484998
43432 -850427.570403 0.000000 -4.518650 -1.484998
2155 -850426.642335 0.000000 -3.590582 -0.556929
1753 -850426.614566 0.000000 -3.562813 -0.529161
1565 -850426.642335 0.000000 -3.590582 -0.556930
1665 -850426.614566 0.000000 -3.562813 -0.529161
7925 -850426.642335 0.000000 -3.590582 -0.556930
7877 -850426.614566 0.000000 -3.562813 -0.529161
103292 -850426.642334 0.000000 -3.590581 -0.556929
7537 -850426.614565 0.000000 -3.562812 -0.529160
14029 -850426.642335 0.000000 -3.590581 -0.556929
109486 -850426.614566 0.000000 -3.562813 -0.529161
13615 -850426.642335 0.000000 -3.590582 -0.556930
13593 -850426.614566 0.000000 -3.562813 -0.529161
19830 -850426.642334 0.000000 -3.590581 -0.556929
19965 -850426.614566 0.000000 -3.562813 -0.529161
19683 -850426.642334 0.000000 -3.590581 -0.556929
19506 -850426.614566 0.000000 -3.562813 -0.529161
26189 -850426.642335 0.000000 -3.590582 -0.556930
26134 -850426.614565 0.000000 -3.562812 -0.529160
25548 -850426.642335 0.000000 -3.590582 -0.556930
25627 -850426.614566 0.000000 -3.562813 -0.529161
25495 -850426.642335 0.000000 -3.590582 -0.556930
31918 -850426.614566 0.000000 -3.562813 -0.529161
31776 -850426.642335 0.000000 -3.590582 -0.556930
31742 -850426.614566 0.000000 -3.562813 -0.529161
31438 -850426.642335 0.000000 -3.590582 -0.556930
31463 -850426.614566 0.000000 -3.562813 -0.529161
37624 -850426.642335 0.000000 -3.590582 -0.556930
37587 -850426.614566 0.000000 -3.562813 -0.529161
37517 -850426.642335 0.000000 -3.590582 -0.556930
37417 -850426.614566 0.000000 -3.562813 -0.529161
43683 -850426.642334 0.000000 -3.590581 -0.556929
43835 -850426.614566 0.000000 -3.562813 -0.529161
43435 -850426.642335 0.000000 -3.590582 -0.556929
43421 -850426.614566 0.000000 -3.562813 -0.529161
1973 -850426.753769 0.000000 -3.702016 -0.668364
1579 -850426.753769 0.000000 -3.702016 -0.668364
8359 -850426.753769 0.000000 -3.702016 -0.668364
7648 -850426.753769 0.000000 -3.702016 -0.668364
14077 -850426.753769 0.000000 -3.702016 -0.668364
13555 -850426.753769 0.000000 -3.702016 -0.668364
13493 -850426.753769 0.000000 -3.702016 -0.668364
19707 -850426.753769 0.000000 -3.702016 -0.668364
19460 -850426.753769 0.000000 -3.702016 -0.668364
25832 -850426.753769 0.000000 -3.702016 -0.668364
25496 -850426.753769 0.000000 -3.702016 -0.668364
31658 -850426.753769 0.000000 -3.702016 -0.668364
127218 -850426.753769 0.000000 -3.702016 -0.668364
37920 -850426.753769 0.000000 -3.702016 -0.668364
37454 -850426.753769 0.000000 -3.702016 -0.668364
43721 -850426.753769 0.000000 -3.702016 -0.668364
43606 -850426.753769 0.000000 -3.702016 -0.668364
1974 -850427.042516 0.000000 -3.990763 -0.957111
1606 -850427.042516 0.000000 -3.990763 -0.957111
8373 -850427.042516 0.000000 -3.990763 -0.957111
7649 -850427.042516 0.000000 -3.990762 -0.957110
7492 -850427.042516 0.000000 -3.990763 -0.957111
109334 -850427.042516 0.000000 -3.990762 -0.957110
13494 -850427.042516 0.000000 -3.990763 -0.957111
19743 -850427.042516 0.000000 -3.990763 -0.957110
19461 -850427.042516 0.000000 -3.990763 -0.957110
25833 -850427.042515 0.000000 -3.990762 -0.957110
25507 -850427.042516 0.000000 -3.990763 -0.957111
31659 -850427.042516 0.000000 -3.990763 -0.957111
31563 -850427.042516 0.000000 -3.990763 -0.957111
37967 -850427.042516 0.000000 -3.990763 -0.957110
37455 -850427.042516 0.000000 -3.990763 -0.957111
43771 -850427.042515 0.000000 -3.990762 -0.957110
43618 -850427.042516 0.000000 -3.990763 -0.957111
2026 -850426.998423 0.000000 -3.946670 -0.913018
1870 -850426.998424 0.000000 -3.946670 -0.913018
8136 -850426.998424 0.000000 -3.946670 -0.913018
7678 -850426.998424 0.000000 -3.946670 -0.913018
7487 -850426.998424 0.000000 -3.946670 -0.913018
13750 -850426.998423 0.000000 -3.946670 -0.913018
13499 -850426.998423 0.000000 -3.946670 -0.913018
19611 -850426.998423 0.000000 -3.946670 -0.913018
19529 -850426.998424 0.000000 -3.946670 -0.913018
25872 -850426.998424 0.000000 -3.946670 -0.913018
25462 -850426.998423 0.000000 -3.946670 -0.913018
127477 -850426.998424 0.000000 -3.946670 -0.913018
31576 -850426.998424 0.000000 -3.946670 -0.913018
37774 -850426.998424 0.000000 -3.946670 -0.913018
37472 -850426.998424 0.000000 -3.946670 -0.913018
44135 -850426.998424 0.000000 -3.946670 -0.913018
43501 -850426.998423 0.000000 -3.946670 -0.913018
2445 -850427.099490 0.000000 -4.047737 -1.014085
1722 -850427.099490 0.000000 -4.047737 -1.014085
1509 -850427.099490 0.000000 -4.047737 -1.014085
7600 -850427.099490 0.000000 -4.047737 -1.014085
7530 -850427.099490 0.000000 -4.047737 -1.014085
13780 -850427.099490 0.000000 -4.047737 -1.014085
13482 -850427.099490 0.000000 -4.047737 -1.014085
19922 -850427.099490 0.000000 -4.047737 -1.014085
19535 -850427.099490 0.000000 -4.047737 -1.014085
25737 -850427.099490 0.000000 -4.047737 -1.014085
25608 -850427.099490 0.000000 -4.047737 -1.014085
32029 -850427.099490 0.000000 -4.047737 -1.014085
31501 -850427.099490 0.000000 -4.047737 -1.014085
37816 -850427.099490 0.000000 -4.047737 -1.014085
37674 -850427.099490 0.000000 -4.047737 -1.014085
43965 -850427.099490 0.000000 -4.047737 -1.014085
43519 -850427.099490 0.000000 -4.047737 -1.014085
1756 -850427.076665 0.000000 -4.024912 -0.991260
97283 -850427.076665 0.000000 -4.024912 -0.991260
7839 -850427.076665 0.000000 -4.024912 -0.991260
7540 -850427.076665 0.000000 -4.024912 -0.991260
13679 -850427.076665 0.000000 -4.024912 -0.991260
13581 -850427.076665 0.000000 -4.024912 -0.991259
19968 -850427.076665 0.000000 -4.024912 -0.991260
19491 -850427.076665 0.000000 -4.024912 -0.991260
26097 -850427.076665 0.000000 -4.024912 -0.991260
25630 -850427.076665 0.000000 -4.024912 -0.991260
31866 -850427.076665 0.000000 -4.024912 -0.991260
31526 -850427.076665 0.000000 -4.024912 -0.991260
38246 -850427.076665 0.000000 -4.024912 -0.991260
37559 -850427.076665 0.000000 -4.024912 -0.991260
37420 -850427.076665 0.000000 -4.024912 -0.991260
43837 -850427.076665 0.000000 -4.024912 -0.991260
43417 -850427.076665 0.000000 -4.024912 -0.991260
2142 -850427.065548 0.000000 -4.013795 -0.980143
1564 -850427.065548 0.000000 -4.013795 -0.980143
7876 -850427.065548 0.000000 -4.013795 -0.980143
7513 -850427.065548 0.000000 -4.013795 -0.980143
14028 -850427.065548 0.000000 -4.013795 -0.980143
13592 -850427.065548 0.000000 -4.013795 -0.980143
19829 -850427.065548 0.000000 -4.013795 -0.980143
19682 -850427.065548 0.000000 -4.013795 -0.980143
26133 -850427.065548 0.000000 -4.013795 -0.980143
25547 -850427.065548 0.000000 -4.013795 -0.980143
31917 -850427.065548 0.000000 -4.013795 -0.980143
31741 -850427.065548 0.000000 -4.013795 -0.980143
31437 -850427.065548 0.000000 -4.013795 -0.980143
37586 -850427.065548 0.000000 -4.013795 -0.980143
37511 -850427.065548 0.000000 -4.013795 -0.980143
43682 -850427.065548 0.000000 -4.013795 -0.980143
43420 -850427.065548 0.000000 -4.013795 -0.980143
1929 -850427.054865 0.000000 -4.003112 -0.969460
1582 -850427.054865 0.000000 -4.003112 -0.969460
7758 -850427.054865 0.000000 -4.003112 -0.969460
7628 -850427.054865 0.000000 -4.003112 -0.969460
14079 -850427.054865 0.000000 -4.003112 -0.969460
13533 -850427.054865 0.000000 -4.003112 -0.969460
20196 -850427.054865 0.000000 -4.003112 -0.969460
19710 -850427.054865 0.000000 -4.003112 -0.969460
19458 -850427.054865 0.000000 -4.003112 -0.969460
121354 -850427.054865 0.000000 -4.003112 -0.969460
25499 -850427.054865 0.000000 -4.003112 -0.969460
31626 -850427.054865 0.000000 -4.003112 -0.969460
31443 -850427.054865 0.000000 -4.003112 -0.969460
37923 -850427.054865 0.000000 -4.003112 -0.969460
37446 -850427.054865 0.000000 -4.003112 -0.969460
43724 -850427.054865 0.000000 -4.003112 -0.969460
43607 -850427.054865 0.000000 -4.003112 -0.969460
1972 -850426.909733 0.000000 -3.857980 -0.824328
1540 -850426.909733 0.000000 -3.857980 -0.824328
8135 -850426.909733 0.000000 -3.857980 -0.824328
7647 -850426.909733 0.000000 -3.857980 -0.824328
13925 -850426.909733 0.000000 -3.857980 -0.824328
13749 -850426.909733 0.000000 -3.857980 -0.824328
13492 -850426.909733 0.000000 -3.857980 -0.824328
19610 -850426.909733 0.000000 -3.857980 -0.824328
19528 -850426.909733 0.000000 -3.857980 -0.824328
25831 -850426.909733 0.000000 -3.857980 -0.824328
25461 -850426.909733 0.000000 -3.857980 -0.824328
31657 -850426.909733 0.000000 -3.857980 -0.824328
31562 -850426.909733 0.000000 -3.857980 -0.824328
37773 -850426.909733 0.000000 -3.857980 -0.824328
37453 -850426.909733 0.000000 -3.857980 -0.824328
44120 -850426.909733 0.000000 -3.857980 -0.824328
43500 -850426.909733 0.000000 -3.857980 -0.824328
1721 -850426.579028 0.000000 -3.527275 -0.493623
1504 -850426.579028 0.000000 -3.527275 -0.493623
7838 -850426.579028 0.000000 -3.527275 -0.493623
7529 -850426.579028 0.000000 -3.527275 -0.493623
13678 -850426.579028 0.000000 -3.527275 -0.493623
13580 -850426.579028 0.000000 -3.527275 -0.493623
19921 -850426.579028 0.000000 -3.527275 -0.493623
19490 -850426.579028 0.000000 -3.527275 -0.493623
121514 -850426.579028 0.000000 -3.527275 -0.493623
25607 -850426.579028 0.000000 -3.527275 -0.493623
31865 -850426.579028 0.000000 -3.527275 -0.493623
31500 -850426.579028 0.000000 -3.527275 -0.493623
38219 -850426.579028 0.000000 -3.527275 -0.493623
37558 -850426.579028 0.000000 -3.527275 -0.493623
43964 -850426.579028 0.000000 -3.527275 -0.493623
43827 -850426.579028 0.000000 -3.527275 -0.493623
43416 -850426.579028 0.000000 -3.527275 -0.493623
97621 -850426.772983 0.000000 -3.721229 -0.687577
1639 -850426.592798 0.000000 -3.541045 -0.507393
1696 -850426.772982 0.000000 -3.721229 -0.687577
1555 -850426.592798 0.000000 -3.541045 -0.507393
8190 -850426.772983 0.000000 -3.721229 -0.687577
7879 -850426.592798 0.000000 -3.541045 -0.507393
7580 -850426.772983 0.000000 -3.721229 -0.687577
7503 -850426.592798 0.000000 -3.541045 -0.507393
7526 -850426.772982 0.000000 -3.721229 -0.687577
13985 -850426.592798 0.000000 -3.541045 -0.507393
13783 -850426.772982 0.000000 -3.721229 -0.687577
13595 -850426.592798 0.000000 -3.541045 -0.507393
13479 -850426.772983 0.000000 -3.721229 -0.687577
19786 -850426.592798 0.000000 -3.541045 -0.507393
19893 -850426.772983 0.000000 -3.721229 -0.687577
115286 -850426.592798 0.000000 -3.541045 -0.507393
19538 -850426.772982 0.000000 -3.721229 -0.687577
26136 -850426.592798 0.000000 -3.541045 -0.507393
25696 -850426.772982 0.000000 -3.721229 -0.687577
25526 -850426.592798 0.000000 -3.541045 -0.507393
25474 -850426.772983 0.000000 -3.721229 -0.687577
31919 -850426.592798 0.000000 -3.541045 -0.507393
32032 -850426.772982 0.000000 -3.721229 -0.687577
31744 -850426.592798 0.000000 -3.541045 -0.507393
31484 -850426.772983 0.000000 -3.721229 -0.687577
38021 -850426.592798 0.000000 -3.541045 -0.507393
37819 -850426.772983 0.000000 -3.721229 -0.687577
37589 -850426.592798 0.000000 -3.541045 -0.507393
37676 -850426.772983 0.000000 -3.721229 -0.687577
37512 -850426.592798 0.000000 -3.541045 -0.507393
43915 -850426.772982 0.000000 -3.721229 -0.687577
43649 -850426.592798 0.000000 -3.541045 -0.507393
43522 -850426.772983 0.000000 -3.721229 -0.687577
43423 -850426.592798 0.000000 -3.541045 -0.507393
1928 -850426.615866 0.000000 -3.564112 -0.530460
1563 -850426.615865 0.000000 -3.564112 -0.530460
7757 -850426.615865 0.000000 -3.564112 -0.530460
7627 -850426.615866 0.000000 -3.564112 -0.530460
14027 -850426.615866 0.000000 -3.564112 -0.530460
13532 -850426.615866 0.000000 -3.564112 -0.530460
20195 -850426.615865 0.000000 -3.564112 -0.530460
19681 -850426.615866 0.000000 -3.564112 -0.530460
25971 -850426.615866 0.000000 -3.564112 -0.530460
25546 -850426.615865 0.000000 -3.564112 -0.530460
32313 -850426.615866 0.000000 -3.564112 -0.530460
31625 -850426.615866 0.000000 -3.564112 -0.530460
31436 -850426.615865 0.000000 -3.564112 -0.530460
37911 -850426.615866 0.000000 -3.564112 -0.530460
37445 -850426.615865 0.000000 -3.564112 -0.530460
43681 -850426.615865 0.000000 -3.564112 -0.530460
139186 -850426.615865 0.000000 -3.564112 -0.530460
1975 -850426.656669 0.000000 -3.604916 -0.571264
1529 -850426.656669 0.000000 -3.604916 -0.571264
8086 -850426.656669 0.000000 -3.604916 -0.571264
7650 -850426.656669 0.000000 -3.604916 -0.571264
13874 -850426.656669 0.000000 -3.604916 -0.571264
13729 -850426.656669 0.000000 -3.604916 -0.571264
20248 -850426.656669 0.000000 -3.604916 -0.571264
19581 -850426.656669 0.000000 -3.604916 -0.571264
19462 -850426.656669 0.000000 -3.604916 -0.571264
25834 -850426.656669 0.000000 -3.604916 -0.571264
25456 -850426.656669 0.000000 -3.604916 -0.571264
31660 -850426.656669 0.000000 -3.604916 -0.571264
31564 -850426.656669 0.000000 -3.604916 -0.571264
37734 -850426.656669 0.000000 -3.604916 -0.571264
37456 -850426.656669 0.000000 -3.604916 -0.571264
139364 -850426.656669 0.000000 -3.604916 -0.571264
43487 -850426.656669 0.000000 -3.604916 -0.571264
1842 -850426.554687 0.000000 -3.502934 -0.469282
1695 -850426.554687 0.000000 -3.502934 -0.469282
8134 -850426.554687 0.000000 -3.502934 -0.469282
7579 -850426.554687 0.000000 -3.502934 -0.469282
14300 -850426.554687 0.000000 -3.502934 -0.469282
13748 -850426.554687 0.000000 -3.502934 -0.469282
13478 -850426.554687 0.000000 -3.502934 -0.469282
115387 -850426.554687 0.000000 -3.502934 -0.469282
19527 -850426.554687 0.000000 -3.502934 -0.469282
25695 -850426.554687 0.000000 -3.502934 -0.469282
25460 -850426.554687 0.000000 -3.502934 -0.469282
32008 -850426.554687 0.000000 -3.502934 -0.469282
31483 -850426.554687 0.000000 -3.502934 -0.469282
37772 -850426.554687 0.000000 -3.502934 -0.469282
37669 -850426.554687 0.000000 -3.502934 -0.469282
43914 -850426.554687 0.000000 -3.502934 -0.469282
43499 -850426.554687 0.000000 -3.502934 -0.469282
2196 -850426.551980 0.000000 -3.500227 -0.466575
1724 -850426.551980 0.000000 -3.500227 -0.466575
1502 -850426.551980 0.000000 -3.500227 -0.466575
7806 -850426.551980 0.000000 -3.500227 -0.466575
7532 -850426.551980 0.000000 -3.500227 -0.466575
13646 -850426.551980 0.000000 -3.500227 -0.466575
109262 -850426.551980 0.000000 -3.500227 -0.466575
19924 -850426.551980 0.000000 -3.500227 -0.466575
19480 -850426.551980 0.000000 -3.500227 -0.466575
25739 -850426.551980 0.000000 -3.500227 -0.466575
25610 -850426.551980 0.000000 -3.500227 -0.466575
31819 -850426.551980 0.000000 -3.500227 -0.466575
31503 -850426.551980 0.000000 -3.500227 -0.466575
38220 -850426.551980 0.000000 -3.500227 -0.466575
37536 -850426.551980 0.000000 -3.500227 -0.466575
43966 -850426.551980 0.000000 -3.500227 -0.466575
43456 -850426.551980 0.000000 -3.500227 -0.466575
1890 -850426.662224 0.000000 -3.610471 -0.576819
1566 -850426.662224 0.000000 -3.610471 -0.576819
7717 -850426.662224 0.000000 -3.610471 -0.576819
7615 -850426.662224 0.000000 -3.610471 -0.576819
14030 -850426.662224 0.000000 -3.610471 -0.576819
13514 -850426.662224 0.000000 -3.610471 -0.576819
19831 -850426.662224 0.000000 -3.610471 -0.576819
19684 -850426.662224 0.000000 -3.610471 -0.576819
25921 -850426.662224 0.000000 -3.610471 -0.576819
25549 -850426.662224 0.000000 -3.610471 -0.576819
32314 -850426.662224 0.000000 -3.610471 -0.576819
31599 -850426.662224 0.000000 -3.610471 -0.576819
38075 -850426.662224 0.000000 -3.610471 -0.576819
133274 -850426.662224 0.000000 -3.610471 -0.576819
37440 -850426.662224 0.000000 -3.610471 -0.576819
43684 -850426.662224 0.000000 -3.610471 -0.576819
43405 -850426.662224 0.000000 -3.610471 -0.576819
1638 -850426.692464 0.000000 -3.640711 -0.607059
1554 -850426.692464 0.000000 -3.640711 -0.607059
7837 -850426.692464 0.000000 -3.640711 -0.607059
7502 -850426.692464 0.000000 -3.640711 -0.607059
13984 -850426.692464 0.000000 -3.640711 -0.607059
13579 -850426.692464 0.000000 -3.640711 -0.607059
19785 -850426.692464 0.000000 -3.640711 -0.607059
19489 -850426.692464 0.000000 -3.640711 -0.607059
26096 -850426.692464 0.000000 -3.640711 -0.607059
25525 -850426.692464 0.000000 -3.640711 -0.607059
31864 -850426.692464 0.000000 -3.640711 -0.607059
31734 -850426.692464 0.000000 -3.640711 -0.607059
38020 -850426.692464 0.000000 -3.640711 -0.607059
37557 -850426.692464 0.000000 -3.640711 -0.607059
139589 -850426.692464 0.000000 -3.640711 -0.607059
43648 -850426.692464 0.000000 -3.640711 -0.607059
43415 -850426.692464 0.000000 -3.640711 -0.607059
1927 -850426.652493 0.000000 -3.600740 -0.567088
1528 -850426.652493 0.000000 -3.600740 -0.567088
8085 -850426.652493 0.000000 -3.600740 -0.567088
7626 -850426.652493 0.000000 -3.600740 -0.567088
13873 -850426.652493 0.000000 -3.600740 -0.567088
109309 -850426.652493 0.000000 -3.600740 -0.567088
20194 -850426.652493 0.000000 -3.600740 -0.567088
19580 -850426.652493 0.000000 -3.600740 -0.567088
25970 -850426.652493 0.000000 -3.600740 -0.567088
25815 -850426.652493 0.000000 -3.600740 -0.567088
25455 -850426.652493 0.000000 -3.600740 -0.567088
31624 -850426.652493 0.000000 -3.600740 -0.567088
31559 -850426.652493 0.000000 -3.600740 -0.567088
37733 -850426.652493 0.000000 -3.600740 -0.567088
37444 -850426.652493 0.000000 -3.600740 -0.567088
43585 -850426.652493 0.000000 -3.600740 -0.567088
43486 -850426.652493 0.000000 -3.600740 -0.567088
1799 -850426.639776 0.000000 -3.588023 -0.554371
1675 -850426.639776 0.000000 -3.588023 -0.554371
8137 -850426.639776 0.000000 -3.588023 -0.554371
7559 -850426.639776 0.000000 -3.588023 -0.554371
109704 -850426.639777 0.000000 -3.588023 -0.554371
13751 -850426.639777 0.000000 -3.588023 -0.554371
20022 -850426.639776 0.000000 -3.588023 -0.554371
19612 -850426.639776 0.000000 -3.588023 -0.554371
19530 -850426.639776 0.000000 -3.588023 -0.554371
25661 -850426.639777 0.000000 -3.588024 -0.554371
25463 -850426.639776 0.000000 -3.588023 -0.554371
32009 -850426.639777 0.000000 -3.588023 -0.554371
31473 -850426.639777 0.000000 -3.588023 -0.554371
37775 -850426.639777 0.000000 -3.588023 -0.554371
37429 -850426.639776 0.000000 -3.588023 -0.554371
43870 -850426.639777 0.000000 -3.588023 -0.554371
43502 -850426.639776 0.000000 -3.588023 -0.554371
2195 -850426.648522 0.000000 -3.596769 -0.563117
1694 -850426.648522 0.000000 -3.596769 -0.563117
7977 -850426.648522 0.000000 -3.596769 -0.563117
7805 -850426.648522 0.000000 -3.596769 -0.563117
14299 -850426.648522 0.000000 -3.596769 -0.563117
13645 -850426.648522 0.000000 -3.596769 -0.563117
13477 -850426.648522 0.000000 -3.596769 -0.563117
19892 -850426.648522 0.000000 -3.596769 -0.563117
19479 -850426.648522 0.000000 -3.596769 -0.563117
25694 -850426.648522 0.000000 -3.596769 -0.563117
25602 -850426.648522 0.000000 -3.596769 -0.563117
31818 -850426.648522 0.000000 -3.596769 -0.563117
31482 -850426.648522 0.000000 -3.596769 -0.563117
133434 -850426.648522 0.000000 -3.596769 -0.563117
37535 -850426.648522 0.000000 -3.596769 -0.563117
43913 -850426.648522 0.000000 -3.596769 -0.563117
43455 -850426.648522 0.000000 -3.596769 -0.563117
2248 -850426.582759 0.000000 -3.531006 -0.497354
1609 -850426.582760 0.000000 -3.531006 -0.497354
1548 -850426.582760 0.000000 -3.531007 -0.497354
7840 -850426.582760 0.000000 -3.531007 -0.497354
7495 -850426.582760 0.000000 -3.531006 -0.497354
13680 -850426.582759 0.000000 -3.531006 -0.497354
13582 -850426.582760 0.000000 -3.531007 -0.497354
19746 -850426.582760 0.000000 -3.531007 -0.497354
19492 -850426.582760 0.000000 -3.531006 -0.497354
26098 -850426.582760 0.000000 -3.531007 -0.497354
25510 -850426.582759 0.000000 -3.531006 -0.497354
31867 -850426.582760 0.000000 -3.531007 -0.497354
127233 -850426.582759 0.000000 -3.531006 -0.497354
37970 -850426.582760 0.000000 -3.531006 -0.497354
37560 -850426.582759 0.000000 -3.531006 -0.497354
43773 -850426.582759 0.000000 -3.531006 -0.497354
43621 -850426.582760 0.000000 -3.531007 -0.497354
1889 -850426.526348 0.000000 -3.474595 -0.440943
1553 -850426.526348 0.000000 -3.474595 -0.440943
7716 -850426.526348 0.000000 -3.474595 -0.440943
7501 -850426.526348 0.000000 -3.474595 -0.440943
13983 -850426.526348 0.000000 -3.474595 -0.440943
13513 -850426.526348 0.000000 -3.474595 -0.440943
19784 -850426.526348 0.000000 -3.474595 -0.440943
19670 -850426.526348 0.000000 -3.474595 -0.440943
25920 -850426.526348 0.000000 -3.474595 -0.440943
25524 -850426.526348 0.000000 -3.474595 -0.440943
32299 -850426.526348 0.000000 -3.474595 -0.440943
31598 -850426.526348 0.000000 -3.474595 -0.440943
38019 -850426.526348 0.000000 -3.474595 -0.440943
37495 -850426.526348 0.000000 -3.474595 -0.440943
44190 -850426.526348 0.000000 -3.474595 -0.440943
43647 -850426.526348 0.000000 -3.474595 -0.440943
43404 -850426.526348 0.000000 -3.474595 -0.440943
1930 -850426.553078 0.000000 -3.501324 -0.467672
1519 -850426.553078 0.000000 -3.501324 -0.467672
103537 -850426.553078 0.000000 -3.501324 -0.467672
7629 -850426.553078 0.000000 -3.501324 -0.467672
13826 -850426.553078 0.000000 -3.501324 -0.467672
13534 -850426.553077 0.000000 -3.501324 -0.467672
20197 -850426.553078 0.000000 -3.501324 -0.467672
19557 -850426.553077 0.000000 -3.501324 -0.467672
25972 -850426.553078 0.000000 -3.501324 -0.467672
25816 -850426.553077 0.000000 -3.501324 -0.467672
32084 -850426.553078 0.000000 -3.501324 -0.467672
31627 -850426.553077 0.000000 -3.501324 -0.467672
31432 -850426.553078 0.000000 -3.501324 -0.467672
37700 -850426.553078 0.000000 -3.501324 -0.467672
37447 -850426.553078 0.000000 -3.501324 -0.467672
43553 -850426.553077 0.000000 -3.501324 -0.467672
43479 -850426.553078 0.000000 -3.501324 -0.467672
1798 -850426.562843 0.000000 -3.511090 -0.477438
1674 -850426.562843 0.000000 -3.511090 -0.477438
8084 -850426.562843 0.000000 -3.511090 -0.477438
7558 -850426.562843 0.000000 -3.511090 -0.477438
13872 -850426.562843 0.000000 -3.511090 -0.477438
13728 -850426.562843 0.000000 -3.511090 -0.477438
20021 -850426.562843 0.000000 -3.511090 -0.477438
19579 -850426.562843 0.000000 -3.511090 -0.477438
26393 -850426.562843 0.000000 -3.511090 -0.477438
25660 -850426.562843 0.000000 -3.511090 -0.477438
25454 -850426.562843 0.000000 -3.511090 -0.477438
31549 -850426.562843 0.000000 -3.511090 -0.477438
31472 -850426.562843 0.000000 -3.511090 -0.477438
37732 -850426.562843 0.000000 -3.511090 -0.477438
37428 -850426.562843 0.000000 -3.511090 -0.477438
43869 -850426.562843 0.000000 -3.511090 -0.477438
43485 -850426.562843 0.000000 -3.511090 -0.477438
2157 -850426.572221 0.000000 -3.520468 -0.486815
1697 -850426.572221 0.000000 -3.520468 -0.486816
7928 -850426.572221 0.000000 -3.520468 -0.486816
7581 -850426.572221 0.000000 -3.520468 -0.486815
14301 -850426.572221 0.000000 -3.520468 -0.486816
13618 -850426.572221 0.000000 -3.520468 -0.486816
20076 -850426.572221 0.000000 -3.520468 -0.486815
19894 -850426.572221 0.000000 -3.520468 -0.486816
19473 -850426.572221 0.000000 -3.520468 -0.486816
25697 -850426.572221 0.000000 -3.520468 -0.486816
121225 -850426.572221 0.000000 -3.520468 -0.486816
31779 -850426.572220 0.000000 -3.520467 -0.486815
31485 -850426.572221 0.000000 -3.520468 -0.486816
37626 -850426.572221 0.000000 -3.520468 -0.486816
37520 -850426.572221 0.000000 -3.520468 -0.486816
43916 -850426.572221 0.000000 -3.520468 -0.486816
43438 -850426.572221 0.000000 -3.520468 -0.486816
2194 -850426.571272 0.000000 -3.519519 -0.485867
1608 -850426.571272 0.000000 -3.519519 -0.485867
7976 -850426.571272 0.000000 -3.519519 -0.485867
7804 -850426.571272 0.000000 -3.519519 -0.485867
7494 -850426.571272 0.000000 -3.519519 -0.485867
13644 -850426.571272 0.000000 -3.519519 -0.485867
13574 -850426.571272 0.000000 -3.519519 -0.485867
19745 -850426.571272 0.000000 -3.519519 -0.485867
19478 -850426.571272 0.000000 -3.519519 -0.485867
26084 -850426.571272 0.000000 -3.519519 -0.485867
25509 -850426.571272 0.000000 -3.519519 -0.485867
31817 -850426.571272 0.000000 -3.519519 -0.485867
31454 -850426.571272 0.000000 -3.519519 -0.485867
37969 -850426.571272 0.000000 -3.519519 -0.485867
37534 -850426.571272 0.000000 -3.519519 -0.485867
43772 -850426.571272 0.000000 -3.519519 -0.485867
43620 -850426.571272 0.000000 -3.519519 -0.485867
