#ID      EIGB 	      EIPGB 	   GBbin        GBseg
1710 -711537.542976 0.000000 -3.440886 -0.406231
2351 -711537.542976 0.000000 -3.440886 -0.406231
2484 -711537.542976 0.000000 -3.440886 -0.406231
11999 -711537.542976 0.000000 -3.440886 -0.406231
12459 -711537.542976 0.000000 -3.440886 -0.406230
21921 -711537.542976 0.000000 -3.440886 -0.406231
22241 -711537.542976 0.000000 -3.440886 -0.406231
22239 -711537.542976 0.000000 -3.440886 -0.406231
32163 -711537.542976 0.000000 -3.440886 -0.406230
32424 -711537.542976 0.000000 -3.440885 -0.406230
1709 -711537.571258 0.000000 -3.469167 -0.434512
2315 -711537.571258 0.000000 -3.469167 -0.434512
2483 -711537.571258 0.000000 -3.469167 -0.434512
11975 -711537.571258 0.000000 -3.469167 -0.434512
12458 -711537.571258 0.000000 -3.469167 -0.434512
21859 -711537.571258 0.000000 -3.469167 -0.434512
22240 -711537.571258 0.000000 -3.469167 -0.434512
22423 -711537.571258 0.000000 -3.469167 -0.434512
32162 -711537.571258 0.000000 -3.469167 -0.434512
32402 -711537.571258 0.000000 -3.469167 -0.434512
2141 -711537.504462 0.000000 -3.402371 -0.367716
2405 -711537.504461 0.000000 -3.402371 -0.367716
12031 -711537.504462 0.000000 -3.402371 -0.367716
12358 -711537.504462 0.000000 -3.402371 -0.367716
12488 -711537.504462 0.000000 -3.402371 -0.367716
22285 -711537.504461 0.000000 -3.402371 -0.367716
22463 -711537.504462 0.000000 -3.402371 -0.367716
31934 -711537.504462 0.000000 -3.402371 -0.367716
32248 -711537.504462 0.000000 -3.402371 -0.367716
32161 -711537.504462 0.000000 -3.402371 -0.367716
2144 -711537.532433 0.000000 -3.430343 -0.395687
2380 -711537.532433 0.000000 -3.430342 -0.395687
12032 -711537.532433 0.000000 -3.430343 -0.395687
12319 -711537.532433 0.000000 -3.430342 -0.395687
12491 -711537.532433 0.000000 -3.430343 -0.395687
21980 -711537.532433 0.000000 -3.430343 -0.395687
22466 -711537.532433 0.000000 -3.430343 -0.395687
31869 -711537.532433 0.000000 -3.430342 -0.395687
32251 -711537.532433 0.000000 -3.430343 -0.395687
32516 -711537.532433 0.000000 -3.430343 -0.395687
2314 -711537.521051 0.000000 -3.418961 -0.384305
2473 -711537.521051 0.000000 -3.418961 -0.384305
11974 -711537.521051 0.000000 -3.418961 -0.384305
12251 -711537.521051 0.000000 -3.418961 -0.384305
11855 -711537.521051 0.000000 -3.418961 -0.384305
22200 -711537.521051 0.000000 -3.418961 -0.384305
22422 -711537.521051 0.000000 -3.418961 -0.384305
32108 -711537.521051 0.000000 -3.418960 -0.384305
32401 -711537.521051 0.000000 -3.418961 -0.384305
32508 -711537.521051 0.000000 -3.418961 -0.384305
2085 -711537.531487 0.000000 -3.429397 -0.394742
2383 -711537.531487 0.000000 -3.429397 -0.394742
2486 -711537.531487 0.000000 -3.429397 -0.394742
12322 -711537.531487 0.000000 -3.429397 -0.394742
12476 -711537.531487 0.000000 -3.429397 -0.394742
21983 -711537.531487 0.000000 -3.429397 -0.394742
22439 -711537.531487 0.000000 -3.429397 -0.394742
21923 -711537.531487 0.000000 -3.429397 -0.394742
32208 -711537.531487 0.000000 -3.429397 -0.394742
32517 -711537.531487 0.000000 -3.429397 -0.394742
1994 -711537.503136 0.000000 -3.401045 -0.366390
2472 -711537.503136 0.000000 -3.401045 -0.366390
11917 -711537.503136 0.000000 -3.401045 -0.366390
12250 -711537.503136 0.000000 -3.401045 -0.366390
12233 -711537.503136 0.000000 -3.401045 -0.366390
22199 -711537.503136 0.000000 -3.401045 -0.366390
22416 -711537.503136 0.000000 -3.401045 -0.366390
32107 -711537.503136 0.000000 -3.401045 -0.366390
32372 -711537.503136 0.000000 -3.401045 -0.366390
32507 -711537.503136 0.000000 -3.401045 -0.366390
2088 -711537.751134 0.000000 -3.649043 -0.614388
2350 -711537.751134 0.000000 -3.649043 -0.614388
2488 -711537.751134 0.000000 -3.649043 -0.614388
12277 -711537.751134 0.000000 -3.649043 -0.614388
12479 -711537.751134 0.000000 -3.649043 -0.614388
21920 -711537.751134 0.000000 -3.649043 -0.614388
22440 -711537.751134 0.000000 -3.649043 -0.614388
22394 -711537.751134 0.000000 -3.649043 -0.614388
32211 -711537.751134 0.000000 -3.649043 -0.614388
32423 -711537.751133 0.000000 -3.649043 -0.614388
1993 -711537.740505 0.000000 -3.638415 -0.603759
2455 -711537.740505 0.000000 -3.638415 -0.603759
11916 -711537.740505 0.000000 -3.638415 -0.603759
12234 -711537.740505 0.000000 -3.638415 -0.603759
12278 -711537.740505 0.000000 -3.638415 -0.603759
22154 -711537.740505 0.000000 -3.638414 -0.603759
22415 -711537.740505 0.000000 -3.638415 -0.603759
31729 -711537.740505 0.000000 -3.638415 -0.603759
32371 -711537.740505 0.000000 -3.638414 -0.603759
32504 -711537.740505 0.000000 -3.638415 -0.603759
3038 -711537.586651 0.000000 -3.484561 -0.449906
2732 -711537.586651 0.000000 -3.484561 -0.449906
2552 -711537.586651 0.000000 -3.484561 -0.449906
12829 -711537.586651 0.000000 -3.484561 -0.449906
12581 -711537.586651 0.000000 -3.484561 -0.449906
23231 -711537.586651 0.000000 -3.484561 -0.449906
22892 -711537.586651 0.000000 -3.484561 -0.449906
22525 -711537.586651 0.000000 -3.484561 -0.449906
32944 -711537.586651 0.000000 -3.484561 -0.449906
32697 -711537.586651 0.000000 -3.484561 -0.449906
2926 -711537.573595 0.000000 -3.471505 -0.436850
2544 -711537.573595 0.000000 -3.471505 -0.436849
13044 -711537.573595 0.000000 -3.471505 -0.436850
12737 -711537.573595 0.000000 -3.471505 -0.436850
12555 -711537.573595 0.000000 -3.471505 -0.436850
22835 -711537.573595 0.000000 -3.471505 -0.436850
22589 -711537.573595 0.000000 -3.471505 -0.436850
33241 -711537.573595 0.000000 -3.471505 -0.436850
32651 -711537.573595 0.000000 -3.471505 -0.436850
32537 -711537.573595 0.000000 -3.471505 -0.436850
2503 -711537.514063 0.000000 -3.411973 -0.377317
2504 -711537.514063 0.000000 -3.411973 -0.377317
12507 -711537.514063 0.000000 -3.411973 -0.377317
12508 -711537.514063 0.000000 -3.411973 -0.377317
22513 -711537.514063 0.000000 -3.411973 -0.377317
22514 -711537.514063 0.000000 -3.411973 -0.377317
22515 -711537.514063 0.000000 -3.411973 -0.377318
32522 -711537.514063 0.000000 -3.411973 -0.377317
32523 -711537.514063 0.000000 -3.411973 -0.377317
42532 -711537.514063 0.000000 -3.411973 -0.377317
3172 -711537.779697 0.000000 -3.677607 -0.642952
82694 -711537.779697 0.000000 -3.677607 -0.642952
2508 -711537.779697 0.000000 -3.677607 -0.642951
12933 -711537.779697 0.000000 -3.677607 -0.642952
12674 -711537.779697 0.000000 -3.677607 -0.642952
23050 -711537.779697 0.000000 -3.677607 -0.642951
22706 -711537.779697 0.000000 -3.677607 -0.642952
22563 -711537.779697 0.000000 -3.677607 -0.642952
32793 -711537.779697 0.000000 -3.677607 -0.642952
32597 -711537.779697 0.000000 -3.677607 -0.642952
2775 -711537.773768 0.000000 -3.671678 -0.637022
2577 -711537.773768 0.000000 -3.671678 -0.637023
13179 -711537.773768 0.000000 -3.671678 -0.637022
12635 -711537.773768 0.000000 -3.671678 -0.637022
12517 -711537.773768 0.000000 -3.671678 -0.637022
22936 -711537.773768 0.000000 -3.671678 -0.637023
22539 -711537.773768 0.000000 -3.671678 -0.637022
33058 -711537.773768 0.000000 -3.671678 -0.637023
32720 -711537.773768 0.000000 -3.671678 -0.637023
112585 -711537.773768 0.000000 -3.671678 -0.637023
3221 -711538.000195 0.000000 -3.898104 -0.863449
2879 -711538.000194 0.000000 -3.898104 -0.863449
2517 -711538.000195 0.000000 -3.898104 -0.863449
12930 -711538.000195 0.000000 -3.898104 -0.863449
12681 -711538.000194 0.000000 -3.898104 -0.863449
23047 -711538.000195 0.000000 -3.898104 -0.863449
22745 -711538.000195 0.000000 -3.898104 -0.863449
22561 -711538.000195 0.000000 -3.898104 -0.863449
112903 -711538.000195 0.000000 -3.898104 -0.863449
32594 -711538.000195 0.000000 -3.898104 -0.863449
2821 -711538.005603 0.000000 -3.903513 -0.868858
2578 -711538.005603 0.000000 -3.903513 -0.868858
13225 -711538.005603 0.000000 -3.903513 -0.868858
12636 -711538.005603 0.000000 -3.903513 -0.868858
12520 -711538.005603 0.000000 -3.903513 -0.868858
22937 -711538.005603 0.000000 -3.903513 -0.868858
102613 -711538.005603 0.000000 -3.903513 -0.868858
33059 -711538.005603 0.000000 -3.903513 -0.868858
32753 -711538.005603 0.000000 -3.903513 -0.868858
32573 -711538.005603 0.000000 -3.903513 -0.868858
3219 -711537.922484 0.000000 -3.820393 -0.785738
2891 -711537.922484 0.000000 -3.820393 -0.785738
2514 -711537.922483 0.000000 -3.820393 -0.785738
12985 -711537.922484 0.000000 -3.820393 -0.785738
12679 -711537.922484 0.000000 -3.820393 -0.785738
103171 -711537.922484 0.000000 -3.820393 -0.785738
22742 -711537.922484 0.000000 -3.820393 -0.785738
22572 -711537.922484 0.000000 -3.820393 -0.785738
33179 -711537.922484 0.000000 -3.820393 -0.785738
32621 -711537.922484 0.000000 -3.820393 -0.785738
2822 -711537.925918 0.000000 -3.823828 -0.789173
2601 -711537.925918 0.000000 -3.823828 -0.789173
13226 -711537.925918 0.000000 -3.823828 -0.789173
92723 -711537.925918 0.000000 -3.823828 -0.789173
12521 -711537.925918 0.000000 -3.823828 -0.789172
22988 -711537.925918 0.000000 -3.823828 -0.789173
22686 -711537.925918 0.000000 -3.823828 -0.789173
33119 -711537.925918 0.000000 -3.823828 -0.789173
32754 -711537.925918 0.000000 -3.823828 -0.789173
32579 -711537.925918 0.000000 -3.823828 -0.789173
72561 -711537.944597 0.000000 -3.842507 -0.807852
2889 -711537.944597 0.000000 -3.842507 -0.807852
82590 -711537.944597 0.000000 -3.842507 -0.807852
12982 -711537.944597 0.000000 -3.842507 -0.807852
12703 -711537.944597 0.000000 -3.842507 -0.807852
12553 -711537.944597 0.000000 -3.842507 -0.807852
22788 -711537.944597 0.000000 -3.842507 -0.807852
22569 -711537.944597 0.000000 -3.842507 -0.807852
33195 -711537.944597 0.000000 -3.842507 -0.807852
32618 -711537.944597 0.000000 -3.842507 -0.807852
82923 -711538.110498 0.000000 -4.008408 -0.973753
2602 -711538.110498 0.000000 -4.008408 -0.973753
2509 -711538.110498 0.000000 -4.008408 -0.973753
12898 -711538.110498 0.000000 -4.008408 -0.973753
12531 -711538.110498 0.000000 -4.008408 -0.973753
22989 -711538.110498 0.000000 -4.008408 -0.973753
22707 -711538.110498 0.000000 -4.008408 -0.973753
22516 -711538.110498 0.000000 -4.008408 -0.973753
32794 -711538.110498 0.000000 -4.008408 -0.973753
32580 -711538.110498 0.000000 -4.008408 -0.973753
2927 -711538.121257 0.000000 -4.019166 -0.984511
2673 -711538.121257 0.000000 -4.019166 -0.984511
13045 -711538.121257 0.000000 -4.019166 -0.984511
12700 -711538.121257 0.000000 -4.019166 -0.984511
12556 -711538.121257 0.000000 -4.019166 -0.984511
22785 -711538.121257 0.000000 -4.019166 -0.984511
22590 -711538.121257 0.000000 -4.019166 -0.984511
33193 -711538.121257 0.000000 -4.019166 -0.984511
112712 -711538.121257 0.000000 -4.019166 -0.984511
32528 -711538.121257 0.000000 -4.019166 -0.984511
72557 -711538.113266 0.000000 -4.011175 -0.976520
82722 -711538.113266 0.000000 -4.011175 -0.976520
2516 -711538.113266 0.000000 -4.011175 -0.976520
12983 -711538.113265 0.000000 -4.011175 -0.976520
12680 -711538.113265 0.000000 -4.011175 -0.976520
12509 -711538.113266 0.000000 -4.011175 -0.976520
22744 -711538.113266 0.000000 -4.011175 -0.976520
22570 -711538.113266 0.000000 -4.011175 -0.976520
32842 -711538.113266 0.000000 -4.011175 -0.976520
32619 -711538.113265 0.000000 -4.011175 -0.976520
3220 -711538.026563 0.000000 -3.924473 -0.889818
2633 -711538.026563 0.000000 -3.924473 -0.889818
2515 -711538.026563 0.000000 -3.924473 -0.889818
12932 -711538.026563 0.000000 -3.924473 -0.889818
92606 -711538.026563 0.000000 -3.924473 -0.889818
23049 -711538.026563 0.000000 -3.924473 -0.889818
22743 -711538.026564 0.000000 -3.924473 -0.889818
22562 -711538.026563 0.000000 -3.924473 -0.889818
32841 -711538.026564 0.000000 -3.924473 -0.889818
32596 -711538.026563 0.000000 -3.924473 -0.889818
2979 -711538.054990 0.000000 -3.952900 -0.918245
2678 -711538.054990 0.000000 -3.952900 -0.918245
93166 -711538.054990 0.000000 -3.952900 -0.918245
12736 -711538.054990 0.000000 -3.952900 -0.918245
12564 -711538.054990 0.000000 -3.952900 -0.918244
23169 -711538.054990 0.000000 -3.952900 -0.918245
22612 -711538.054990 0.000000 -3.952900 -0.918244
33240 -711538.054990 0.000000 -3.952900 -0.918245
32910 -711538.054990 0.000000 -3.952900 -0.918245
32536 -711538.054990 0.000000 -3.952900 -0.918245
2890 -711538.239014 0.000000 -4.136924 -1.102269
2528 -711538.239014 0.000000 -4.136924 -1.102269
12984 -711538.239014 0.000000 -4.136924 -1.102269
12701 -711538.239014 0.000000 -4.136924 -1.102269
12510 -711538.239014 0.000000 -4.136924 -1.102269
22786 -711538.239014 0.000000 -4.136924 -1.102269
22571 -711538.239014 0.000000 -4.136924 -1.102269
112943 -711538.239014 0.000000 -4.136924 -1.102269
32620 -711538.239014 0.000000 -4.136924 -1.102269
32529 -711538.239014 0.000000 -4.136924 -1.102269
2978 -711538.206242 0.000000 -4.104151 -1.069496
2699 -711538.206242 0.000000 -4.104151 -1.069496
2551 -711538.206242 0.000000 -4.104151 -1.069496
12780 -711538.206242 0.000000 -4.104151 -1.069496
12563 -711538.206242 0.000000 -4.104151 -1.069496
23185 -711538.206242 0.000000 -4.104151 -1.069496
22611 -711538.206242 0.000000 -4.104151 -1.069496
22520 -711538.206241 0.000000 -4.104151 -1.069496
32909 -711538.206242 0.000000 -4.104151 -1.069496
112611 -711538.206242 0.000000 -4.104151 -1.069496
3039 -711538.756454 0.000000 -4.654364 -1.619709
2698 -711538.756454 0.000000 -4.654364 -1.619709
2553 -711538.756454 0.000000 -4.654364 -1.619709
12779 -711538.756454 0.000000 -4.654364 -1.619709
12582 -711538.756454 0.000000 -4.654364 -1.619709
23184 -711538.756454 0.000000 -4.654364 -1.619709
102701 -711538.756454 0.000000 -4.654364 -1.619709
22519 -711538.756454 0.000000 -4.654364 -1.619709
32945 -711538.756454 0.000000 -4.654364 -1.619709
32691 -711538.756454 0.000000 -4.654364 -1.619709
2925 -711538.781398 0.000000 -4.679308 -1.644653
2529 -711538.781398 0.000000 -4.679308 -1.644653
13043 -711538.781398 0.000000 -4.679308 -1.644653
12702 -711538.781398 0.000000 -4.679308 -1.644653
92572 -711538.781398 0.000000 -4.679307 -1.644652
22787 -711538.781398 0.000000 -4.679308 -1.644653
22588 -711538.781398 0.000000 -4.679308 -1.644652
33194 -711538.781398 0.000000 -4.679308 -1.644653
32650 -711538.781398 0.000000 -4.679308 -1.644653
32530 -711538.781398 0.000000 -4.679308 -1.644653
3173 -711537.810322 0.000000 -3.708232 -0.673577
2632 -711537.810322 0.000000 -3.708232 -0.673577
2510 -711537.810322 0.000000 -3.708232 -0.673577
12931 -711537.810322 0.000000 -3.708232 -0.673577
12532 -711537.810322 0.000000 -3.708232 -0.673577
23048 -711537.810322 0.000000 -3.708232 -0.673576
22708 -711537.810322 0.000000 -3.708232 -0.673577
102577 -711537.810322 0.000000 -3.708232 -0.673577
32795 -711537.810322 0.000000 -3.708232 -0.673577
32595 -711537.810322 0.000000 -3.708232 -0.673577
2924 -711537.752965 0.000000 -3.650874 -0.616219
2679 -711537.752965 0.000000 -3.650875 -0.616219
13042 -711537.752965 0.000000 -3.650874 -0.616219
12738 -711537.752965 0.000000 -3.650875 -0.616219
12554 -711537.752965 0.000000 -3.650874 -0.616219
102896 -711537.752965 0.000000 -3.650874 -0.616219
22587 -711537.752965 0.000000 -3.650875 -0.616219
33242 -711537.752965 0.000000 -3.650875 -0.616219
32899 -711537.752965 0.000000 -3.650875 -0.616219
32538 -711537.752965 0.000000 -3.650875 -0.616219
3174 -711538.683090 0.000000 -4.580999 -1.546344
2774 -711538.727173 0.000000 -4.625082 -1.590427
2600 -711538.683090 0.000000 -4.580999 -1.546344
2562 -711538.727173 0.000000 -4.625082 -1.590427
2511 -711538.683090 0.000000 -4.580999 -1.546344
92932 -711538.727173 0.000000 -4.625082 -1.590427
12897 -711538.683090 0.000000 -4.580999 -1.546344
12607 -711538.727173 0.000000 -4.625082 -1.590427
92593 -711538.683090 0.000000 -4.580999 -1.546344
12516 -711538.727173 0.000000 -4.625082 -1.590427
22987 -711538.683089 0.000000 -4.580999 -1.546344
22903 -711538.727173 0.000000 -4.625082 -1.590427
22709 -711538.683090 0.000000 -4.580999 -1.546344
22538 -711538.727173 0.000000 -4.625082 -1.590427
22560 -711538.683090 0.000000 -4.580999 -1.546344
33000 -711538.727173 0.000000 -4.625082 -1.590427
32796 -711538.683090 0.000000 -4.580999 -1.546344
32719 -711538.727173 0.000000 -4.625082 -1.590427
32578 -711538.683090 0.000000 -4.580999 -1.546344
32524 -711538.727173 0.000000 -4.625082 -1.590427
3158 -711537.989973 0.000000 -3.887883 -0.853227
2603 -711537.989973 0.000000 -3.887882 -0.853227
13224 -711537.989973 0.000000 -3.887883 -0.853227
12899 -711537.989973 0.000000 -3.887882 -0.853227
12519 -711537.989973 0.000000 -3.887883 -0.853227
22990 -711537.989973 0.000000 -3.887883 -0.853227
22685 -711537.989973 0.000000 -3.887883 -0.853227
113180 -711537.989973 0.000000 -3.887882 -0.853227
32752 -711537.989973 0.000000 -3.887883 -0.853227
32581 -711537.989973 0.000000 -3.887883 -0.853227
3100 -711538.166622 0.000000 -4.064531 -1.029876
2735 -711538.166622 0.000000 -4.064531 -1.029876
2561 -711538.166622 0.000000 -4.064531 -1.029876
12831 -711538.166622 0.000000 -4.064531 -1.029876
12606 -711538.166622 0.000000 -4.064531 -1.029876
23234 -711538.166622 0.000000 -4.064531 -1.029876
102729 -711538.166622 0.000000 -4.064531 -1.029876
22528 -711538.166622 0.000000 -4.064531 -1.029876
32999 -711538.166622 0.000000 -4.064531 -1.029876
32699 -711538.166622 0.000000 -4.064531 -1.029876
3042 -711537.974949 0.000000 -3.872858 -0.838203
2734 -711537.974949 0.000000 -3.872858 -0.838203
2555 -711537.974949 0.000000 -3.872858 -0.838203
12830 -711537.974949 0.000000 -3.872858 -0.838203
12585 -711537.974949 0.000000 -3.872858 -0.838203
23233 -711537.974949 0.000000 -3.872858 -0.838203
22643 -711537.974949 0.000000 -3.872858 -0.838203
22527 -711537.974949 0.000000 -3.872858 -0.838203
32948 -711537.974949 0.000000 -3.872858 -0.838203
112626 -711537.974949 0.000000 -3.872858 -0.838203
82883 -711538.164902 0.000000 -4.062812 -1.028156
2576 -711538.164902 0.000000 -4.062811 -1.028156
13227 -711538.164902 0.000000 -4.062812 -1.028156
12887 -711538.164902 0.000000 -4.062812 -1.028156
12522 -711538.164902 0.000000 -4.062812 -1.028156
22935 -711538.164902 0.000000 -4.062812 -1.028156
22687 -711538.164902 0.000000 -4.062812 -1.028156
33057 -711538.164902 0.000000 -4.062811 -1.028156
32755 -711538.164902 0.000000 -4.062812 -1.028156
32572 -711538.164902 0.000000 -4.062812 -1.028156
3041 -711538.162916 0.000000 -4.060826 -1.026170
2702 -711538.162916 0.000000 -4.060826 -1.026170
82566 -711538.162916 0.000000 -4.060826 -1.026170
12783 -711538.162916 0.000000 -4.060826 -1.026170
12584 -711538.162916 0.000000 -4.060826 -1.026170
23187 -711538.162916 0.000000 -4.060826 -1.026170
22642 -711538.162916 0.000000 -4.060826 -1.026170
22523 -711538.162916 0.000000 -4.060826 -1.026170
32947 -711538.162916 0.000000 -4.060826 -1.026170
32553 -711538.162916 0.000000 -4.060825 -1.026170
2773 -711538.066532 0.000000 -3.964442 -0.929786
2579 -711538.066532 0.000000 -3.964442 -0.929786
13178 -711538.066532 0.000000 -3.964442 -0.929786
92697 -711538.066532 0.000000 -3.964442 -0.929786
12515 -711538.066532 0.000000 -3.964442 -0.929786
22938 -711538.066532 0.000000 -3.964442 -0.929786
22680 -711538.066532 0.000000 -3.964442 -0.929786
33060 -711538.066532 0.000000 -3.964442 -0.929786
32718 -711538.066532 0.000000 -3.964442 -0.929786
32574 -711538.066532 0.000000 -3.964442 -0.929786
2982 -711538.065428 0.000000 -3.963338 -0.928683
2701 -711538.065428 0.000000 -3.963338 -0.928683
2505 -711538.065428 0.000000 -3.963338 -0.928683
12782 -711538.065428 0.000000 -3.963338 -0.928683
12567 -711538.065428 0.000000 -3.963338 -0.928683
102937 -711538.065428 0.000000 -3.963338 -0.928683
22615 -711538.065428 0.000000 -3.963338 -0.928683
22522 -711538.065428 0.000000 -3.963338 -0.928683
32912 -711538.065428 0.000000 -3.963338 -0.928683
32552 -711538.065428 0.000000 -3.963338 -0.928683
3426 -711537.882564 0.000000 -3.780473 -0.745818
2776 -711537.882563 0.000000 -3.780473 -0.745818
2560 -711537.882564 0.000000 -3.780473 -0.745818
13180 -711537.882564 0.000000 -3.780473 -0.745818
12605 -711537.882564 0.000000 -3.780473 -0.745818
23292 -711537.882563 0.000000 -3.780473 -0.745818
22902 -711537.882564 0.000000 -3.780473 -0.745818
102600 -711537.882564 0.000000 -3.780473 -0.745818
32998 -711537.882564 0.000000 -3.780473 -0.745818
32721 -711537.882564 0.000000 -3.780473 -0.745818
2981 -711537.907347 0.000000 -3.805256 -0.770601
2681 -711537.907347 0.000000 -3.805256 -0.770601
13107 -711537.907347 0.000000 -3.805256 -0.770601
12741 -711537.907347 0.000000 -3.805256 -0.770601
12566 -711537.907347 0.000000 -3.805256 -0.770601
22838 -711537.907347 0.000000 -3.805256 -0.770601
22614 -711537.907347 0.000000 -3.805256 -0.770601
33245 -711537.907347 0.000000 -3.805256 -0.770601
112740 -711537.907347 0.000000 -3.805256 -0.770601
32541 -711537.907347 0.000000 -3.805256 -0.770601
83161 -711537.869307 0.000000 -3.767217 -0.732561
2733 -711537.869307 0.000000 -3.767217 -0.732561
2563 -711537.869307 0.000000 -3.767217 -0.732561
13164 -711537.869307 0.000000 -3.767217 -0.732561
12608 -711537.869307 0.000000 -3.767217 -0.732561
23232 -711537.869307 0.000000 -3.767217 -0.732561
22904 -711537.869307 0.000000 -3.767217 -0.732561
22526 -711537.869307 0.000000 -3.767217 -0.732561
33001 -711537.869307 0.000000 -3.767217 -0.732561
32698 -711537.869307 0.000000 -3.767217 -0.732561
2930 -711538.057228 0.000000 -3.955137 -0.920482
82605 -711538.057228 0.000000 -3.955138 -0.920482
13048 -711538.057228 0.000000 -3.955137 -0.920482
12740 -711538.057228 0.000000 -3.955137 -0.920482
12558 -711538.057228 0.000000 -3.955138 -0.920482
22837 -711538.057228 0.000000 -3.955138 -0.920482
22593 -711538.057228 0.000000 -3.955137 -0.920482
33244 -711538.057228 0.000000 -3.955137 -0.920482
32654 -711538.057228 0.000000 -3.955138 -0.920482
32540 -711538.057228 0.000000 -3.955138 -0.920482
3040 -711538.015749 0.000000 -3.913659 -0.879004
2736 -711538.015749 0.000000 -3.913659 -0.879004
2554 -711538.015749 0.000000 -3.913659 -0.879003
92892 -711538.015749 0.000000 -3.913659 -0.879004
12583 -711538.015749 0.000000 -3.913659 -0.879004
23235 -711538.015749 0.000000 -3.913659 -0.879004
22893 -711538.015749 0.000000 -3.913659 -0.879003
22529 -711538.015749 0.000000 -3.913659 -0.879004
32946 -711538.015749 0.000000 -3.913659 -0.879004
32700 -711538.015749 0.000000 -3.913659 -0.879004
2929 -711537.838957 0.000000 -3.736867 -0.702212
2532 -711537.838958 0.000000 -3.736867 -0.702212
13047 -711537.838958 0.000000 -3.736867 -0.702212
12706 -711537.838958 0.000000 -3.736867 -0.702212
92573 -711537.838957 0.000000 -3.736867 -0.702212
22791 -711537.838958 0.000000 -3.736867 -0.702212
22592 -711537.838957 0.000000 -3.736867 -0.702212
33197 -711537.838958 0.000000 -3.736867 -0.702212
32653 -711537.838958 0.000000 -3.736867 -0.702212
32534 -711537.838958 0.000000 -3.736867 -0.702212
3043 -711537.821006 0.000000 -3.718916 -0.684261
2700 -711537.821006 0.000000 -3.718916 -0.684261
2556 -711537.821006 0.000000 -3.718916 -0.684261
12781 -711537.821006 0.000000 -3.718916 -0.684261
12586 -711537.821006 0.000000 -3.718916 -0.684261
23186 -711537.821006 0.000000 -3.718916 -0.684261
102704 -711537.821006 0.000000 -3.718916 -0.684261
22521 -711537.821006 0.000000 -3.718916 -0.684261
32949 -711537.821006 0.000000 -3.718916 -0.684261
32692 -711537.821006 0.000000 -3.718916 -0.684260
2893 -711537.641389 0.000000 -3.539298 -0.504643
2531 -711537.641389 0.000000 -3.539298 -0.504643
12988 -711537.641389 0.000000 -3.539298 -0.504643
12705 -711537.641389 0.000000 -3.539298 -0.504643
12511 -711537.641389 0.000000 -3.539298 -0.504643
22790 -711537.641389 0.000000 -3.539298 -0.504643
22575 -711537.641389 0.000000 -3.539298 -0.504643
112944 -711537.641389 0.000000 -3.539298 -0.504643
32624 -711537.641389 0.000000 -3.539298 -0.504643
32533 -711537.641389 0.000000 -3.539298 -0.504643
2980 -711537.684093 0.000000 -3.582002 -0.547347
2703 -711537.684093 0.000000 -3.582002 -0.547347
13434 -711537.684093 0.000000 -3.582002 -0.547347
12784 -711537.684093 0.000000 -3.582002 -0.547347
12565 -711537.684093 0.000000 -3.582002 -0.547347
23188 -711537.684093 0.000000 -3.582002 -0.547347
22613 -711537.684093 0.000000 -3.582002 -0.547347
33303 -711537.684093 0.000000 -3.582002 -0.547347
32911 -711537.684093 0.000000 -3.582002 -0.547347
112614 -711537.684093 0.000000 -3.582002 -0.547347
3224 -711537.638394 0.000000 -3.536304 -0.501649
82723 -711537.638394 0.000000 -3.536304 -0.501649
2520 -711537.638394 0.000000 -3.536304 -0.501648
12987 -711537.638394 0.000000 -3.536304 -0.501649
12683 -711537.638394 0.000000 -3.536304 -0.501649
23112 -711537.638394 0.000000 -3.536304 -0.501649
22748 -711537.638394 0.000000 -3.536304 -0.501649
22574 -711537.638394 0.000000 -3.536304 -0.501649
32845 -711537.638394 0.000000 -3.536304 -0.501649
32623 -711537.638394 0.000000 -3.536304 -0.501649
2983 -711537.652407 0.000000 -3.550317 -0.515662
2680 -711537.652407 0.000000 -3.550317 -0.515662
93168 -711537.652408 0.000000 -3.550317 -0.515662
12739 -711537.652408 0.000000 -3.550317 -0.515662
12568 -711537.652408 0.000000 -3.550317 -0.515662
23170 -711537.652408 0.000000 -3.550317 -0.515662
22616 -711537.652408 0.000000 -3.550317 -0.515662
33243 -711537.652407 0.000000 -3.550317 -0.515662
32913 -711537.652407 0.000000 -3.550317 -0.515662
32539 -711537.652408 0.000000 -3.550317 -0.515662
3223 -711537.659178 0.000000 -3.557087 -0.522432
2636 -711537.659178 0.000000 -3.557087 -0.522432
2519 -711537.659178 0.000000 -3.557087 -0.522432
12936 -711537.659178 0.000000 -3.557087 -0.522432
92607 -711537.659178 0.000000 -3.557087 -0.522432
23053 -711537.659178 0.000000 -3.557087 -0.522432
22747 -711537.659178 0.000000 -3.557087 -0.522432
22565 -711537.659178 0.000000 -3.557087 -0.522432
32844 -711537.659178 0.000000 -3.557087 -0.522432
32600 -711537.659178 0.000000 -3.557087 -0.522432
2928 -711537.628136 0.000000 -3.526046 -0.491390
2682 -711537.628136 0.000000 -3.526046 -0.491391
13046 -711537.628136 0.000000 -3.526046 -0.491391
12742 -711537.628136 0.000000 -3.526046 -0.491391
12557 -711537.628136 0.000000 -3.526046 -0.491390
102899 -711537.628136 0.000000 -3.526046 -0.491390
22591 -711537.628136 0.000000 -3.526046 -0.491391
33246 -711537.628136 0.000000 -3.526046 -0.491390
32900 -711537.628136 0.000000 -3.526046 -0.491391
32542 -711537.628136 0.000000 -3.526046 -0.491390
3176 -711537.619365 0.000000 -3.517275 -0.482619
2635 -711537.619365 0.000000 -3.517275 -0.482619
2513 -711537.619365 0.000000 -3.517275 -0.482620
12935 -711537.619365 0.000000 -3.517275 -0.482619
12535 -711537.619365 0.000000 -3.517275 -0.482619
23052 -711537.619365 0.000000 -3.517275 -0.482620
22712 -711537.619365 0.000000 -3.517275 -0.482619
102578 -711537.619365 0.000000 -3.517275 -0.482620
32799 -711537.619365 0.000000 -3.517275 -0.482620
32599 -711537.619365 0.000000 -3.517275 -0.482620
2931 -711537.558849 0.000000 -3.456759 -0.422103
2674 -711537.558849 0.000000 -3.456759 -0.422103
13049 -711537.558849 0.000000 -3.456759 -0.422103
12704 -711537.558849 0.000000 -3.456758 -0.422103
12559 -711537.558849 0.000000 -3.456759 -0.422103
22789 -711537.558849 0.000000 -3.456758 -0.422103
22594 -711537.558849 0.000000 -3.456758 -0.422103
33196 -711537.558849 0.000000 -3.456758 -0.422103
112715 -711537.558849 0.000000 -3.456758 -0.422103
32532 -711537.558849 0.000000 -3.456759 -0.422103
82924 -711537.644261 0.000000 -3.542171 -0.507516
2606 -711537.644261 0.000000 -3.542171 -0.507516
13286 -711537.644261 0.000000 -3.542171 -0.507516
12901 -711537.644261 0.000000 -3.542171 -0.507515
12534 -711537.644261 0.000000 -3.542171 -0.507516
22993 -711537.644261 0.000000 -3.542171 -0.507516
22711 -711537.644261 0.000000 -3.542171 -0.507516
33122 -711537.644261 0.000000 -3.542171 -0.507516
32798 -711537.644261 0.000000 -3.542171 -0.507516
32584 -711537.644261 0.000000 -3.542171 -0.507515
3282 -711537.590542 0.000000 -3.488452 -0.453797
2892 -711537.590542 0.000000 -3.488452 -0.453797
82593 -711537.590542 0.000000 -3.488452 -0.453797
12986 -711537.590542 0.000000 -3.488452 -0.453797
12707 -711537.590542 0.000000 -3.488452 -0.453797
23440 -711537.590542 0.000000 -3.488452 -0.453797
22792 -711537.590542 0.000000 -3.488452 -0.453797
22573 -711537.590542 0.000000 -3.488452 -0.453797
33198 -711537.590542 0.000000 -3.488452 -0.453797
32622 -711537.590542 0.000000 -3.488452 -0.453797
2825 -711537.651396 0.000000 -3.549306 -0.514651
2605 -711537.651396 0.000000 -3.549306 -0.514651
13230 -711537.651396 0.000000 -3.549306 -0.514650
92724 -711537.651396 0.000000 -3.549306 -0.514651
12525 -711537.651396 0.000000 -3.549306 -0.514651
22992 -711537.651396 0.000000 -3.549306 -0.514651
22689 -711537.651396 0.000000 -3.549306 -0.514651
33121 -711537.651396 0.000000 -3.549306 -0.514651
32758 -711537.651396 0.000000 -3.549306 -0.514651
32583 -711537.651396 0.000000 -3.549306 -0.514651
3222 -711537.685752 0.000000 -3.583661 -0.549006
2894 -711537.685752 0.000000 -3.583661 -0.549006
2518 -711537.685752 0.000000 -3.583661 -0.549006
12989 -711537.685752 0.000000 -3.583661 -0.549006
12682 -711537.685752 0.000000 -3.583661 -0.549006
103173 -711537.685752 0.000000 -3.583661 -0.549006
22746 -711537.685752 0.000000 -3.583661 -0.549006
22576 -711537.685752 0.000000 -3.583661 -0.549006
33180 -711537.685752 0.000000 -3.583661 -0.549006
32625 -711537.685752 0.000000 -3.583661 -0.549006
2824 -711537.606770 0.000000 -3.504679 -0.470024
2582 -711537.606770 0.000000 -3.504679 -0.470024
13229 -711537.606770 0.000000 -3.504679 -0.470024
12639 -711537.606770 0.000000 -3.504679 -0.470024
12524 -711537.606770 0.000000 -3.504679 -0.470024
22941 -711537.606770 0.000000 -3.504679 -0.470024
102614 -711537.606770 0.000000 -3.504679 -0.470024
33063 -711537.606770 0.000000 -3.504679 -0.470024
32757 -711537.606770 0.000000 -3.504679 -0.470024
32576 -711537.606770 0.000000 -3.504679 -0.470024
3225 -711537.625550 0.000000 -3.523460 -0.488805
2880 -711537.625550 0.000000 -3.523460 -0.488805
2521 -711537.625550 0.000000 -3.523460 -0.488805
12934 -711537.625550 0.000000 -3.523460 -0.488805
12684 -711537.625550 0.000000 -3.523460 -0.488805
23051 -711537.625550 0.000000 -3.523460 -0.488805
22749 -711537.625550 0.000000 -3.523460 -0.488805
22564 -711537.625550 0.000000 -3.523460 -0.488805
112906 -711537.625550 0.000000 -3.523460 -0.488805
32598 -711537.625550 0.000000 -3.523460 -0.488805
