#ID      EIFS 	      EIPFS 	   FSbin        FSseg
596 -517823.735745 0.000000 -4.892138 -1.858974
666 -517823.299410 0.000000 -4.455803 -1.422638
733 -517823.319521 0.000000 -4.475914 -1.442750
769 -517823.463541 0.000000 -4.619935 -1.586770
3810 -517821.829135 0.000000 -2.985528 0.047636
4421 -517823.697022 0.000000 -4.853415 -1.820251
4474 -517823.315637 0.000000 -4.472030 -1.438865
4493 -517823.325711 0.000000 -4.482104 -1.448940
7552 -517823.461945 0.000000 -4.618339 -1.585174
7581 -517821.828997 0.000000 -2.985390 0.047774
8229 -517823.697024 0.000000 -4.853418 -1.820253
11410 -517823.315629 0.000000 -4.472023 -1.438858
11481 -517823.325703 0.000000 -4.482097 -1.448932
11545 -517823.461936 0.000000 -4.618329 -1.585165
11518 -517821.686226 0.000000 -2.842619 0.190546
15193 -517823.697024 0.000000 -4.853418 -1.820253
15264 -517823.315628 0.000000 -4.472021 -1.438857
15313 -517823.325704 0.000000 -4.482097 -1.448933
15328 -517823.461939 0.000000 -4.618333 -1.585168
19079 -517821.686235 0.000000 -2.842628 0.190536
19137 -517823.697028 0.000000 -4.853421 -1.820257
19178 -517823.315640 0.000000 -4.472034 -1.438869
22221 -517823.325725 0.000000 -4.482119 -1.448954
22292 -517823.461973 0.000000 -4.618367 -1.585202
22846 -517821.686278 0.000000 -2.842671 0.190494
22870 -517823.697006 0.000000 -4.853399 -1.820234
25995 -517823.317421 0.000000 -4.473815 -1.440650
26066 -517823.325647 0.000000 -4.482040 -1.448876
26101 -517823.213544 0.000000 -4.369937 -1.336772
445 -517823.338033 0.000000 -4.494426 -1.461261
516 -517823.422074 0.000000 -4.578467 -1.545303
561 -517823.265091 0.000000 -4.421485 -1.388320
239 -517823.734871 0.000000 -4.891264 -1.858099
4190 -517823.335469 0.000000 -4.491862 -1.458697
4262 -517823.345181 0.000000 -4.501575 -1.468410
4306 -517823.480863 0.000000 -4.637256 -1.604092
7409 -517823.254347 0.000000 -4.410740 -1.377575
8127 -517823.735077 0.000000 -4.891470 -1.858306
8180 -517823.335425 0.000000 -4.491819 -1.458654
8199 -517823.345177 0.000000 -4.501570 -1.468406
11270 -517823.480852 0.000000 -4.637245 -1.604080
11817 -517821.856566 0.000000 -3.012960 0.020205
11870 -517823.735076 0.000000 -4.891470 -1.858305
14930 -517823.335423 0.000000 -4.491816 -1.458651
15003 -517823.345176 0.000000 -4.501569 -1.468405
15073 -517823.480851 0.000000 -4.637244 -1.604080
14853 -517821.856563 0.000000 -3.012956 0.020208
18926 -517823.735078 0.000000 -4.891471 -1.858306
18999 -517823.335427 0.000000 -4.491820 -1.458655
19048 -517823.345183 0.000000 -4.501577 -1.468412
19062 -517823.480868 0.000000 -4.637262 -1.604097
22647 -517821.856512 0.000000 -3.012905 0.020259
22719 -517823.735118 0.000000 -4.891512 -1.858347
22767 -517823.335550 0.000000 -4.491943 -1.458778
25790 -517823.343776 0.000000 -4.500170 -1.467005
25854 -517823.527499 0.000000 -4.683893 -1.650728
26524 -517822.708373 0.000000 -3.864766 -0.831601
26392 -517823.335976 0.000000 -4.492369 -1.459205
203 -517823.415754 0.000000 -4.572148 -1.538983
274 -517823.263245 0.000000 -4.419638 -1.386474
858 -517821.663174 0.000000 -2.819568 0.213597
888 -517823.306729 0.000000 -4.463123 -1.429958
3961 -517823.336797 0.000000 -4.493191 -1.460026
4034 -517823.475752 0.000000 -4.632145 -1.598981
4065 -517823.251088 0.000000 -4.407481 -1.374316
4058 -517823.735009 0.000000 -4.891402 -1.858238
7929 -517823.306728 0.000000 -4.463121 -1.429957
7999 -517823.336694 0.000000 -4.493087 -1.459923
8042 -517823.475742 0.000000 -4.632135 -1.598970
11104 -517823.251134 0.000000 -4.407527 -1.374363
11692 -517823.735011 0.000000 -4.891405 -1.858240
11752 -517823.306723 0.000000 -4.463116 -1.429951
11778 -517823.336690 0.000000 -4.493084 -1.459919
14833 -517823.475739 0.000000 -4.632132 -1.598968
15502 -517821.852881 0.000000 -3.009274 0.023891
15543 -517823.735012 0.000000 -4.891405 -1.858241
15524 -517823.306724 0.000000 -4.463118 -1.429953
18737 -517823.336694 0.000000 -4.493087 -1.459923
18806 -517823.475747 0.000000 -4.632140 -1.598976
19061 -517821.852857 0.000000 -3.009250 0.023914
22447 -517823.735019 0.000000 -4.891413 -1.858248
22520 -517823.306764 0.000000 -4.463158 -1.429993
22576 -517823.336746 0.000000 -4.493139 -1.459975
22594 -517823.475813 0.000000 -4.632206 -1.599041
26356 -517822.681266 0.000000 -3.837659 -0.804494
26426 -517823.736547 0.000000 -4.892941 -1.859776
26474 -517823.337224 0.000000 -4.493617 -1.460453
633 -517821.739273 0.000000 -2.895666 0.137499
705 -517823.376347 0.000000 -4.532741 -1.499576
759 -517823.411448 0.000000 -4.567841 -1.534677
778 -517823.547785 0.000000 -4.704178 -1.671014
3831 -517823.321871 0.000000 -4.478264 -1.445100
4538 -517823.810329 0.000000 -4.966723 -1.933558
4566 -517823.381210 0.000000 -4.537604 -1.504439
7703 -517823.411799 0.000000 -4.568192 -1.535028
7775 -517823.547568 0.000000 -4.703962 -1.670797
7821 -517823.321963 0.000000 -4.478357 -1.445192
8027 -517823.810335 0.000000 -4.966729 -1.933564
11448 -517823.381203 0.000000 -4.537596 -1.504431
11520 -517823.411793 0.000000 -4.568186 -1.535021
11569 -517823.547562 0.000000 -4.703955 -1.670791
15347 -517821.907509 0.000000 -3.063902 -0.030737
15409 -517823.810335 0.000000 -4.966729 -1.933564
15468 -517823.381203 0.000000 -4.537596 -1.504432
15492 -517823.411794 0.000000 -4.568187 -1.535023
18536 -517823.547566 0.000000 -4.703960 -1.670795
19107 -517821.907499 0.000000 -3.063892 -0.030727
19165 -517823.810339 0.000000 -4.966732 -1.933568
19188 -517823.381220 0.000000 -4.537613 -1.504448
22259 -517823.411822 0.000000 -4.568216 -1.535051
22330 -517823.547615 0.000000 -4.704008 -1.670843
22553 -517821.907117 0.000000 -3.063511 -0.030346
26192 -517823.811597 0.000000 -4.967991 -1.934826
26264 -517823.410368 0.000000 -4.566762 -1.533597
26318 -517823.456933 0.000000 -4.613327 -1.580162
26338 -517823.322834 0.000000 -4.479227 -1.446063
409 -517822.696692 0.000000 -3.853086 -0.819921
481 -517821.716992 0.000000 -2.873385 0.159780
543 -517822.656217 0.000000 -3.812610 -0.779446
565 -517822.004009 0.000000 -3.160402 -0.127237
4349 -517821.740179 0.000000 -2.896573 0.136592
4420 -517821.706700 0.000000 -2.863093 0.170071
4473 -517821.718892 0.000000 -2.875285 0.157879
4492 -517823.110827 0.000000 -4.267221 -1.234056
7551 -517822.003989 0.000000 -3.160382 -0.127218
8158 -517821.739978 0.000000 -2.896371 0.136793
8193 -517821.706566 0.000000 -2.862959 0.170206
11233 -517821.718841 0.000000 -2.875234 0.157930
11306 -517823.110808 0.000000 -4.267202 -1.234037
11330 -517822.003981 0.000000 -3.160374 -0.127210
11567 -517821.739965 0.000000 -2.896359 0.136806
15192 -517821.706560 0.000000 -2.862954 0.170211
15263 -517821.718842 0.000000 -2.875235 0.157929
15312 -517823.110814 0.000000 -4.267207 -1.234042
18890 -517822.228117 0.000000 -3.384511 -0.351346
18962 -517821.739987 0.000000 -2.896380 0.136784
19027 -517821.706596 0.000000 -2.862989 0.170176
19059 -517821.718895 0.000000 -2.875288 0.157876
22114 -517823.110862 0.000000 -4.267256 -1.234091
22798 -517822.228077 0.000000 -3.384470 -0.351306
22845 -517821.740434 0.000000 -2.896828 0.136337
22869 -517821.706450 0.000000 -2.862844 0.170321
25994 -517822.656724 0.000000 -3.813117 -0.779952
26065 -517823.796334 0.000000 -4.952727 -1.919562
26539 -517822.752185 0.000000 -3.908578 -0.875414
241 -517823.036093 0.000000 -4.192486 -1.159322
304 -517822.932988 0.000000 -4.089381 -1.056217
831 -517823.153219 0.000000 -4.309613 -1.276448
4153 -517822.696729 0.000000 -3.853122 -0.819958
4226 -517822.701201 0.000000 -3.857594 -0.824430
4287 -517823.147346 0.000000 -4.303740 -1.270575
4314 -517823.425696 0.000000 -4.582089 -1.548925
7896 -517823.101851 0.000000 -4.258245 -1.225080
7969 -517822.696792 0.000000 -3.853185 -0.820020
8029 -517822.701241 0.000000 -3.857635 -0.824470
8054 -517823.147320 0.000000 -4.303714 -1.270549
11124 -517823.425685 0.000000 -4.582079 -1.548914
11847 -517823.101860 0.000000 -4.258253 -1.225089
11882 -517822.696793 0.000000 -3.853187 -0.820022
14966 -517822.701243 0.000000 -3.857636 -0.824472
15039 -517823.147319 0.000000 -4.303712 -1.270548
74105 -517823.425686 0.000000 -4.582079 -1.548915
15559 -517823.101860 0.000000 -4.258253 -1.225089
18704 -517822.696793 0.000000 -3.853187 -0.820022
18777 -517822.701242 0.000000 -3.857635 -0.824471
18833 -517823.147350 0.000000 -4.303743 -1.270578
18404 -517822.315750 0.000000 -3.472143 -0.438978
22683 -517823.101854 0.000000 -4.258247 -1.225083
22747 -517822.696831 0.000000 -3.853224 -0.820059
22777 -517822.701245 0.000000 -3.857638 -0.824474
25826 -517823.810306 0.000000 -4.966700 -1.933535
26394 -517822.023979 0.000000 -3.180372 -0.147208
26458 -517821.748583 0.000000 -2.904976 0.128188
26488 -517822.701664 0.000000 -3.858058 -0.824893
108 -517823.023076 0.000000 -4.179469 -1.146304
795 -517823.192899 0.000000 -4.349292 -1.316128
857 -517822.770610 0.000000 -3.927003 -0.893839
887 -517822.765533 0.000000 -3.921926 -0.888761
3960 -517823.162201 0.000000 -4.318594 -1.285430
4033 -517823.514712 0.000000 -4.671105 -1.637941
4557 -517823.156114 0.000000 -4.312507 -1.279343
4569 -517823.069901 0.000000 -4.226294 -1.193130
7739 -517822.765329 0.000000 -3.921722 -0.888558
7805 -517823.162095 0.000000 -4.318489 -1.285324
7825 -517823.514692 0.000000 -4.671085 -1.637921
11619 -517823.156134 0.000000 -4.312527 -1.279363
11691 -517823.069885 0.000000 -4.226278 -1.193114
11751 -517822.765332 0.000000 -3.921725 -0.888561
11777 -517823.162087 0.000000 -4.318481 -1.285316
14832 -517823.514692 0.000000 -4.671085 -1.637920
15443 -517823.156135 0.000000 -4.312529 -1.279364
15484 -517823.069889 0.000000 -4.226283 -1.193118
18500 -517822.765332 0.000000 -3.921725 -0.888560
18572 -517823.162103 0.000000 -4.318497 -1.285332
19196 -517822.373054 0.000000 -3.529447 -0.496282
19106 -517823.156130 0.000000 -4.312523 -1.279359
22446 -517823.069949 0.000000 -4.226342 -1.193177
22519 -517822.765343 0.000000 -3.921737 -0.888572
22575 -517823.162167 0.000000 -4.318560 -1.285396
22116 -517822.372252 0.000000 -3.528645 -0.495481
26228 -517822.758676 0.000000 -3.915069 -0.881904
26295 -517822.756755 0.000000 -3.913149 -0.879984
26333 -517823.162215 0.000000 -4.318609 -1.285444
669 -517823.252471 0.000000 -4.408864 -1.375699
736 -517823.238925 0.000000 -4.395318 -1.362154
772 -517823.248298 0.000000 -4.404692 -1.371527
3813 -517822.391484 0.000000 -3.547877 -0.514713
4387 -517823.669199 0.000000 -4.825593 -1.792428
4454 -517823.233953 0.000000 -4.390346 -1.357181
4490 -517823.244777 0.000000 -4.401170 -1.368005
7518 -517823.250558 0.000000 -4.406951 -1.373786
7572 -517822.391220 0.000000 -3.547614 -0.514449
8232 -517823.669279 0.000000 -4.825673 -1.792508
7967 -517823.233971 0.000000 -4.390365 -1.357200
11484 -517823.244789 0.000000 -4.401182 -1.368017
11548 -517823.250565 0.000000 -4.406959 -1.373794
11578 -517822.391212 0.000000 -3.547605 -0.514440
15159 -517823.669284 0.000000 -4.825677 -1.792513
15231 -517823.233973 0.000000 -4.390366 -1.357202
15295 -517823.244789 0.000000 -4.401182 -1.368018
15326 -517823.250564 0.000000 -4.406957 -1.373793
19080 -517822.516974 0.000000 -3.673367 -0.640202
19140 -517823.669278 0.000000 -4.825672 -1.792507
19181 -517823.233967 0.000000 -4.390360 -1.357196
19189 -517823.244778 0.000000 -4.401171 -1.368007
22295 -517823.250549 0.000000 -4.406942 -1.373778
22824 -517822.516976 0.000000 -3.673369 -0.640205
22864 -517823.668941 0.000000 -4.825334 -1.792170
25961 -517823.235335 0.000000 -4.391728 -1.358564
26033 -517823.228296 0.000000 -4.384689 -1.351525
26094 -517824.004478 0.000000 -5.160872 -2.127707
25705 -517823.651757 0.000000 -4.808150 -1.774986
408 -517823.239839 0.000000 -4.396232 -1.363068
480 -517823.251909 0.000000 -4.408302 -1.375138
542 -517823.938032 0.000000 -5.094425 -2.061261
483 -517823.707674 0.000000 -4.864067 -1.830903
4189 -517823.237046 0.000000 -4.393440 -1.360275
4261 -517823.246669 0.000000 -4.403063 -1.369898
4305 -517823.252687 0.000000 -4.409081 -1.375916
7408 -517822.432213 0.000000 -3.588606 -0.555442
8090 -517823.708284 0.000000 -4.864677 -1.831512
8157 -517823.237141 0.000000 -4.393534 -1.360370
8192 -517823.246702 0.000000 -4.403095 -1.369930
11232 -517823.252701 0.000000 -4.409095 -1.375930
11305 -517822.432212 0.000000 -3.588605 -0.555441
11869 -517823.708293 0.000000 -4.864686 -1.831522
11887 -517823.237145 0.000000 -4.393539 -1.360374
15002 -517823.246704 0.000000 -4.403097 -1.369932
15072 -517823.252702 0.000000 -4.409096 -1.375931
15089 -517822.432215 0.000000 -3.588608 -0.555444
18889 -517823.708290 0.000000 -4.864683 -1.831519
18961 -517823.237142 0.000000 -4.393535 -1.360371
19026 -517823.246698 0.000000 -4.403091 -1.369927
19058 -517823.252694 0.000000 -4.409087 -1.375923
22646 -517822.536036 0.000000 -3.692430 -0.659265
22718 -517823.708252 0.000000 -4.864645 -1.831481
22766 -517823.237091 0.000000 -4.393484 -1.360320
22781 -517823.246955 0.000000 -4.403348 -1.370183
25853 -517823.957171 0.000000 -5.113564 -2.080400
26506 -517822.517431 0.000000 -3.673824 -0.640660
26538 -517823.239154 0.000000 -4.395547 -1.362382
277 -517823.945282 0.000000 -5.101675 -2.068510
832 -517822.196886 0.000000 -3.353280 -0.320115
879 -517823.210763 0.000000 -4.367156 -1.333991
3927 -517823.241536 0.000000 -4.397930 -1.364765
4000 -517823.246904 0.000000 -4.403297 -1.370133
4059 -517822.423314 0.000000 -3.579707 -0.546543
3999 -517823.708729 0.000000 -4.865122 -1.831957
7932 -517823.209206 0.000000 -4.365599 -1.332434
8002 -517823.241647 0.000000 -4.398040 -1.364876
8045 -517823.246941 0.000000 -4.403335 -1.370170
8055 -517822.423325 0.000000 -3.579718 -0.546554
11658 -517823.708748 0.000000 -4.865141 -1.831976
11728 -517823.209212 0.000000 -4.365605 -1.332441
11772 -517823.241652 0.000000 -4.398045 -1.364881
14799 -517823.246944 0.000000 -4.403337 -1.370173
14854 -517822.423325 0.000000 -3.579718 -0.546554
15546 -517823.708748 0.000000 -4.865142 -1.831977
15294 -517823.209212 0.000000 -4.365605 -1.332440
18740 -517823.241649 0.000000 -4.398043 -1.364878
18809 -517823.246940 0.000000 -4.403334 -1.370169
77792 -517822.423336 0.000000 -3.579729 -0.546565
22413 -517823.708732 0.000000 -4.865126 -1.831961
22486 -517823.209194 0.000000 -4.365588 -1.332423
22554 -517823.241623 0.000000 -4.398016 -1.364852
22592 -517823.246891 0.000000 -4.403284 -1.370119
26357 -517822.509880 0.000000 -3.666274 -0.633109
26429 -517823.654083 0.000000 -4.810476 -1.777311
26477 -517823.240250 0.000000 -4.396643 -1.363479
26490 -517823.248205 0.000000 -4.404598 -1.371433
632 -517822.513748 0.000000 -3.670141 -0.636977
704 -517823.334677 0.000000 -4.491070 -1.457906
758 -517822.032387 0.000000 -3.188781 -0.155616
777 -517823.546711 0.000000 -4.703105 -1.669940
3830 -517822.438143 0.000000 -3.594536 -0.561372
4512 -517822.298231 0.000000 -3.454624 -0.421459
4556 -517823.350554 0.000000 -4.506948 -1.473783
7667 -517823.379809 0.000000 -4.536202 -1.503038
7738 -517823.545891 0.000000 -4.702284 -1.669119
7804 -517822.438099 0.000000 -3.594493 -0.561328
8052 -517822.298212 0.000000 -3.454605 -0.421441
11447 -517823.350554 0.000000 -4.506947 -1.473783
11519 -517823.379805 0.000000 -4.536199 -1.503034
11568 -517823.545885 0.000000 -4.702278 -1.669113
11579 -517822.438096 0.000000 -3.594490 -0.561325
15373 -517822.298210 0.000000 -3.454604 -0.421439
15442 -517823.350554 0.000000 -4.506947 -1.473783
15483 -517823.379807 0.000000 -4.536200 -1.503035
18499 -517823.545887 0.000000 -4.702281 -1.669116
18571 -517822.438105 0.000000 -3.594498 -0.561333
19164 -517822.298205 0.000000 -3.454599 -0.421434
19187 -517823.350563 0.000000 -4.506956 -1.473792
22258 -517823.379815 0.000000 -4.536208 -1.503044
22329 -517823.545928 0.000000 -4.702322 -1.669157
22877 -517822.893544 0.000000 -4.049937 -1.016772
22257 -517822.297400 0.000000 -3.453793 -0.420629
26227 -517822.031088 0.000000 -3.187482 -0.154317
26294 -517823.919321 0.000000 -5.075715 -2.042550
26332 -517822.439890 0.000000 -3.596283 -0.563119
912 -517823.711802 0.000000 -4.868196 -1.835031
240 -517823.320255 0.000000 -4.476648 -1.443483
1519 -517822.362534 0.000000 -3.518928 -0.485763
1292 -517822.892512 0.000000 -4.048905 -1.015741
1646 -517823.030502 0.000000 -4.186896 -1.153731
446 -517823.324681 0.000000 -4.481074 -1.447910
59376 -517823.893176 0.000000 -5.049569 -2.016405
1258 -517822.352832 0.000000 -3.509225 -0.476061
1113 -517822.923727 0.000000 -4.080121 -1.046956
1482 -517822.902716 0.000000 -4.059110 -1.025945
913 -517823.299823 0.000000 -4.456216 -1.423051
303 -517823.463668 0.000000 -4.620061 -1.586896
1447 -517822.811790 0.000000 -3.968184 -0.935019
1220 -517822.775814 0.000000 -3.932208 -0.899043
984 -517823.395053 0.000000 -4.551446 -1.518282
517 -517823.309188 0.000000 -4.465582 -1.432417
860 -517823.408978 0.000000 -4.565372 -1.532207
1194 -517822.358553 0.000000 -3.514946 -0.481782
1044 -517822.474496 0.000000 -3.630889 -0.597724
1413 -517823.031234 0.000000 -4.187628 -1.154463
914 -517823.277508 0.000000 -4.433901 -1.400736
59484 -517823.896507 0.000000 -5.052900 -2.019735
939 -517822.894441 0.000000 -4.050835 -1.017670
1172 -517822.791564 0.000000 -3.947958 -0.914793
940 -517822.900074 0.000000 -4.056468 -1.023303
562 -517823.452539 0.000000 -4.608932 -1.575767
890 -517823.330314 0.000000 -4.486707 -1.453543
1162 -517822.808424 0.000000 -3.964817 -0.931653
1002 -517822.366773 0.000000 -3.523166 -0.490001
918 -517823.350250 0.000000 -4.506644 -1.473479
915 -517823.260187 0.000000 -4.416580 -1.383416
545 -517823.359430 0.000000 -4.515823 -1.482658
922 -517822.339633 0.000000 -3.496026 -0.462862
1158 -517823.172288 0.000000 -4.328682 -1.295517
923 -517822.890117 0.000000 -4.046510 -1.013346
4351 -517823.712890 0.000000 -4.869283 -1.836118
3963 -517823.326553 0.000000 -4.482946 -1.449782
4912 -517822.514763 0.000000 -3.671156 -0.637991
5299 -517822.391897 0.000000 -3.548290 -0.515125
4878 -517822.892806 0.000000 -4.049199 -1.016034
4572 -517823.422654 0.000000 -4.579048 -1.545883
4188 -517823.323213 0.000000 -4.479606 -1.446441
5062 -517822.353372 0.000000 -3.509766 -0.476601
4724 -517822.925244 0.000000 -4.081637 -1.048473
5063 -517822.905619 0.000000 -4.062012 -1.028848
4423 -517823.322734 0.000000 -4.479128 -1.445963
4036 -517823.478538 0.000000 -4.634932 -1.601767
4840 -517822.335395 0.000000 -3.491789 -0.458624
5227 -517822.800724 0.000000 -3.957118 -0.923953
4807 -517822.887679 0.000000 -4.044072 -1.010908
4573 -517823.671675 0.000000 -4.828069 -1.794904
4260 -517823.317761 0.000000 -4.474154 -1.440989
4993 -517822.381687 0.000000 -3.538081 -0.504916
4663 -517822.771998 0.000000 -3.928392 -0.895227
4994 -517823.298006 0.000000 -4.454399 -1.421235
4476 -517823.312634 0.000000 -4.469027 -1.435863
4539 -517823.722102 0.000000 -4.878496 -1.845331
4776 -517822.352327 0.000000 -3.508720 -0.475556
4594 -517822.546233 0.000000 -3.702627 -0.669462
4758 -517822.905551 0.000000 -4.061944 -1.028780
4574 -517823.275196 0.000000 -4.431589 -1.398425
4304 -517823.480268 0.000000 -4.636662 -1.603497
4962 -517822.806187 0.000000 -3.962580 -0.929416
4623 -517822.776842 0.000000 -3.933235 -0.900071
4580 -517823.359806 0.000000 -4.516199 -1.483034
4494 -517823.306158 0.000000 -4.462552 -1.429387
4567 -517823.373660 0.000000 -4.530053 -1.496889
4745 -517822.377040 0.000000 -3.533433 -0.500268
4578 -517822.367581 0.000000 -3.523974 -0.490809
4743 -517823.299317 0.000000 -4.455711 -1.422546
4575 -517823.265273 0.000000 -4.421666 -1.388502
7895 -517823.719665 0.000000 -4.876058 -1.842894
8516 -517822.535010 0.000000 -3.691403 -0.658239
8909 -517822.794136 0.000000 -3.950530 -0.917365
8681 -517822.893682 0.000000 -4.050075 -1.016910
7554 -517823.467668 0.000000 -4.624062 -1.590897
7704 -517823.333464 0.000000 -4.489857 -1.456693
9015 -517822.807506 0.000000 -3.963899 -0.930735
8647 -517822.369388 0.000000 -3.525781 -0.492617
8480 -517823.352891 0.000000 -4.509284 -1.476119
8237 -517823.259406 0.000000 -4.415800 -1.382635
7968 -517823.360155 0.000000 -4.516549 -1.483384
8445 -517822.340336 0.000000 -3.496730 -0.463565
8837 -517823.172258 0.000000 -4.328651 -1.295486
8608 -517822.889959 0.000000 -4.046353 -1.013188
8128 -517823.713199 0.000000 -4.869592 -1.836428
7776 -517823.326294 0.000000 -4.482687 -1.449523
8306 -517822.514945 0.000000 -3.671339 -0.638174
8578 -517822.391727 0.000000 -3.548120 -0.514956
8408 -517822.892831 0.000000 -4.049224 -1.016060
8238 -517823.422699 0.000000 -4.579093 -1.545928
8028 -517823.323159 0.000000 -4.479553 -1.446388
8381 -517822.353280 0.000000 -3.509673 -0.476508
8280 -517822.925260 0.000000 -4.081654 -1.048489
8552 -517822.905616 0.000000 -4.062009 -1.028845
8181 -517823.322752 0.000000 -4.479145 -1.445980
7822 -517823.478561 0.000000 -4.634954 -1.601789
8266 -517822.335342 0.000000 -3.491735 -0.458571
8539 -517822.800761 0.000000 -3.957154 -0.923989
8360 -517822.887671 0.000000 -4.044065 -1.010900
8239 -517823.671706 0.000000 -4.828099 -1.794935
8053 -517823.317778 0.000000 -4.474171 -1.441006
8350 -517822.381685 0.000000 -3.538079 -0.504914
8257 -517822.771981 0.000000 -3.928374 -0.895210
8534 -517823.298002 0.000000 -4.454396 -1.421231
8200 -517823.312643 0.000000 -4.469037 -1.435872
11621 -517823.722099 0.000000 -4.878492 -1.845327
8256 -517822.352315 0.000000 -3.508708 -0.475544
12296 -517822.546182 0.000000 -3.702576 -0.669411
12664 -517822.905547 0.000000 -4.061940 -1.028776
11896 -517823.275208 0.000000 -4.431601 -1.398436
11123 -517823.480255 0.000000 -4.636648 -1.603484
12629 -517822.806205 0.000000 -3.962599 -0.929434
12458 -517822.776839 0.000000 -3.933232 -0.900068
12095 -517823.359805 0.000000 -4.516198 -1.483034
11271 -517823.306157 0.000000 -4.462550 -1.429386
11694 -517823.373665 0.000000 -4.530059 -1.496894
12424 -517822.377042 0.000000 -3.533436 -0.500271
12224 -517822.367574 0.000000 -3.523967 -0.490803
12601 -517823.299310 0.000000 -4.455704 -1.422539
11897 -517823.265275 0.000000 -4.421668 -1.388504
11816 -517823.719670 0.000000 -4.876063 -1.842899
12023 -517822.535006 0.000000 -3.691399 -0.658235
12388 -517822.794132 0.000000 -3.950526 -0.917361
12024 -517822.893680 0.000000 -4.050073 -1.016908
11324 -517823.467659 0.000000 -4.624053 -1.590888
11754 -517823.333462 0.000000 -4.489855 -1.456691
12363 -517822.807517 0.000000 -3.963910 -0.930746
12156 -517822.369388 0.000000 -3.525781 -0.492617
11929 -517823.352891 0.000000 -4.509284 -1.476120
11898 -517823.259405 0.000000 -4.415798 -1.382634
11868 -517823.360158 0.000000 -4.516551 -1.483387
11976 -517822.340336 0.000000 -3.496729 -0.463564
12352 -517823.172253 0.000000 -4.328646 -1.295482
11977 -517822.889957 0.000000 -4.046350 -1.013186
11308 -517823.713201 0.000000 -4.869594 -1.836429
11780 -517823.326292 0.000000 -4.482685 -1.449520
11913 -517822.514944 0.000000 -3.671337 -0.638173
12119 -517822.391725 0.000000 -3.548118 -0.514954
11907 -517822.892829 0.000000 -4.049222 -1.016058
11899 -517823.422696 0.000000 -4.579089 -1.545925
11886 -517823.323160 0.000000 -4.479553 -1.446388
11963 -517822.353279 0.000000 -3.509673 -0.476508
11900 -517822.925259 0.000000 -4.081652 -1.048488
11964 -517822.905614 0.000000 -4.062007 -1.028842
15195 -517823.322752 0.000000 -4.479145 -1.445981
14835 -517823.478559 0.000000 -4.634952 -1.601788
16073 -517822.335343 0.000000 -3.491736 -0.458572
16372 -517822.800763 0.000000 -3.957156 -0.923992
16039 -517822.887671 0.000000 -4.044064 -1.010900
15560 -517823.671706 0.000000 -4.828100 -1.794935
15001 -517823.317778 0.000000 -4.474171 -1.441007
16203 -517822.381686 0.000000 -3.538079 -0.504915
15817 -517822.771982 0.000000 -3.928375 -0.895210
16204 -517823.298002 0.000000 -4.454395 -1.421231
15266 -517823.312644 0.000000 -4.469037 -1.435872
15410 -517823.722098 0.000000 -4.878492 -1.845327
16001 -517822.352316 0.000000 -3.508710 -0.475545
15657 -517822.546183 0.000000 -3.702576 -0.669412
15968 -517822.905547 0.000000 -4.061941 -1.028776
15561 -517823.275208 0.000000 -4.431601 -1.398437
15071 -517823.480255 0.000000 -4.636649 -1.603484
16168 -517822.806206 0.000000 -3.962599 -0.929435
15750 -517822.776841 0.000000 -3.933234 -0.900069
15627 -517823.359805 0.000000 -4.516199 -1.483034
15315 -517823.306158 0.000000 -4.462551 -1.429387
15469 -517823.373666 0.000000 -4.530059 -1.496894
15941 -517822.377045 0.000000 -3.533438 -0.500273
15609 -517822.367577 0.000000 -3.523971 -0.490806
15925 -517823.299312 0.000000 -4.455705 -1.422540
15562 -517823.265276 0.000000 -4.421669 -1.388504
15558 -517823.719670 0.000000 -4.876063 -1.842898
15570 -517822.535006 0.000000 -3.691399 -0.658235
15713 -517822.794135 0.000000 -3.950528 -0.917364
15597 -517822.893682 0.000000 -4.050075 -1.016911
15329 -517823.467662 0.000000 -4.624055 -1.590890
15493 -517823.333464 0.000000 -4.489857 -1.456693
15919 -517822.807514 0.000000 -3.963907 -0.930743
15595 -517822.369393 0.000000 -3.525786 -0.492621
15564 -517823.352893 0.000000 -4.509286 -1.476121
15563 -517823.259406 0.000000 -4.415799 -1.382635
18703 -517823.360158 0.000000 -4.516552 -1.483387
19650 -517822.340341 0.000000 -3.496735 -0.463570
19989 -517823.172258 0.000000 -4.328651 -1.295487
19838 -517822.889961 0.000000 -4.046354 -1.013190
18927 -517823.713200 0.000000 -4.869593 -1.836429
18537 -517823.326294 0.000000 -4.482688 -1.449523
19420 -517822.514946 0.000000 -3.671339 -0.638175
19804 -517822.391732 0.000000 -3.548125 -0.514961
19613 -517822.892835 0.000000 -4.049228 -1.016063
19219 -517823.422700 0.000000 -4.579094 -1.545929
18776 -517823.323161 0.000000 -4.479555 -1.446390
19578 -517822.353288 0.000000 -3.509681 -0.476517
19382 -517822.925266 0.000000 -4.081659 -1.048495
19765 -517822.905620 0.000000 -4.062014 -1.028849
19000 -517823.322753 0.000000 -4.479147 -1.445982
18591 -517823.478564 0.000000 -4.634958 -1.601793
19352 -517822.335353 0.000000 -3.491746 -0.458581
19743 -517822.800757 0.000000 -3.957150 -0.923986
19543 -517822.887677 0.000000 -4.044070 -1.010906
19220 -517823.671704 0.000000 -4.828097 -1.794933
18832 -517823.317780 0.000000 -4.474173 -1.441009
19517 -517822.381695 0.000000 -3.538088 -0.504923
19328 -517822.771992 0.000000 -3.928385 -0.895221
19736 -517823.298008 0.000000 -4.454401 -1.421237
19049 -517823.312646 0.000000 -4.469040 -1.435875
18964 -517823.722101 0.000000 -4.878494 -1.845330
19316 -517822.352329 0.000000 -3.508722 -0.475558
19246 -517822.546206 0.000000 -3.702599 -0.669434
19499 -517822.905557 0.000000 -4.061950 -1.028786
19221 -517823.275209 0.000000 -4.431602 -1.398437
18842 -517823.480265 0.000000 -4.636658 -1.603493
19491 -517822.806193 0.000000 -3.962586 -0.929422
19309 -517822.776853 0.000000 -3.933247 -0.900082
19222 -517823.359812 0.000000 -4.516205 -1.483040
22088 -517823.306161 0.000000 -4.462554 -1.429389
22449 -517823.373671 0.000000 -4.530064 -1.496900
23612 -517822.377049 0.000000 -3.533443 -0.500278
23459 -517822.367602 0.000000 -3.523996 -0.490831
23717 -517823.299321 0.000000 -4.455714 -1.422550
22880 -517823.265277 0.000000 -4.421670 -1.388506
22645 -517823.719668 0.000000 -4.876061 -1.842897
23197 -517822.535020 0.000000 -3.691413 -0.658249
23574 -517822.794149 0.000000 -3.950542 -0.917378
23198 -517822.893693 0.000000 -4.050087 -1.016922
81379 -517823.467683 0.000000 -4.624076 -1.590911
22522 -517823.333472 0.000000 -4.489865 -1.456701
81618 -517822.807488 0.000000 -3.963881 -0.930717
23387 -517822.369399 0.000000 -3.525792 -0.492628
23004 -517823.352903 0.000000 -4.509296 -1.476132
22881 -517823.259408 0.000000 -4.415801 -1.382637
22717 -517823.360154 0.000000 -4.516548 -1.483383
23126 -517822.340380 0.000000 -3.496773 -0.463608
23547 -517823.172269 0.000000 -4.328663 -1.295498
23127 -517822.889958 0.000000 -4.046351 -1.013186
22848 -517823.713210 0.000000 -4.869603 -1.836439
22578 -517823.326297 0.000000 -4.482690 -1.449525
22972 -517822.514979 0.000000 -3.671373 -0.638208
23322 -517822.391656 0.000000 -3.548049 -0.514885
22951 -517822.892795 0.000000 -4.049188 -1.016023
22882 -517823.422750 0.000000 -4.579143 -1.545979
22765 -517823.323107 0.000000 -4.479500 -1.446335
23083 -517822.353082 0.000000 -3.509475 -0.476311
22899 -517822.925296 0.000000 -4.081690 -1.048525
23084 -517822.905681 0.000000 -4.062074 -1.028910
22872 -517823.322657 0.000000 -4.479051 -1.445886
81065 -517823.478649 0.000000 -4.635042 -1.601878
22936 -517822.335086 0.000000 -3.491480 -0.458315
81465 -517822.800746 0.000000 -3.957139 -0.923975
22933 -517822.887781 0.000000 -4.044174 -1.011009
22883 -517823.671418 0.000000 -4.827812 -1.794647
22780 -517823.317909 0.000000 -4.474303 -1.441138
23074 -517822.382078 0.000000 -3.538471 -0.505307
27038 -517822.772458 0.000000 -3.928851 -0.895686
27342 -517823.295314 0.000000 -4.451707 -1.418543
25997 -517823.313215 0.000000 -4.469609 -1.436444
26193 -517823.722898 0.000000 -4.879291 -1.846127
27215 -517822.357697 0.000000 -3.514090 -0.480926
26796 -517822.528939 0.000000 -3.685332 -0.652168
27181 -517823.024183 0.000000 -4.180576 -1.147412
26542 -517823.273219 0.000000 -4.429613 -1.396448
84973 -517823.857362 0.000000 -5.013755 -1.980591
26663 -517822.920765 0.000000 -4.077159 -1.043994
26967 -517822.791298 0.000000 -3.947691 -0.914527
26757 -517822.929115 0.000000 -4.085508 -1.052344
26068 -517823.420328 0.000000 -4.576721 -1.543557
26265 -517823.333989 0.000000 -4.490382 -1.457217
27143 -517822.418685 0.000000 -3.575078 -0.541914
26725 -517822.359557 0.000000 -3.515950 -0.482785
85216 -517823.313799 0.000000 -4.470192 -1.437027
26543 -517823.266859 0.000000 -4.423253 -1.390088
26457 -517823.718341 0.000000 -4.874735 -1.841570
26606 -517822.513779 0.000000 -3.670172 -0.637008
26902 -517822.894354 0.000000 -4.050747 -1.017582
26697 -517822.892865 0.000000 -4.049258 -1.016093
85105 -517823.845787 0.000000 -5.002180 -1.969015
26319 -517823.333068 0.000000 -4.489461 -1.456297
26557 -517822.868496 0.000000 -4.024889 -0.991725
26683 -517822.388829 0.000000 -3.545222 -0.512058
26584 -517822.900978 0.000000 -4.057371 -1.024207
26544 -517823.402381 0.000000 -4.558774 -1.525609
26487 -517823.320733 0.000000 -4.477126 -1.443961
26572 -517822.350065 0.000000 -3.506458 -0.473293
26546 -517822.923398 0.000000 -4.079791 -1.046627
26673 -517822.905430 0.000000 -4.061823 -1.028659
26093 -517823.323471 0.000000 -4.479864 -1.446700
26339 -517823.477941 0.000000 -4.634334 -1.601170
26545 -517822.334490 0.000000 -3.490883 -0.457719
26672 -517822.805383 0.000000 -3.961776 -0.928612
26566 -517822.888141 0.000000 -4.044534 -1.011370
1140 -517822.914168 0.000000 -4.070562 -1.037397
1078 -517823.326787 0.000000 -4.483181 -1.450016
1020 -517823.336185 0.000000 -4.492579 -1.459414
996 -517823.331146 0.000000 -4.487540 -1.454375
5264 -517822.893402 0.000000 -4.049795 -1.016631
4662 -517823.178235 0.000000 -4.334629 -1.301464
4622 -517823.325889 0.000000 -4.482282 -1.449117
8908 -517823.332705 0.000000 -4.489099 -1.455934
8836 -517823.330824 0.000000 -4.487217 -1.454053
8788 -517822.893358 0.000000 -4.049751 -1.016586
8243 -517823.178229 0.000000 -4.334622 -1.301458
12261 -517823.325873 0.000000 -4.482266 -1.449101
12189 -517823.332700 0.000000 -4.489094 -1.455929
12134 -517823.330823 0.000000 -4.487216 -1.454052
12115 -517822.893355 0.000000 -4.049749 -1.016584
15816 -517823.178228 0.000000 -4.334622 -1.301457
15749 -517823.325873 0.000000 -4.482267 -1.449102
15712 -517823.332702 0.000000 -4.489095 -1.455931
19988 -517823.330825 0.000000 -4.487219 -1.454054
19961 -517822.893363 0.000000 -4.049756 -1.016592
19265 -517823.178234 0.000000 -4.334628 -1.301463
19237 -517823.325881 0.000000 -4.482274 -1.449109
23424 -517823.332716 0.000000 -4.489109 -1.455945
23352 -517823.330848 0.000000 -4.487241 -1.454077
22898 -517822.438137 0.000000 -3.594530 -0.561365
22888 -517823.178405 0.000000 -4.334799 -1.301634
26966 -517823.337302 0.000000 -4.493695 -1.460530
26901 -517823.333585 0.000000 -4.489979 -1.456814
26872 -517822.893623 0.000000 -4.050016 -1.016852
1647 -517822.893712 0.000000 -4.050106 -1.016941
963 -517822.906175 0.000000 -4.062568 -1.029404
929 -517823.315336 0.000000 -4.471730 -1.438565
5101 -517823.321730 0.000000 -4.478123 -1.444958
5028 -517823.316162 0.000000 -4.472556 -1.439391
4971 -517822.529333 0.000000 -3.685727 -0.652562
4581 -517823.165755 0.000000 -4.322148 -1.288983
8682 -517823.315306 0.000000 -4.471699 -1.438535
8609 -517823.321688 0.000000 -4.478081 -1.444917
8553 -517823.316138 0.000000 -4.472531 -1.439367
8535 -517822.529327 0.000000 -3.685720 -0.652556
12061 -517823.165752 0.000000 -4.322145 -1.288981
11997 -517823.315305 0.000000 -4.471698 -1.438534
11968 -517823.321689 0.000000 -4.478082 -1.444918
16242 -517823.316139 0.000000 -4.472532 -1.439368
16177 -517822.529326 0.000000 -3.685719 -0.652554
15628 -517823.165753 0.000000 -4.322146 -1.288982
15598 -517823.315306 0.000000 -4.471700 -1.438535
19839 -517823.321690 0.000000 -4.478084 -1.444919
19766 -517823.316141 0.000000 -4.472535 -1.439370
77808 -517822.529327 0.000000 -3.685720 -0.652556
23236 -517823.165754 0.000000 -4.322148 -1.288983
23163 -517823.315318 0.000000 -4.471712 -1.438547
23103 -517823.321707 0.000000 -4.478101 -1.444936
23077 -517823.316123 0.000000 -4.472517 -1.439352
26830 -517822.540774 0.000000 -3.697168 -0.664003
26758 -517823.185445 0.000000 -4.341838 -1.308674
26698 -517823.324555 0.000000 -4.480949 -1.447784
26674 -517823.316816 0.000000 -4.473209 -1.440045
1518 -517823.311869 0.000000 -4.468262 -1.435098
1446 -517823.306334 0.000000 -4.462727 -1.429562
1401 -517822.890258 0.000000 -4.046651 -1.013487
917 -517823.172062 0.000000 -4.328455 -1.295291
4877 -517823.317149 0.000000 -4.473542 -1.440378
4806 -517823.311853 0.000000 -4.468246 -1.435082
4757 -517823.307899 0.000000 -4.464292 -1.431128
9042 -517822.536037 0.000000 -3.692430 -0.659265
8444 -517823.172015 0.000000 -4.328409 -1.295244
8380 -517823.317121 0.000000 -4.473515 -1.440350
8349 -517823.311832 0.000000 -4.468225 -1.435061
12628 -517823.307899 0.000000 -4.464292 -1.431127
12592 -517822.536035 0.000000 -3.692429 -0.659264
11928 -517823.172015 0.000000 -4.328408 -1.295243
11906 -517823.317122 0.000000 -4.473515 -1.440351
16038 -517823.311832 0.000000 -4.468226 -1.435061
15967 -517823.307899 0.000000 -4.464293 -1.431128
15924 -517822.536034 0.000000 -3.692427 -0.659263
19649 -517823.172016 0.000000 -4.328409 -1.295245
19577 -517823.317123 0.000000 -4.473516 -1.440352
19516 -517823.311835 0.000000 -4.468228 -1.435063
19490 -517823.307905 0.000000 -4.464298 -1.431133
23065 -517822.432217 0.000000 -3.588611 -0.555446
23003 -517823.172019 0.000000 -4.328412 -1.295248
22950 -517823.317139 0.000000 -4.473533 -1.440368
22932 -517823.311629 0.000000 -4.468022 -1.434857
27180 -517822.892426 0.000000 -4.048820 -1.015655
26605 -517822.552430 0.000000 -3.708823 -0.675659
26571 -517823.317255 0.000000 -4.473648 -1.440483
1293 -517823.247136 0.000000 -4.403529 -1.370364
1221 -517823.264938 0.000000 -4.421331 -1.388167
1173 -517823.258844 0.000000 -4.415237 -1.382073
5405 -517822.516885 0.000000 -3.673278 -0.640113
4698 -517823.131117 0.000000 -4.287511 -1.254346
4640 -517823.266876 0.000000 -4.423270 -1.390105
4617 -517823.265209 0.000000 -4.421602 -1.388437
8874 -517823.260705 0.000000 -4.417098 -1.383934
8803 -517822.516974 0.000000 -3.673368 -0.640203
8281 -517823.131116 0.000000 -4.287510 -1.254345
8258 -517823.266864 0.000000 -4.423257 -1.390092
12459 -517823.265209 0.000000 -4.421602 -1.388437
12389 -517823.260706 0.000000 -4.417100 -1.383935
12353 -517822.516975 0.000000 -3.673368 -0.640203
15854 -517823.131116 0.000000 -4.287510 -1.254345
15782 -517823.266864 0.000000 -4.423257 -1.390093
15729 -517823.265209 0.000000 -4.421603 -1.388438
15710 -517823.260707 0.000000 -4.417100 -1.383936
19454 -517822.391223 0.000000 -3.547616 -0.514452
19383 -517823.131117 0.000000 -4.287511 -1.254346
19329 -517823.266866 0.000000 -4.423259 -1.390094
19310 -517823.265214 0.000000 -4.421607 -1.388442
23575 -517823.260714 0.000000 -4.417107 -1.383943
22918 -517822.391231 0.000000 -3.547625 -0.514460
22892 -517823.131154 0.000000 -4.287548 -1.254383
27004 -517823.265735 0.000000 -4.422128 -1.388964
26933 -517823.264489 0.000000 -4.420882 -1.387717
26883 -517822.857201 0.000000 -4.013595 -0.980430
26547 -517823.133300 0.000000 -4.289693 -1.256529
1684 -517822.517527 0.000000 -3.673920 -0.640756
1077 -517822.790603 0.000000 -3.946997 -0.913832
1019 -517822.884921 0.000000 -4.041314 -1.008150
995 -517822.893686 0.000000 -4.050079 -1.016914
5263 -517822.858506 0.000000 -4.014899 -0.981734
5210 -517822.373015 0.000000 -3.529408 -0.496244
4593 -517822.790105 0.000000 -3.946498 -0.913334
4577 -517822.892733 0.000000 -4.049126 -1.015961
8646 -517822.893806 0.000000 -4.050199 -1.017035
8577 -517822.858387 0.000000 -4.014781 -0.981616
8538 -517822.373062 0.000000 -3.529455 -0.496291
12260 -517822.790101 0.000000 -3.946494 -0.913330
12188 -517822.892725 0.000000 -4.049119 -1.015954
12133 -517822.893803 0.000000 -4.050196 -1.017031
12114 -517822.858386 0.000000 -4.014779 -0.981615
16363 -517822.373063 0.000000 -3.529456 -0.496291
15656 -517822.790102 0.000000 -3.946495 -0.913331
15608 -517822.892727 0.000000 -4.049120 -1.015956
19875 -517822.893806 0.000000 -4.050199 -1.017035
19803 -517822.858392 0.000000 -4.014785 -0.981620
19264 -517823.514695 0.000000 -4.671089 -1.637924
19236 -517822.790107 0.000000 -3.946500 -0.913335
23423 -517822.892741 0.000000 -4.049134 -1.015970
23351 -517822.893833 0.000000 -4.050227 -1.017062
23306 -517822.858513 0.000000 -4.014907 -0.981742
22884 -517823.512869 0.000000 -4.669262 -1.636097
26795 -517822.887717 0.000000 -4.044110 -1.010945
26724 -517822.891202 0.000000 -4.047595 -1.014430
26682 -517822.857072 0.000000 -4.013465 -0.980300
1485 -517822.859078 0.000000 -4.015472 -0.982307
1416 -517822.453775 0.000000 -3.610168 -0.577003
941 -517822.787105 0.000000 -3.943498 -0.910333
5135 -517822.890937 0.000000 -4.047331 -1.014166
5064 -517822.891161 0.000000 -4.047554 -1.014390
4995 -517822.842187 0.000000 -3.998581 -0.965416
4963 -517822.315751 0.000000 -3.472144 -0.438980
8483 -517822.788105 0.000000 -3.944498 -0.911334
8411 -517822.891028 0.000000 -4.047421 -1.014257
8363 -517822.891096 0.000000 -4.047489 -1.014324
8348 -517822.842170 0.000000 -3.998564 -0.965399
12603 -517822.315767 0.000000 -3.472160 -0.438996
12025 -517822.788102 0.000000 -3.944495 -0.911331
11978 -517822.891026 0.000000 -4.047419 -1.014255
16276 -517822.891095 0.000000 -4.047489 -1.014324
16205 -517822.842171 0.000000 -3.998564 -0.965400
74162 -517822.315765 0.000000 -3.472159 -0.438994
15567 -517822.788104 0.000000 -3.944497 -0.911333
19616 -517822.891029 0.000000 -4.047423 -1.014258
19546 -517822.891101 0.000000 -4.047494 -1.014330
19502 -517822.842180 0.000000 -3.998573 -0.965409
19223 -517823.425692 0.000000 -4.582086 -1.548921
23199 -517822.788113 0.000000 -3.944506 -0.911342
23128 -517822.891066 0.000000 -4.047459 -1.014294
23085 -517822.891125 0.000000 -4.047519 -1.014354
27343 -517822.840924 0.000000 -3.997317 -0.964153
26638 -517822.465414 0.000000 -3.621807 -0.588642
26587 -517822.883874 0.000000 -4.040267 -1.007102
26569 -517822.891901 0.000000 -4.048294 -1.015129
1329 -517822.789957 0.000000 -3.946351 -0.913186
1257 -517822.783313 0.000000 -3.939707 -0.906542
1193 -517822.750866 0.000000 -3.907259 -0.874094
1161 -517822.227195 0.000000 -3.383588 -0.350424
4876 -517822.787964 0.000000 -3.944357 -0.911193
4805 -517822.788926 0.000000 -3.945319 -0.912154
4756 -517822.784078 0.000000 -3.940472 -0.907307
4742 -517822.728934 0.000000 -3.885328 -0.852163
9006 -517822.228112 0.000000 -3.384505 -0.351341
8305 -517822.788027 0.000000 -3.944420 -0.911256
8265 -517822.788918 0.000000 -3.945311 -0.912147
12495 -517822.784066 0.000000 -3.940459 -0.907295
12423 -517822.728928 0.000000 -3.885321 -0.852156
12362 -517822.228121 0.000000 -3.384515 -0.351350
11905 -517822.788027 0.000000 -3.944420 -0.911255
16037 -517822.788918 0.000000 -3.945312 -0.912147
15966 -517822.784067 0.000000 -3.940461 -0.907296
15923 -517822.728930 0.000000 -3.885323 -0.852159
19481 -517822.003989 0.000000 -3.160382 -0.127217
19419 -517822.788029 0.000000 -3.944422 -0.911257
19351 -517822.788922 0.000000 -3.945316 -0.912151
19315 -517822.784075 0.000000 -3.940468 -0.907303
23611 -517822.728946 0.000000 -3.885339 -0.852175
23002 -517822.004014 0.000000 -3.160408 -0.127243
22949 -517822.788063 0.000000 -3.944457 -0.911292
22931 -517822.788636 0.000000 -3.945029 -0.911864
27179 -517822.751418 0.000000 -3.907811 -0.874647
27127 -517822.729590 0.000000 -3.885983 -0.852818
26556 -517822.787014 0.000000 -3.943407 -0.910243
1115 -517823.831812 0.000000 -4.988206 -1.955041
1047 -517822.378861 0.000000 -3.535255 -0.502090
1005 -517822.375995 0.000000 -3.532388 -0.499224
994 -517822.317455 0.000000 -3.473848 -0.440683
5230 -517821.907397 0.000000 -3.063790 -0.030625
4664 -517822.362696 0.000000 -3.519089 -0.485925
4624 -517822.381265 0.000000 -3.537658 -0.504494
8910 -517822.375706 0.000000 -3.532099 -0.498935
8838 -517822.317197 0.000000 -3.473591 -0.440426
8789 -517821.907501 0.000000 -3.063894 -0.030730
8241 -517822.362732 0.000000 -3.519125 -0.485961
12227 -517822.381261 0.000000 -3.537654 -0.504489
12159 -517822.375700 0.000000 -3.532093 -0.498929
12122 -517822.317195 0.000000 -3.473588 -0.440424
15888 -517823.321969 0.000000 -4.478362 -1.445198
15818 -517822.362733 0.000000 -3.519126 -0.485961
15751 -517822.381263 0.000000 -3.537656 -0.504492
15714 -517822.375703 0.000000 -3.532097 -0.498932
19990 -517822.317200 0.000000 -3.473593 -0.440429
19292 -517823.321956 0.000000 -4.478349 -1.445185
19249 -517822.362733 0.000000 -3.519126 -0.485962
19235 -517822.381263 0.000000 -3.537656 -0.504491
23390 -517822.375718 0.000000 -3.532112 -0.498947
23325 -517822.317243 0.000000 -3.473637 -0.440472
22900 -517823.321881 0.000000 -4.478275 -1.445110
27039 -517822.361696 0.000000 -3.518089 -0.484924
26968 -517822.382786 0.000000 -3.539179 -0.506015
26903 -517822.345095 0.000000 -3.501489 -0.468324
26873 -517821.905105 0.000000 -3.061498 -0.028334
1683 -517822.320381 0.000000 -3.476774 -0.443610
1628 -517821.909201 0.000000 -3.065595 -0.032430
962 -517823.749267 0.000000 -4.905661 -1.872496
928 -517822.359618 0.000000 -3.516011 -0.482847
5100 -517822.349807 0.000000 -3.506200 -0.473035
5027 -517822.321625 0.000000 -3.478018 -0.444854
4970 -517821.852825 0.000000 -3.009219 0.023946
4576 -517822.340300 0.000000 -3.496693 -0.463528
8645 -517822.359117 0.000000 -3.515510 -0.482346
8576 -517822.349880 0.000000 -3.506274 -0.473109
8537 -517822.321624 0.000000 -3.478017 -0.444853
12747 -517821.852879 0.000000 -3.009272 0.023893
12060 -517822.340299 0.000000 -3.496692 -0.463528
11996 -517822.359113 0.000000 -3.515506 -0.482342
11967 -517822.349880 0.000000 -3.506273 -0.473109
16241 -517822.321625 0.000000 -3.478019 -0.444854
15655 -517823.251135 0.000000 -4.407528 -1.374363
15607 -517822.340301 0.000000 -3.496694 -0.463530
15594 -517822.359116 0.000000 -3.515510 -0.482345
19802 -517822.349883 0.000000 -3.506277 -0.473112
19742 -517822.321624 0.000000 -3.478017 -0.444853
19227 -517823.251105 0.000000 -4.407498 -1.374334
23235 -517822.340291 0.000000 -3.496685 -0.463520
23162 -517822.359133 0.000000 -3.515526 -0.482361
23102 -517822.349922 0.000000 -3.506316 -0.473151
23076 -517822.321492 0.000000 -3.477885 -0.444721
26794 -517823.730400 0.000000 -4.886793 -1.853629
26723 -517822.339823 0.000000 -3.496216 -0.463051
26681 -517822.350755 0.000000 -3.507149 -0.473984
1520 -517822.345059 0.000000 -3.501452 -0.468287
1448 -517822.324114 0.000000 -3.480507 -0.447342
1402 -517821.914485 0.000000 -3.070878 -0.037714
916 -517822.341751 0.000000 -3.498145 -0.464980
4843 -517822.357336 0.000000 -3.513730 -0.480565
4779 -517822.348033 0.000000 -3.504426 -0.471261
4748 -517822.324325 0.000000 -3.480718 -0.447553
9017 -517821.856543 0.000000 -3.012936 0.020228
8446 -517822.341676 0.000000 -3.498069 -0.464905
8382 -517822.357429 0.000000 -3.513822 -0.480658
8351 -517822.348017 0.000000 -3.504410 -0.471246
12630 -517822.324330 0.000000 -3.480723 -0.447559
11947 -517823.254368 0.000000 -4.410761 -1.377597
11916 -517822.341674 0.000000 -3.498067 -0.464902
16076 -517822.357429 0.000000 -3.513823 -0.480658
16004 -517822.348018 0.000000 -3.504412 -0.471247
15944 -517822.324330 0.000000 -3.480724 -0.447559
15571 -517823.254363 0.000000 -4.410756 -1.377592
19651 -517822.341676 0.000000 -3.498070 -0.464905
19579 -517822.357431 0.000000 -3.513824 -0.480660
19518 -517822.348021 0.000000 -3.504414 -0.471249
19492 -517822.324327 0.000000 -3.480721 -0.447556
23040 -517823.254304 0.000000 -4.410698 -1.377533
22975 -517822.341681 0.000000 -3.498074 -0.464910
22939 -517822.357433 0.000000 -3.513827 -0.480662
27218 -517822.346788 0.000000 -3.503181 -0.470016
27146 -517822.034449 0.000000 -3.190843 -0.157678
26607 -517823.734124 0.000000 -4.890518 -1.857353
26573 -517822.357976 0.000000 -3.514369 -0.481205
1328 -517821.964788 0.000000 -3.121182 -0.088017
1256 -517822.033821 0.000000 -3.190214 -0.157050
1192 -517822.015276 0.000000 -3.171670 -0.138505
1160 -517822.380088 0.000000 -3.536481 -0.503316
5396 -517821.686134 0.000000 -2.842527 0.190637
4697 -517821.989915 0.000000 -3.146308 -0.113144
4639 -517822.027837 0.000000 -3.184230 -0.151066
4616 -517822.020400 0.000000 -3.176793 -0.143628
8873 -517822.378849 0.000000 -3.535242 -0.502078
8802 -517821.686232 0.000000 -2.842626 0.190539
8264 -517821.989885 0.000000 -3.146279 -0.113114
12494 -517822.027767 0.000000 -3.184160 -0.150996
12422 -517822.020351 0.000000 -3.176745 -0.143580
12361 -517822.378819 0.000000 -3.535212 -0.502047
11902 -517821.828971 0.000000 -2.985364 0.047800
15853 -517821.989879 0.000000 -3.146272 -0.113108
15781 -517822.027768 0.000000 -3.184161 -0.150997
15728 -517822.020359 0.000000 -3.176752 -0.143587
15709 -517822.378827 0.000000 -3.535220 -0.502056
19418 -517821.829005 0.000000 -2.985398 0.047767
19350 -517821.989905 0.000000 -3.146298 -0.113134
19314 -517822.027805 0.000000 -3.184198 -0.151034
23610 -517822.020418 0.000000 -3.176811 -0.143646
23556 -517822.378924 0.000000 -3.535318 -0.502153
22917 -517821.829184 0.000000 -2.985577 0.047588
22891 -517821.990339 0.000000 -3.146732 -0.113568
27003 -517822.016551 0.000000 -3.172944 -0.139780
26932 -517822.020008 0.000000 -3.176401 -0.143237
26882 -517822.784964 0.000000 -3.941358 -0.908193
