#ID      EIGB 	      EIPGB 	   GBbin        GBseg
505 -702442.057767 0.000000 -3.503768 -0.469276
583 -702442.057767 0.000000 -3.503768 -0.469276
1139 -702442.057767 0.000000 -3.503768 -0.469276
1181 -702442.057767 0.000000 -3.503768 -0.469276
5186 -702442.057767 0.000000 -3.503768 -0.469276
5244 -702442.057767 0.000000 -3.503768 -0.469276
6012 -702442.057767 0.000000 -3.503768 -0.469276
6071 -702442.057767 0.000000 -3.503768 -0.469276
6103 -702442.057767 0.000000 -3.503768 -0.469276
10108 -702442.057767 0.000000 -3.503768 -0.469276
10711 -702442.057767 0.000000 -3.503768 -0.469276
10784 -702442.057767 0.000000 -3.503768 -0.469276
10832 -702442.057767 0.000000 -3.503768 -0.469276
10241 -702442.057767 0.000000 -3.503768 -0.469276
15536 -702442.057767 0.000000 -3.503768 -0.469276
15614 -702442.057767 0.000000 -3.503768 -0.469276
15681 -702442.057767 0.000000 -3.503768 -0.469276
16030 -702442.057767 0.000000 -3.503768 -0.469276
20175 -702442.057767 0.000000 -3.503768 -0.469276
20250 -702442.057767 0.000000 -3.503768 -0.469276
20302 -702442.057767 0.000000 -3.503768 -0.469276
20985 -702442.057767 0.000000 -3.503768 -0.469276
21012 -702442.057767 0.000000 -3.503768 -0.469276
25076 -702442.057767 0.000000 -3.503768 -0.469276
25708 -702442.057767 0.000000 -3.503768 -0.469276
25781 -702442.057767 0.000000 -3.503768 -0.469276
25823 -702442.057767 0.000000 -3.503768 -0.469276
25840 -702442.057767 0.000000 -3.503768 -0.469276
30549 -702442.057767 0.000000 -3.503768 -0.469276
30625 -702442.057767 0.000000 -3.503768 -0.469276
30690 -702442.057767 0.000000 -3.503768 -0.469276
30725 -702442.057767 0.000000 -3.503768 -0.469276
35198 -702442.057767 0.000000 -3.503768 -0.469276
35275 -702442.057767 0.000000 -3.503768 -0.469276
35351 -702442.057767 0.000000 -3.503768 -0.469276
35864 -702442.057767 0.000000 -3.503768 -0.469276
35386 -702442.057767 0.000000 -3.503768 -0.469276
663 -702442.080335 0.000000 -3.526336 -0.491844
738 -702442.080335 0.000000 -3.526336 -0.491844
814 -702442.080335 0.000000 -3.526336 -0.491844
875 -702442.080335 0.000000 -3.526336 -0.491844
510 -702442.080335 0.000000 -3.526336 -0.491844
5593 -702442.080335 0.000000 -3.526336 -0.491844
5670 -702442.080335 0.000000 -3.526336 -0.491844
5738 -702442.080335 0.000000 -3.526336 -0.491844
6153 -702442.080335 0.000000 -3.526336 -0.491844
10204 -702442.080335 0.000000 -3.526336 -0.491844
10279 -702442.080335 0.000000 -3.526336 -0.491844
10337 -702442.080335 0.000000 -3.526336 -0.491844
11079 -702442.080335 0.000000 -3.526336 -0.491844
11107 -702442.080335 0.000000 -3.526336 -0.491844
15152 -702442.080335 0.000000 -3.526336 -0.491844
15746 -702442.080335 0.000000 -3.526336 -0.491844
15822 -702442.080335 0.000000 -3.526336 -0.491844
15877 -702442.080335 0.000000 -3.526336 -0.491844
15904 -702442.080335 0.000000 -3.526336 -0.491844
20615 -702442.080335 0.000000 -3.526336 -0.491844
20692 -702442.080335 0.000000 -3.526336 -0.491844
20754 -702442.080335 0.000000 -3.526336 -0.491844
20786 -702442.080335 0.000000 -3.526336 -0.491844
25215 -702442.080335 0.000000 -3.526336 -0.491844
25290 -702442.080335 0.000000 -3.526336 -0.491844
25366 -702442.080335 0.000000 -3.526336 -0.491844
25962 -702442.080335 0.000000 -3.526336 -0.491844
25516 -702442.080335 0.000000 -3.526336 -0.491844
30153 -702442.080335 0.000000 -3.526336 -0.491844
30230 -702442.080335 0.000000 -3.526336 -0.491844
30787 -702442.080335 0.000000 -3.526336 -0.491844
30841 -702442.080335 0.000000 -3.526336 -0.491844
30864 -702442.080335 0.000000 -3.526336 -0.491844
34877 -702442.080335 0.000000 -3.526336 -0.491844
35677 -702442.080335 0.000000 -3.526336 -0.491844
35737 -702442.080335 0.000000 -3.526336 -0.491844
35765 -702442.080335 0.000000 -3.526336 -0.491844
342 -702441.995969 0.000000 -3.441969 -0.407477
383 -702441.995969 0.000000 -3.441969 -0.407477
1138 -702441.995968 0.000000 -3.441969 -0.407477
1180 -702441.995969 0.000000 -3.441969 -0.407477
5185 -702441.995969 0.000000 -3.441969 -0.407477
5810 -702441.995969 0.000000 -3.441969 -0.407477
5886 -702441.995969 0.000000 -3.441969 -0.407477
5943 -702441.995969 0.000000 -3.441969 -0.407477
5966 -702441.995968 0.000000 -3.441969 -0.407477
10635 -702441.995968 0.000000 -3.441969 -0.407477
10710 -702441.995969 0.000000 -3.441969 -0.407477
10783 -702441.995969 0.000000 -3.441969 -0.407477
10831 -702441.995968 0.000000 -3.441969 -0.407477
10530 -702441.995969 0.000000 -3.441969 -0.407477
15353 -702441.995969 0.000000 -3.441969 -0.407477
15430 -702441.995969 0.000000 -3.441969 -0.407477
16043 -702441.995969 0.000000 -3.441969 -0.407477
16036 -702441.995969 0.000000 -3.441969 -0.407477
20174 -702441.995969 0.000000 -3.441969 -0.407477
20249 -702441.995968 0.000000 -3.441969 -0.407477
20861 -702441.995969 0.000000 -3.441969 -0.407477
20912 -702441.995969 0.000000 -3.441969 -0.407477
20936 -702441.995969 0.000000 -3.441969 -0.407477
24940 -702441.995969 0.000000 -3.441969 -0.407477
25707 -702441.995969 0.000000 -3.441969 -0.407477
25780 -702441.995969 0.000000 -3.441969 -0.407477
25822 -702441.995969 0.000000 -3.441969 -0.407477
30304 -702441.995969 0.000000 -3.441969 -0.407477
30380 -702441.995969 0.000000 -3.441969 -0.407477
30457 -702441.995969 0.000000 -3.441969 -0.407477
30516 -702441.995969 0.000000 -3.441969 -0.407477
30494 -702441.995969 0.000000 -3.441969 -0.407477
35197 -702441.995969 0.000000 -3.441969 -0.407477
35274 -702441.995969 0.000000 -3.441969 -0.407477
35350 -702441.995969 0.000000 -3.441969 -0.407477
35836 -702441.995969 0.000000 -3.441969 -0.407477
35856 -702441.995969 0.000000 -3.441969 -0.407477
699 -702441.814089 0.000000 -3.260090 -0.225598
775 -702441.814089 0.000000 -3.260090 -0.225598
847 -702441.814089 0.000000 -3.260090 -0.225598
888 -702441.814089 0.000000 -3.260090 -0.225598
977 -702441.814089 0.000000 -3.260090 -0.225598
5373 -702441.814089 0.000000 -3.260090 -0.225598
5450 -702441.814089 0.000000 -3.260090 -0.225598
6132 -702441.814089 0.000000 -3.260090 -0.225598
6166 -702441.814089 0.000000 -3.260090 -0.225598
10240 -702441.814089 0.000000 -3.260090 -0.225598
10316 -702441.814089 0.000000 -3.260090 -0.225598
10905 -702441.814089 0.000000 -3.260090 -0.225598
10969 -702441.814089 0.000000 -3.260090 -0.225598
11007 -702441.814089 0.000000 -3.260090 -0.225598
15009 -702441.814089 0.000000 -3.260090 -0.225598
15783 -702441.814089 0.000000 -3.260090 -0.225598
15851 -702441.814089 0.000000 -3.260090 -0.225598
15894 -702441.814089 0.000000 -3.260090 -0.225598
15318 -702441.814089 0.000000 -3.260090 -0.225598
20399 -702441.814089 0.000000 -3.260090 -0.225598
20476 -702441.814089 0.000000 -3.260090 -0.225598
20546 -702441.814089 0.000000 -3.260090 -0.225598
20513 -702441.814089 0.000000 -3.260090 -0.225598
25251 -702441.814089 0.000000 -3.260090 -0.225598
25327 -702441.814089 0.000000 -3.260090 -0.225598
25399 -702441.814089 0.000000 -3.260090 -0.225598
25905 -702441.814089 0.000000 -3.260090 -0.225598
25938 -702441.814089 0.000000 -3.260090 -0.225598
29965 -702441.814089 0.000000 -3.260090 -0.225598
30751 -702441.814089 0.000000 -3.260090 -0.225598
30816 -702441.814089 0.000000 -3.260090 -0.225598
30854 -702441.814089 0.000000 -3.260090 -0.225598
30866 -702441.814089 0.000000 -3.260090 -0.225598
35423 -702441.814089 0.000000 -3.260090 -0.225598
35500 -702441.814089 0.000000 -3.260090 -0.225598
35570 -702441.814089 0.000000 -3.260090 -0.225598
35609 -702441.814089 0.000000 -3.260090 -0.225598
341 -702441.739487 0.000000 -3.185488 -0.150996
974 -702441.739487 0.000000 -3.185488 -0.150996
1039 -702441.739487 0.000000 -3.185488 -0.150996
1074 -702441.739487 0.000000 -3.185488 -0.150996
5077 -702441.739487 0.000000 -3.185488 -0.150996
5809 -702441.739487 0.000000 -3.185488 -0.150996
5885 -702441.739487 0.000000 -3.185488 -0.150996
5942 -702441.739487 0.000000 -3.185488 -0.150996
5634 -702441.739487 0.000000 -3.185488 -0.150996
10449 -702441.739487 0.000000 -3.185488 -0.150996
10527 -702441.739487 0.000000 -3.185488 -0.150996
10591 -702441.739487 0.000000 -3.185488 -0.150996
11121 -702441.739487 0.000000 -3.185488 -0.150996
10569 -702441.739487 0.000000 -3.185488 -0.150996
15352 -702441.739487 0.000000 -3.185488 -0.150996
15429 -702441.739487 0.000000 -3.185488 -0.150996
15994 -702441.739487 0.000000 -3.185488 -0.150996
16027 -702441.739487 0.000000 -3.185488 -0.150996
20034 -702441.739487 0.000000 -3.185488 -0.150996
20798 -702441.739487 0.000000 -3.185488 -0.150996
20860 -702441.739487 0.000000 -3.185488 -0.150996
20911 -702441.739487 0.000000 -3.185488 -0.150996
20935 -702441.739487 0.000000 -3.185488 -0.150996
25473 -702441.739487 0.000000 -3.185488 -0.150996
25551 -702441.739487 0.000000 -3.185488 -0.150996
25619 -702441.739487 0.000000 -3.185488 -0.150996
25652 -702441.739487 0.000000 -3.185488 -0.150996
30303 -702441.739487 0.000000 -3.185488 -0.150996
30379 -702441.739487 0.000000 -3.185488 -0.150996
30456 -702441.739487 0.000000 -3.185488 -0.150996
30515 -702441.739487 0.000000 -3.185488 -0.150996
30895 -702441.739487 0.000000 -3.185488 -0.150996
35020 -702441.739487 0.000000 -3.185488 -0.150996
35098 -702441.739487 0.000000 -3.185488 -0.150996
35789 -702441.739487 0.000000 -3.185488 -0.150996
35835 -702441.739487 0.000000 -3.185488 -0.150996
35855 -702441.739487 0.000000 -3.185488 -0.150996
307 -702442.091684 0.000000 -3.537685 -0.503193
373 -702442.091684 0.000000 -3.537685 -0.503193
1141 -702442.091684 0.000000 -3.537685 -0.503193
1183 -702442.091684 0.000000 -3.537685 -0.503193
1194 -702442.091684 0.000000 -3.537685 -0.503193
84954 -702442.091684 0.000000 -3.537685 -0.503193
5851 -702442.091684 0.000000 -3.537685 -0.503193
5920 -702442.091684 0.000000 -3.537685 -0.503193
5961 -702442.091684 0.000000 -3.537685 -0.503193
10637 -702442.091684 0.000000 -3.537685 -0.503193
10713 -702442.091684 0.000000 -3.537685 -0.503193
10786 -702442.091684 0.000000 -3.537685 -0.503193
10834 -702442.091684 0.000000 -3.537685 -0.503193
10714 -702442.091684 0.000000 -3.537685 -0.503193
15317 -702442.091684 0.000000 -3.537685 -0.503193
15394 -702442.091684 0.000000 -3.537685 -0.503193
15450 -702442.091684 0.000000 -3.537685 -0.503193
15997 -702442.091684 0.000000 -3.537685 -0.503193
15619 -702442.091684 0.000000 -3.537685 -0.503193
20252 -702442.091684 0.000000 -3.537685 -0.503193
20826 -702442.091684 0.000000 -3.537685 -0.503193
20893 -702442.091684 0.000000 -3.537685 -0.503193
20930 -702442.091684 0.000000 -3.537685 -0.503193
24931 -702442.091684 0.000000 -3.537685 -0.503193
25710 -702442.091684 0.000000 -3.537685 -0.503193
25783 -702442.091684 0.000000 -3.537685 -0.503193
25825 -702442.091684 0.000000 -3.537685 -0.503193
25841 -702442.091684 0.000000 -3.537685 -0.503193
30344 -702442.091684 0.000000 -3.537685 -0.503193
30421 -702442.091684 0.000000 -3.537685 -0.503193
30493 -702442.091684 0.000000 -3.537685 -0.503193
30345 -702442.091684 0.000000 -3.537685 -0.503193
35200 -702442.091684 0.000000 -3.537685 -0.503193
35277 -702442.091684 0.000000 -3.537685 -0.503193
35353 -702442.091684 0.000000 -3.537685 -0.503193
35817 -702442.091684 0.000000 -3.537685 -0.503193
35852 -702442.091684 0.000000 -3.537685 -0.503193
736 -702442.369471 0.000000 -3.815471 -0.780980
812 -702442.369471 0.000000 -3.815472 -0.780980
873 -702442.369471 0.000000 -3.815472 -0.780980
1013 -702442.369471 0.000000 -3.815472 -0.780980
5372 -702442.369471 0.000000 -3.815472 -0.780980
5449 -702442.369471 0.000000 -3.815472 -0.780980
5489 -702442.369471 0.000000 -3.815472 -0.780980
6151 -702442.369471 0.000000 -3.815471 -0.780980
6173 -702442.369471 0.000000 -3.815471 -0.780980
10277 -702442.369471 0.000000 -3.815472 -0.780980
10904 -702442.369471 0.000000 -3.815472 -0.780980
10968 -702442.369471 0.000000 -3.815472 -0.780980
11006 -702442.369471 0.000000 -3.815472 -0.780980
15008 -702442.369471 0.000000 -3.815471 -0.780980
15745 -702442.369471 0.000000 -3.815472 -0.780980
15820 -702442.369471 0.000000 -3.815471 -0.780980
15875 -702442.369471 0.000000 -3.815472 -0.780980
15902 -702442.369471 0.000000 -3.815472 -0.780980
20398 -702442.369471 0.000000 -3.815472 -0.780980
20475 -702442.369471 0.000000 -3.815472 -0.780980
20545 -702442.369471 0.000000 -3.815472 -0.780980
20931 -702442.369471 0.000000 -3.815471 -0.780979
20253 -702442.369471 0.000000 -3.815471 -0.780979
25288 -702442.369471 0.000000 -3.815472 -0.780980
25364 -702442.369471 0.000000 -3.815472 -0.780980
25904 -702442.369471 0.000000 -3.815472 -0.780980
25937 -702442.369471 0.000000 -3.815471 -0.780979
29964 -702442.369471 0.000000 -3.815471 -0.780980
30013 -702442.369471 0.000000 -3.815471 -0.780980
30785 -702442.369471 0.000000 -3.815471 -0.780980
30839 -702442.369471 0.000000 -3.815472 -0.780980
30862 -702442.369471 0.000000 -3.815472 -0.780980
35422 -702442.369471 0.000000 -3.815472 -0.780980
35499 -702442.369471 0.000000 -3.815471 -0.780979
35569 -702442.369471 0.000000 -3.815471 -0.780980
35608 -702442.369471 0.000000 -3.815472 -0.780980
40252 -702442.369471 0.000000 -3.815471 -0.780980
344 -702442.550543 0.000000 -3.996544 -0.962052
938 -702442.550543 0.000000 -3.996544 -0.962052
1012 -702442.550543 0.000000 -3.996544 -0.962052
1063 -702442.550543 0.000000 -3.996544 -0.962052
1084 -702442.550543 0.000000 -3.996544 -0.962052
5812 -702442.550543 0.000000 -3.996544 -0.962052
5888 -702442.550543 0.000000 -3.996544 -0.962052
5945 -702442.550543 0.000000 -3.996544 -0.962052
5968 -702442.550543 0.000000 -3.996544 -0.962052
10414 -702442.550543 0.000000 -3.996544 -0.962052
10491 -702442.550543 0.000000 -3.996544 -0.962052
10568 -702442.550543 0.000000 -3.996544 -0.962052
11123 -702442.550543 0.000000 -3.996544 -0.962052
10492 -702442.550543 0.000000 -3.996544 -0.962052
15355 -702442.550543 0.000000 -3.996544 -0.962052
15432 -702442.550543 0.000000 -3.996544 -0.962052
15970 -702442.550543 0.000000 -3.996544 -0.962052
16016 -702442.550543 0.000000 -3.996544 -0.962052
19999 -702442.550543 0.000000 -3.996544 -0.962052
20066 -702442.550543 0.000000 -3.996544 -0.962052
20863 -702442.550543 0.000000 -3.996544 -0.962052
20914 -702442.550543 0.000000 -3.996544 -0.962052
20938 -702442.550543 0.000000 -3.996544 -0.962052
25438 -702442.550543 0.000000 -3.996544 -0.962052
25515 -702442.550543 0.000000 -3.996544 -0.962052
25592 -702442.550543 0.000000 -3.996544 -0.962052
25645 -702442.550543 0.000000 -3.996544 -0.962052
25080 -702442.550543 0.000000 -3.996544 -0.962052
30382 -702442.550543 0.000000 -3.996544 -0.962052
30459 -702442.550543 0.000000 -3.996544 -0.962052
30518 -702442.550543 0.000000 -3.996544 -0.962052
30914 -702442.550543 0.000000 -3.996544 -0.962052
34985 -702442.550543 0.000000 -3.996544 -0.962052
35062 -702442.550543 0.000000 -3.996544 -0.962052
114970 -702442.550543 0.000000 -3.996544 -0.962052
35838 -702442.550543 0.000000 -3.996544 -0.962052
35857 -702442.550543 0.000000 -3.996544 -0.962052
74691 -702442.474746 0.000000 -3.920747 -0.886255
550 -702442.474746 0.000000 -3.920747 -0.886255
628 -702442.474746 0.000000 -3.920747 -0.886255
1143 -702442.474746 0.000000 -3.920747 -0.886255
1185 -702442.474746 0.000000 -3.920747 -0.886255
5188 -702442.474746 0.000000 -3.920747 -0.886255
5247 -702442.474746 0.000000 -3.920747 -0.886255
6050 -702442.474746 0.000000 -3.920747 -0.886255
6097 -702442.474746 0.000000 -3.920747 -0.886255
6113 -702442.474746 0.000000 -3.920747 -0.886255
89818 -702442.474746 0.000000 -3.920747 -0.886255
10715 -702442.474746 0.000000 -3.920747 -0.886255
10788 -702442.474746 0.000000 -3.920747 -0.886255
10836 -702442.474746 0.000000 -3.920747 -0.886255
10112 -702442.474746 0.000000 -3.920747 -0.886255
15581 -702442.474746 0.000000 -3.920747 -0.886255
15656 -702442.474746 0.000000 -3.920747 -0.886255
15705 -702442.474746 0.000000 -3.920747 -0.886255
15971 -702442.474746 0.000000 -3.920747 -0.886255
20177 -702442.474746 0.000000 -3.920747 -0.886255
20254 -702442.474746 0.000000 -3.920747 -0.886255
100144 -702442.474746 0.000000 -3.920747 -0.886255
21007 -702442.474746 0.000000 -3.920747 -0.886255
21017 -702442.474746 0.000000 -3.920747 -0.886255
25121 -702442.474746 0.000000 -3.920747 -0.886255
25712 -702442.474746 0.000000 -3.920747 -0.886255
25785 -702442.474746 0.000000 -3.920747 -0.886255
25827 -702442.474746 0.000000 -3.920747 -0.886255
29829 -702442.474746 0.000000 -3.920747 -0.886255
30592 -702442.474746 0.000000 -3.920747 -0.886255
30667 -702442.474746 0.000000 -3.920747 -0.886255
30716 -702442.474746 0.000000 -3.920747 -0.886255
109441 -702442.474746 0.000000 -3.920747 -0.886255
35202 -702442.474746 0.000000 -3.920747 -0.886255
35279 -702442.474746 0.000000 -3.920747 -0.886255
35355 -702442.474746 0.000000 -3.920747 -0.886255
114718 -702442.474746 0.000000 -3.920747 -0.886255
79881 -702442.445781 0.000000 -3.891782 -0.857290
777 -702442.445781 0.000000 -3.891782 -0.857290
849 -702442.445781 0.000000 -3.891782 -0.857290
889 -702442.445781 0.000000 -3.891782 -0.857290
509 -702442.445781 0.000000 -3.891782 -0.857290
5594 -702442.445781 0.000000 -3.891782 -0.857290
5671 -702442.445781 0.000000 -3.891782 -0.857290
5739 -702442.445781 0.000000 -3.891782 -0.857290
6168 -702442.445781 0.000000 -3.891782 -0.857290
10242 -702442.445781 0.000000 -3.891782 -0.857290
10318 -702442.445781 0.000000 -3.891782 -0.857290
90206 -702442.445781 0.000000 -3.891782 -0.857290
11080 -702442.445781 0.000000 -3.891782 -0.857290
11108 -702442.445781 0.000000 -3.891782 -0.857290
15153 -702442.445781 0.000000 -3.891782 -0.857290
15785 -702442.445781 0.000000 -3.891782 -0.857290
15853 -702442.445781 0.000000 -3.891782 -0.857290
15896 -702442.445781 0.000000 -3.891782 -0.857290
15906 -702442.445781 0.000000 -3.891782 -0.857290
20616 -702442.445781 0.000000 -3.891782 -0.857290
20693 -702442.445781 0.000000 -3.891782 -0.857290
20755 -702442.445781 0.000000 -3.891782 -0.857290
99618 -702442.445781 0.000000 -3.891782 -0.857290
25253 -702442.445781 0.000000 -3.891782 -0.857290
25329 -702442.445781 0.000000 -3.891782 -0.857290
25401 -702442.445781 0.000000 -3.891782 -0.857290
25963 -702442.445781 0.000000 -3.891782 -0.857290
25476 -702442.445781 0.000000 -3.891782 -0.857290
30154 -702442.445781 0.000000 -3.891782 -0.857290
30231 -702442.445781 0.000000 -3.891782 -0.857290
30818 -702442.445781 0.000000 -3.891782 -0.857290
30856 -702442.445781 0.000000 -3.891782 -0.857290
30868 -702442.445781 0.000000 -3.891782 -0.857290
34888 -702442.445781 0.000000 -3.891782 -0.857290
35678 -702442.445781 0.000000 -3.891782 -0.857290
35738 -702442.445781 0.000000 -3.891782 -0.857290
35766 -702442.445781 0.000000 -3.891782 -0.857290
470 -702442.256123 0.000000 -3.702124 -0.667632
547 -702442.256123 0.000000 -3.702124 -0.667632
625 -702442.256123 0.000000 -3.702124 -0.667632
1165 -702442.256123 0.000000 -3.702124 -0.667632
1191 -702442.256123 0.000000 -3.702124 -0.667632
5225 -702442.256123 0.000000 -3.702124 -0.667632
5979 -702442.256123 0.000000 -3.702124 -0.667632
6047 -702442.256123 0.000000 -3.702124 -0.667632
6094 -702442.256123 0.000000 -3.702124 -0.667632
6111 -702442.256123 0.000000 -3.702124 -0.667632
10675 -702442.256123 0.000000 -3.702124 -0.667632
10752 -702442.256123 0.000000 -3.702124 -0.667632
10814 -702442.256123 0.000000 -3.702124 -0.667632
10839 -702442.256123 0.000000 -3.702124 -0.667632
15501 -702442.256123 0.000000 -3.702124 -0.667632
15578 -702442.256123 0.000000 -3.702124 -0.667632
15653 -702442.256123 0.000000 -3.702124 -0.667632
16063 -702442.256123 0.000000 -3.702124 -0.667632
15709 -702442.256123 0.000000 -3.702124 -0.667632
20214 -702442.256123 0.000000 -3.702124 -0.667632
20291 -702442.256123 0.000000 -3.702124 -0.667632
20962 -702442.256123 0.000000 -3.702124 -0.667632
21004 -702442.256123 0.000000 -3.702124 -0.667632
21020 -702442.256123 0.000000 -3.702124 -0.667632
25118 -702442.256123 0.000000 -3.702124 -0.667632
25749 -702442.256123 0.000000 -3.702124 -0.667632
25807 -702442.256123 0.000000 -3.702124 -0.667632
25837 -702442.256123 0.000000 -3.702124 -0.667632
29839 -702442.256123 0.000000 -3.702124 -0.667632
30589 -702442.256123 0.000000 -3.702124 -0.667632
30664 -702442.256123 0.000000 -3.702124 -0.667632
30713 -702442.256123 0.000000 -3.702124 -0.667632
30003 -702442.256123 0.000000 -3.702124 -0.667632
35239 -702442.256123 0.000000 -3.702124 -0.667632
35316 -702442.256123 0.000000 -3.702124 -0.667632
35374 -702442.256123 0.000000 -3.702124 -0.667632
35593 -702442.256123 0.000000 -3.702124 -0.667632
702 -702442.183259 0.000000 -3.629260 -0.594768
778 -702442.183259 0.000000 -3.629259 -0.594767
850 -702442.183259 0.000000 -3.629259 -0.594768
890 -702442.183259 0.000000 -3.629260 -0.594768
5556 -702442.183259 0.000000 -3.629260 -0.594768
5633 -702442.183259 0.000000 -3.629260 -0.594768
5709 -702442.183259 0.000000 -3.629259 -0.594767
6134 -702442.183259 0.000000 -3.629260 -0.594768
6169 -702442.183259 0.000000 -3.629260 -0.594768
10243 -702442.183259 0.000000 -3.629260 -0.594768
10319 -702442.183259 0.000000 -3.629259 -0.594767
11058 -702442.183259 0.000000 -3.629259 -0.594767
11098 -702442.183259 0.000000 -3.629260 -0.594768
11111 -702442.183259 0.000000 -3.629259 -0.594768
15192 -702442.183259 0.000000 -3.629260 -0.594768
15786 -702442.183259 0.000000 -3.629260 -0.594768
15854 -702442.183259 0.000000 -3.629259 -0.594767
15897 -702442.183259 0.000000 -3.629260 -0.594768
20579 -702442.183259 0.000000 -3.629260 -0.594768
20655 -702442.183259 0.000000 -3.629260 -0.594768
20729 -702442.183259 0.000000 -3.629260 -0.594768
20777 -702442.183259 0.000000 -3.629260 -0.594768
20437 -702442.183259 0.000000 -3.629259 -0.594768
25254 -702442.183259 0.000000 -3.629260 -0.594768
25330 -702442.183259 0.000000 -3.629259 -0.594767
25402 -702442.183259 0.000000 -3.629260 -0.594768
25646 -702442.183259 0.000000 -3.629259 -0.594768
25252 -702442.183259 0.000000 -3.629260 -0.594768
30193 -702442.183259 0.000000 -3.629260 -0.594768
30260 -702442.183259 0.000000 -3.629260 -0.594768
30819 -702442.183259 0.000000 -3.629260 -0.594768
30857 -702442.183259 0.000000 -3.629260 -0.594768
34850 -702442.183259 0.000000 -3.629260 -0.594768
35641 -702442.183259 0.000000 -3.629260 -0.594768
35712 -702442.183259 0.000000 -3.629260 -0.594768
35756 -702442.183259 0.000000 -3.629260 -0.594768
35772 -702442.183259 0.000000 -3.629259 -0.594768
306 -702441.998558 0.000000 -3.444559 -0.410067
372 -702441.998559 0.000000 -3.444560 -0.410068
1111 -702441.998559 0.000000 -3.444560 -0.410068
1164 -702441.998559 0.000000 -3.444559 -0.410067
1190 -702441.998559 0.000000 -3.444560 -0.410068
5224 -702441.998559 0.000000 -3.444560 -0.410068
5850 -702441.998559 0.000000 -3.444560 -0.410068
5919 -702441.998559 0.000000 -3.444559 -0.410067
5960 -702441.998559 0.000000 -3.444559 -0.410067
5246 -702441.998559 0.000000 -3.444559 -0.410067
10674 -702441.998559 0.000000 -3.444559 -0.410067
10751 -702441.998559 0.000000 -3.444560 -0.410068
10813 -702441.998559 0.000000 -3.444559 -0.410067
10787 -702441.998559 0.000000 -3.444559 -0.410067
15316 -702441.998559 0.000000 -3.444559 -0.410067
15393 -702441.998559 0.000000 -3.444560 -0.410068
15449 -702441.998559 0.000000 -3.444560 -0.410068
16062 -702441.998559 0.000000 -3.444559 -0.410067
15719 -702441.998559 0.000000 -3.444560 -0.410068
20213 -702441.998559 0.000000 -3.444560 -0.410068
20290 -702441.998559 0.000000 -3.444560 -0.410068
20892 -702441.998559 0.000000 -3.444560 -0.410068
20929 -702441.998559 0.000000 -3.444560 -0.410068
24930 -702441.998559 0.000000 -3.444560 -0.410068
25673 -702441.998559 0.000000 -3.444560 -0.410068
25748 -702441.998559 0.000000 -3.444560 -0.410068
25806 -702441.998559 0.000000 -3.444559 -0.410067
25836 -702441.998559 0.000000 -3.444559 -0.410067
30343 -702441.998559 0.000000 -3.444560 -0.410068
30420 -702441.998559 0.000000 -3.444559 -0.410068
30492 -702441.998559 0.000000 -3.444559 -0.410067
30524 -702441.998559 0.000000 -3.444560 -0.410068
30117 -702441.998559 0.000000 -3.444560 -0.410068
35238 -702441.998559 0.000000 -3.444559 -0.410068
35315 -702441.998559 0.000000 -3.444559 -0.410067
35816 -702441.998559 0.000000 -3.444559 -0.410067
35851 -702441.998559 0.000000 -3.444559 -0.410067
739 -702442.028309 0.000000 -3.474310 -0.439818
815 -702442.028309 0.000000 -3.474310 -0.439818
876 -702442.028309 0.000000 -3.474310 -0.439818
1227 -702442.028309 0.000000 -3.474310 -0.439818
5336 -702442.028309 0.000000 -3.474310 -0.439818
5413 -702442.028309 0.000000 -3.474310 -0.439818
5480 -702442.028309 0.000000 -3.474310 -0.439818
6154 -702442.028309 0.000000 -3.474310 -0.439818
6175 -702442.028309 0.000000 -3.474310 -0.439818
10280 -702442.028309 0.000000 -3.474310 -0.439818
10868 -702442.028309 0.000000 -3.474310 -0.439818
10942 -702442.028309 0.000000 -3.474310 -0.439818
10993 -702442.028309 0.000000 -3.474310 -0.439818
11015 -702442.028309 0.000000 -3.474310 -0.439818
15747 -702442.028309 0.000000 -3.474310 -0.439818
15823 -702442.028309 0.000000 -3.474310 -0.439818
15878 -702442.028309 0.000000 -3.474310 -0.439818
15905 -702442.028309 0.000000 -3.474310 -0.439818
20362 -702442.028309 0.000000 -3.474310 -0.439818
20439 -702442.028309 0.000000 -3.474310 -0.439818
20515 -702442.028309 0.000000 -3.474310 -0.439818
20560 -702442.028309 0.000000 -3.474310 -0.439818
20037 -702442.028309 0.000000 -3.474310 -0.439818
25291 -702442.028309 0.000000 -3.474310 -0.439818
25367 -702442.028309 0.000000 -3.474310 -0.439818
25878 -702442.028309 0.000000 -3.474310 -0.439818
25927 -702442.028309 0.000000 -3.474310 -0.439818
25946 -702442.028309 0.000000 -3.474310 -0.439818
30004 -702442.028309 0.000000 -3.474310 -0.439818
30788 -702442.028309 0.000000 -3.474310 -0.439818
30842 -702442.028309 0.000000 -3.474310 -0.439818
30865 -702442.028309 0.000000 -3.474310 -0.439818
34878 -702442.028309 0.000000 -3.474310 -0.439818
35463 -702442.028309 0.000000 -3.474310 -0.439818
35539 -702442.028309 0.000000 -3.474310 -0.439818
35594 -702442.028309 0.000000 -3.474310 -0.439818
35023 -702442.028309 0.000000 -3.474310 -0.439818
305 -702442.027891 0.000000 -3.473892 -0.439400
937 -702442.027891 0.000000 -3.473892 -0.439400
1011 -702442.027891 0.000000 -3.473892 -0.439400
1062 -702442.027891 0.000000 -3.473892 -0.439400
1083 -702442.027891 0.000000 -3.473892 -0.439400
5773 -702442.027891 0.000000 -3.473892 -0.439400
5849 -702442.027891 0.000000 -3.473892 -0.439400
5918 -702442.027891 0.000000 -3.473892 -0.439400
5959 -702442.027891 0.000000 -3.473892 -0.439400
5411 -702442.027891 0.000000 -3.473892 -0.439400
10490 -702442.027891 0.000000 -3.473892 -0.439400
10567 -702442.027891 0.000000 -3.473892 -0.439400
10601 -702442.027891 0.000000 -3.473892 -0.439400
10835 -702442.027891 0.000000 -3.473892 -0.439400
15315 -702442.027891 0.000000 -3.473892 -0.439400
15392 -702442.027891 0.000000 -3.473892 -0.439400
15969 -702442.027891 0.000000 -3.473892 -0.439400
16015 -702442.027891 0.000000 -3.473892 -0.439400
16035 -702442.027891 0.000000 -3.473892 -0.439400
20065 -702442.027891 0.000000 -3.473892 -0.439400
20825 -702442.027891 0.000000 -3.473892 -0.439400
20891 -702442.027891 0.000000 -3.473892 -0.439400
20928 -702442.027891 0.000000 -3.473892 -0.439400
24929 -702442.027891 0.000000 -3.473892 -0.439400
25514 -702442.027891 0.000000 -3.473892 -0.439400
25591 -702442.027891 0.000000 -3.473892 -0.439400
25644 -702442.027891 0.000000 -3.473892 -0.439400
25081 -702442.027891 0.000000 -3.473892 -0.439400
30342 -702442.027891 0.000000 -3.473892 -0.439400
30419 -702442.027891 0.000000 -3.473892 -0.439400
30491 -702442.027891 0.000000 -3.473892 -0.439400
30913 -702442.027891 0.000000 -3.473892 -0.439400
30730 -702442.027891 0.000000 -3.473892 -0.439400
35061 -702442.027891 0.000000 -3.473892 -0.439400
35111 -702442.027891 0.000000 -3.473892 -0.439400
35815 -702442.027891 0.000000 -3.473892 -0.439400
35850 -702442.027891 0.000000 -3.473892 -0.439400
511 -702442.401325 0.000000 -3.847326 -0.812834
589 -702442.401325 0.000000 -3.847326 -0.812834
1208 -702442.401325 0.000000 -3.847326 -0.812834
939 -702442.401325 0.000000 -3.847326 -0.812834
5374 -702442.401325 0.000000 -3.847326 -0.812834
5451 -702442.401325 0.000000 -3.847326 -0.812834
6018 -702442.401325 0.000000 -3.847326 -0.812834
6077 -702442.401325 0.000000 -3.847326 -0.812834
6109 -702442.401325 0.000000 -3.847326 -0.812834
10114 -702442.401325 0.000000 -3.847326 -0.812834
10906 -702442.401325 0.000000 -3.847326 -0.812834
10970 -702442.401325 0.000000 -3.847326 -0.812834
11008 -702442.401325 0.000000 -3.847326 -0.812834
11016 -702442.401325 0.000000 -3.847326 -0.812834
15542 -702442.401325 0.000000 -3.847326 -0.812834
15620 -702442.401325 0.000000 -3.847326 -0.812834
15687 -702442.401325 0.000000 -3.847326 -0.812834
15193 -702442.401325 0.000000 -3.847326 -0.812834
20400 -702442.401325 0.000000 -3.847326 -0.812834
20477 -702442.401325 0.000000 -3.847326 -0.812834
20547 -702442.401325 0.000000 -3.847326 -0.812834
20991 -702442.401325 0.000000 -3.847326 -0.812834
21018 -702442.401325 0.000000 -3.847326 -0.812834
25082 -702442.401325 0.000000 -3.847326 -0.812834
25150 -702442.401325 0.000000 -3.847326 -0.812834
25906 -702442.401325 0.000000 -3.847326 -0.812834
25939 -702442.401325 0.000000 -3.847326 -0.812834
25947 -702442.401325 0.000000 -3.847326 -0.812834
30553 -702442.401325 0.000000 -3.847326 -0.812834
30631 -702442.401325 0.000000 -3.847326 -0.812834
30696 -702442.401325 0.000000 -3.847326 -0.812834
30731 -702442.401325 0.000000 -3.847326 -0.812834
35424 -702442.401325 0.000000 -3.847326 -0.812834
35501 -702442.401325 0.000000 -3.847326 -0.812834
35571 -702442.401325 0.000000 -3.847326 -0.812834
35610 -702442.401325 0.000000 -3.847326 -0.812834
35201 -702442.401325 0.000000 -3.847326 -0.812834
180 -702442.404986 0.000000 -3.850987 -0.816495
936 -702442.404986 0.000000 -3.850987 -0.816495
1010 -702442.404986 0.000000 -3.850987 -0.816495
1061 -702442.404986 0.000000 -3.850987 -0.816495
1082 -702442.404986 0.000000 -3.850987 -0.816495
5595 -702442.404986 0.000000 -3.850987 -0.816495
5672 -702442.404986 0.000000 -3.850987 -0.816495
5740 -702442.404986 0.000000 -3.850987 -0.816495
6016 -702442.404986 0.000000 -3.850987 -0.816495
10413 -702442.404986 0.000000 -3.850987 -0.816495
10489 -702442.404986 0.000000 -3.850987 -0.816495
10566 -702442.404986 0.000000 -3.850987 -0.816495
11081 -702442.404986 0.000000 -3.850987 -0.816495
11109 -702442.404986 0.000000 -3.850987 -0.816495
15154 -702442.404986 0.000000 -3.850987 -0.816495
15203 -702442.404986 0.000000 -3.850987 -0.816495
15968 -702442.404986 0.000000 -3.850987 -0.816495
16014 -702442.404986 0.000000 -3.850987 -0.816495
16034 -702442.404986 0.000000 -3.850987 -0.816495
20617 -702442.404986 0.000000 -3.850987 -0.816495
20694 -702442.404986 0.000000 -3.850987 -0.816495
20756 -702442.404986 0.000000 -3.850987 -0.816495
20787 -702442.404986 0.000000 -3.850987 -0.816495
25437 -702442.404986 0.000000 -3.850987 -0.816495
25513 -702442.404986 0.000000 -3.850987 -0.816495
25590 -702442.404986 0.000000 -3.850987 -0.816495
25643 -702442.404986 0.000000 -3.850987 -0.816495
25400 -702442.404986 0.000000 -3.850987 -0.816495
30155 -702442.404986 0.000000 -3.850987 -0.816495
30232 -702442.404986 0.000000 -3.850987 -0.816495
30876 -702442.404986 0.000000 -3.850987 -0.816495
30912 -702442.404986 0.000000 -3.850987 -0.816495
30752 -702442.404986 0.000000 -3.850987 -0.816495
35060 -702442.404986 0.000000 -3.850987 -0.816495
35679 -702442.404986 0.000000 -3.850987 -0.816495
35739 -702442.404986 0.000000 -3.850987 -0.816495
35767 -702442.404986 0.000000 -3.850987 -0.816495
181 -702442.942640 0.000000 -4.388641 -1.354149
976 -702442.942640 0.000000 -4.388641 -1.354149
1041 -702442.942640 0.000000 -4.388640 -1.354149
1076 -702442.942640 0.000000 -4.388641 -1.354149
79554 -702442.942640 0.000000 -4.388640 -1.354149
5596 -702442.942640 0.000000 -4.388641 -1.354149
5673 -702442.942640 0.000000 -4.388641 -1.354149
5741 -702442.942640 0.000000 -4.388641 -1.354149
5479 -702442.942640 0.000000 -4.388641 -1.354149
10451 -702442.942639 0.000000 -4.388640 -1.354148
10529 -702442.942640 0.000000 -4.388640 -1.354148
10593 -702442.942640 0.000000 -4.388641 -1.354149
11082 -702442.942640 0.000000 -4.388641 -1.354149
11110 -702442.942640 0.000000 -4.388641 -1.354149
15155 -702442.942640 0.000000 -4.388641 -1.354149
95114 -702442.942640 0.000000 -4.388641 -1.354149
15996 -702442.942640 0.000000 -4.388641 -1.354149
16029 -702442.942640 0.000000 -4.388641 -1.354149
20036 -702442.942640 0.000000 -4.388641 -1.354149
20618 -702442.942640 0.000000 -4.388641 -1.354149
20695 -702442.942640 0.000000 -4.388641 -1.354149
20757 -702442.942640 0.000000 -4.388641 -1.354149
20788 -702442.942640 0.000000 -4.388641 -1.354149
25475 -702442.942640 0.000000 -4.388640 -1.354148
25553 -702442.942639 0.000000 -4.388640 -1.354148
25621 -702442.942640 0.000000 -4.388641 -1.354149
105144 -702442.942640 0.000000 -4.388641 -1.354149
25328 -702442.942640 0.000000 -4.388641 -1.354149
30156 -702442.942640 0.000000 -4.388641 -1.354149
30233 -702442.942640 0.000000 -4.388641 -1.354149
110074 -702442.942640 0.000000 -4.388641 -1.354149
30855 -702442.942640 0.000000 -4.388641 -1.354149
35022 -702442.942640 0.000000 -4.388641 -1.354149
35100 -702442.942639 0.000000 -4.388640 -1.354148
35680 -702442.942640 0.000000 -4.388641 -1.354149
35740 -702442.942640 0.000000 -4.388641 -1.354149
35768 -702442.942640 0.000000 -4.388641 -1.354149
345 -702442.203284 0.000000 -3.649285 -0.614793
80293 -702442.203284 0.000000 -3.649284 -0.614792
1167 -702442.203284 0.000000 -3.649285 -0.614793
1193 -702442.203284 0.000000 -3.649284 -0.614793
5227 -702442.203284 0.000000 -3.649285 -0.614793
5813 -702442.203284 0.000000 -3.649285 -0.614793
5889 -702442.203284 0.000000 -3.649285 -0.614793
5946 -702442.203284 0.000000 -3.649285 -0.614793
5969 -702442.203284 0.000000 -3.649285 -0.614793
10677 -702442.203284 0.000000 -3.649285 -0.614793
10754 -702442.203284 0.000000 -3.649285 -0.614793
10816 -702442.203284 0.000000 -3.649285 -0.614793
90279 -702442.203284 0.000000 -3.649284 -0.614793
10452 -702442.203284 0.000000 -3.649285 -0.614793
15356 -702442.203284 0.000000 -3.649285 -0.614793
15433 -702442.203284 0.000000 -3.649285 -0.614793
16065 -702442.203284 0.000000 -3.649285 -0.614793
15685 -702442.203283 0.000000 -3.649284 -0.614792
20216 -702442.203284 0.000000 -3.649284 -0.614792
20293 -702442.203284 0.000000 -3.649285 -0.614793
20864 -702442.203284 0.000000 -3.649284 -0.614792
20915 -702442.203284 0.000000 -3.649285 -0.614793
20939 -702442.203284 0.000000 -3.649285 -0.614793
104854 -702442.203284 0.000000 -3.649285 -0.614793
25751 -702442.203284 0.000000 -3.649284 -0.614793
25809 -702442.203284 0.000000 -3.649285 -0.614793
25839 -702442.203284 0.000000 -3.649284 -0.614793
30306 -702442.203284 0.000000 -3.649284 -0.614792
30383 -702442.203284 0.000000 -3.649285 -0.614793
30460 -702442.203284 0.000000 -3.649285 -0.614793
30519 -702442.203283 0.000000 -3.649284 -0.614792
30002 -702442.203284 0.000000 -3.649285 -0.614793
35241 -702442.203284 0.000000 -3.649284 -0.614793
35318 -702442.203284 0.000000 -3.649285 -0.614793
35376 -702442.203284 0.000000 -3.649285 -0.614793
35839 -702442.203284 0.000000 -3.649285 -0.614793
35858 -702442.203284 0.000000 -3.649285 -0.614793
471 -702442.876483 0.000000 -4.322483 -1.287991
548 -702442.876483 0.000000 -4.322483 -1.287991
626 -702442.876483 0.000000 -4.322484 -1.287992
80387 -702442.876482 0.000000 -4.322483 -1.287991
1042 -702442.876483 0.000000 -4.322484 -1.287992
5371 -702442.876482 0.000000 -4.322483 -1.287991
5448 -702442.876482 0.000000 -4.322483 -1.287991
6048 -702442.876483 0.000000 -4.322483 -1.287992
6095 -702442.876482 0.000000 -4.322483 -1.287991
6112 -702442.876483 0.000000 -4.322483 -1.287991
10124 -702442.876483 0.000000 -4.322483 -1.287992
10903 -702442.876483 0.000000 -4.322483 -1.287991
10967 -702442.876483 0.000000 -4.322484 -1.287992
11005 -702442.876482 0.000000 -4.322483 -1.287991
94682 -702442.876483 0.000000 -4.322483 -1.287991
15579 -702442.876483 0.000000 -4.322483 -1.287991
15654 -702442.876483 0.000000 -4.322483 -1.287991
15703 -702442.876483 0.000000 -4.322484 -1.287992
15395 -702442.876483 0.000000 -4.322483 -1.287991
20397 -702442.876483 0.000000 -4.322483 -1.287991
20474 -702442.876483 0.000000 -4.322484 -1.287992
20544 -702442.876482 0.000000 -4.322483 -1.287991
21005 -702442.876483 0.000000 -4.322483 -1.287991
21021 -702442.876482 0.000000 -4.322483 -1.287991
25119 -702442.876482 0.000000 -4.322483 -1.287991
105032 -702442.876482 0.000000 -4.322483 -1.287991
25903 -702442.876482 0.000000 -4.322483 -1.287991
25936 -702442.876483 0.000000 -4.322483 -1.287991
29963 -702442.876482 0.000000 -4.322483 -1.287991
109770 -702442.876483 0.000000 -4.322483 -1.287991
30665 -702442.876483 0.000000 -4.322484 -1.287992
30714 -702442.876483 0.000000 -4.322483 -1.287992
30733 -702442.876483 0.000000 -4.322483 -1.287991
35421 -702442.876482 0.000000 -4.322483 -1.287991
35498 -702442.876482 0.000000 -4.322483 -1.287991
35568 -702442.876483 0.000000 -4.322483 -1.287991
35607 -702442.876483 0.000000 -4.322483 -1.287991
80876 -702441.983275 0.000000 -3.429276 -0.394784
1619 -702441.983275 0.000000 -3.429276 -0.394784
1545 -702441.983275 0.000000 -3.429276 -0.394784
1496 -702441.983275 0.000000 -3.429276 -0.394784
1234 -702441.983275 0.000000 -3.429276 -0.394784
6913 -702441.983275 0.000000 -3.429276 -0.394784
6836 -702441.983275 0.000000 -3.429276 -0.394784
6760 -702441.983275 0.000000 -3.429276 -0.394784
6194 -702441.983275 0.000000 -3.429276 -0.394784
6182 -702441.983275 0.000000 -3.429276 -0.394784
11872 -702441.983275 0.000000 -3.429276 -0.394784
11804 -702441.983275 0.000000 -3.429276 -0.394784
11249 -702441.983275 0.000000 -3.429276 -0.394784
11209 -702441.983275 0.000000 -3.429276 -0.394784
17113 -702441.983275 0.000000 -3.429276 -0.394784
16327 -702441.983275 0.000000 -3.429276 -0.394784
16256 -702441.983275 0.000000 -3.429276 -0.394784
16211 -702441.983275 0.000000 -3.429276 -0.394784
16195 -702441.983275 0.000000 -3.429276 -0.394784
21574 -702441.983275 0.000000 -3.429276 -0.394784
21497 -702441.983275 0.000000 -3.429276 -0.394784
21425 -702441.983275 0.000000 -3.429276 -0.394784
21382 -702441.983275 0.000000 -3.429276 -0.394784
21022 -702441.983275 0.000000 -3.429276 -0.394784
26536 -702441.983275 0.000000 -3.429276 -0.394784
26461 -702441.983275 0.000000 -3.429276 -0.394784
26030 -702441.983275 0.000000 -3.429276 -0.394784
25994 -702441.983275 0.000000 -3.429276 -0.394784
31828 -702441.983275 0.000000 -3.429276 -0.394784
31751 -702441.983275 0.000000 -3.429276 -0.394784
31012 -702441.983275 0.000000 -3.429276 -0.394784
30969 -702441.983275 0.000000 -3.429276 -0.394784
30956 -702441.983275 0.000000 -3.429276 -0.394784
36772 -702441.983275 0.000000 -3.429276 -0.394784
36180 -702441.983275 0.000000 -3.429276 -0.394784
36109 -702441.983275 0.000000 -3.429276 -0.394784
36067 -702441.983275 0.000000 -3.429276 -0.394784
2060 -702441.980265 0.000000 -3.426266 -0.391774
1983 -702441.980265 0.000000 -3.426266 -0.391774
1308 -702441.980265 0.000000 -3.426266 -0.391774
1266 -702441.980265 0.000000 -3.426266 -0.391774
1253 -702441.980265 0.000000 -3.426266 -0.391774
7045 -702441.980265 0.000000 -3.426266 -0.391774
6415 -702441.980265 0.000000 -3.426266 -0.391774
6357 -702441.980265 0.000000 -3.426266 -0.391774
6329 -702441.980265 0.000000 -3.426266 -0.391774
12231 -702441.980265 0.000000 -3.426266 -0.391774
11477 -702441.980265 0.000000 -3.426266 -0.391774
11403 -702441.980265 0.000000 -3.426266 -0.391774
11352 -702441.980265 0.000000 -3.426266 -0.391774
11125 -702441.980265 0.000000 -3.426266 -0.391774
16728 -702441.980265 0.000000 -3.426266 -0.391774
16651 -702441.980265 0.000000 -3.426266 -0.391774
16592 -702441.980265 0.000000 -3.426266 -0.391774
16087 -702441.980265 0.000000 -3.426266 -0.391774
16077 -702441.980265 0.000000 -3.426266 -0.391774
21725 -702441.980265 0.000000 -3.426266 -0.391774
21648 -702441.980265 0.000000 -3.426266 -0.391774
21106 -702441.980265 0.000000 -3.426266 -0.391774
21080 -702441.980265 0.000000 -3.426266 -0.391774
26942 -702441.980265 0.000000 -3.426266 -0.391774
26191 -702441.980265 0.000000 -3.426266 -0.391774
26118 -702441.980265 0.000000 -3.426266 -0.391774
26072 -702441.980265 0.000000 -3.426266 -0.391774
26053 -702441.980265 0.000000 -3.426266 -0.391774
31393 -702441.980265 0.000000 -3.426266 -0.391774
31316 -702441.980265 0.000000 -3.426266 -0.391774
31254 -702441.980265 0.000000 -3.426266 -0.391774
31230 -702441.980265 0.000000 -3.426266 -0.391774
36463 -702441.980265 0.000000 -3.426266 -0.391774
36385 -702441.980265 0.000000 -3.426266 -0.391774
36308 -702441.980265 0.000000 -3.426266 -0.391774
35898 -702441.980265 0.000000 -3.426266 -0.391774
35876 -702441.980265 0.000000 -3.426266 -0.391774
1657 -702441.820946 0.000000 -3.266947 -0.232455
1579 -702441.820946 0.000000 -3.266947 -0.232455
1514 -702441.820946 0.000000 -3.266947 -0.232455
1484 -702441.820946 0.000000 -3.266947 -0.232455
6687 -702441.820946 0.000000 -3.266947 -0.232455
6610 -702441.820946 0.000000 -3.266947 -0.232455
6541 -702441.820946 0.000000 -3.266947 -0.232455
6208 -702441.820946 0.000000 -3.266947 -0.232455
6183 -702441.820946 0.000000 -3.266947 -0.232455
11910 -702441.820946 0.000000 -3.266947 -0.232455
11832 -702441.820946 0.000000 -3.266947 -0.232455
11173 -702441.820946 0.000000 -3.266947 -0.232455
11145 -702441.820946 0.000000 -3.266947 -0.232455
16944 -702441.820946 0.000000 -3.266947 -0.232455
16867 -702441.820946 0.000000 -3.266947 -0.232455
16288 -702441.820946 0.000000 -3.266947 -0.232455
16229 -702441.820946 0.000000 -3.266947 -0.232455
16197 -702441.820946 0.000000 -3.266947 -0.232455
22088 -702441.820946 0.000000 -3.266947 -0.232455
21297 -702441.820946 0.000000 -3.266947 -0.232455
21232 -702441.820946 0.000000 -3.266947 -0.232455
21195 -702441.820946 0.000000 -3.266947 -0.232455
21023 -702441.820946 0.000000 -3.266947 -0.232455
26574 -702441.820946 0.000000 -3.266947 -0.232455
26496 -702441.820946 0.000000 -3.266947 -0.232455
26430 -702441.820946 0.000000 -3.266947 -0.232455
25971 -702441.820946 0.000000 -3.266947 -0.232455
31616 -702441.820946 0.000000 -3.266947 -0.232455
31539 -702441.820946 0.000000 -3.266947 -0.232455
31476 -702441.820946 0.000000 -3.266947 -0.232455
30985 -702441.820946 0.000000 -3.266947 -0.232455
30958 -702441.820946 0.000000 -3.266947 -0.232455
36810 -702441.820946 0.000000 -3.266947 -0.232455
36027 -702441.820946 0.000000 -3.266947 -0.232455
35967 -702441.820946 0.000000 -3.266947 -0.232455
35935 -702441.820946 0.000000 -3.266947 -0.232455
35927 -702441.820946 0.000000 -3.266947 -0.232455
1877 -702441.877275 0.000000 -3.323276 -0.288784
1800 -702441.877275 0.000000 -3.323276 -0.288784
1727 -702441.877275 0.000000 -3.323276 -0.288784
1265 -702441.877275 0.000000 -3.323276 -0.288784
1252 -702441.877275 0.000000 -3.323276 -0.288784
7044 -702441.877275 0.000000 -3.323276 -0.288784
6316 -702441.877275 0.000000 -3.323276 -0.288784
6264 -702441.877275 0.000000 -3.323276 -0.288784
6229 -702441.877275 0.000000 -3.323276 -0.288784
12102 -702441.877275 0.000000 -3.323276 -0.288784
11476 -702441.877275 0.000000 -3.323276 -0.288784
11402 -702441.877275 0.000000 -3.323276 -0.288784
11351 -702441.877275 0.000000 -3.323276 -0.288784
11336 -702441.877275 0.000000 -3.323276 -0.288784
16544 -702441.877275 0.000000 -3.323276 -0.288784
16467 -702441.877275 0.000000 -3.323276 -0.288784
16400 -702441.877275 0.000000 -3.323276 -0.288784
16359 -702441.877275 0.000000 -3.323276 -0.288784
16076 -702441.877275 0.000000 -3.323276 -0.288784
21724 -702441.877275 0.000000 -3.323276 -0.288784
21647 -702441.877275 0.000000 -3.323276 -0.288784
21063 -702441.877275 0.000000 -3.323276 -0.288784
21035 -702441.877275 0.000000 -3.323276 -0.288784
26798 -702441.877275 0.000000 -3.323276 -0.288784
26721 -702441.877275 0.000000 -3.323276 -0.288784
26117 -702441.877275 0.000000 -3.323276 -0.288784
26071 -702441.877275 0.000000 -3.323276 -0.288784
26052 -702441.877275 0.000000 -3.323275 -0.288783
31945 -702441.877275 0.000000 -3.323276 -0.288784
31163 -702441.877275 0.000000 -3.323276 -0.288784
31096 -702441.877275 0.000000 -3.323276 -0.288784
31061 -702441.877275 0.000000 -3.323276 -0.288784
36462 -702441.877275 0.000000 -3.323276 -0.288784
36384 -702441.877275 0.000000 -3.323276 -0.288784
36307 -702441.877275 0.000000 -3.323276 -0.288784
36260 -702441.877275 0.000000 -3.323276 -0.288784
35867 -702441.877275 0.000000 -3.323276 -0.288784
2210 -702441.842217 0.000000 -3.288218 -0.253726
1410 -702441.842217 0.000000 -3.288218 -0.253726
1357 -702441.842218 0.000000 -3.288218 -0.253726
1335 -702441.842217 0.000000 -3.288218 -0.253726
6724 -702441.842218 0.000000 -3.288218 -0.253726
6647 -702441.842217 0.000000 -3.288218 -0.253726
6571 -702441.842217 0.000000 -3.288218 -0.253726
6516 -702441.842217 0.000000 -3.288218 -0.253726
6178 -702441.842217 0.000000 -3.288218 -0.253726
11687 -702441.842218 0.000000 -3.288218 -0.253726
11611 -702441.842217 0.000000 -3.288218 -0.253726
11550 -702441.842217 0.000000 -3.288218 -0.253726
11155 -702441.842217 0.000000 -3.288218 -0.253726
16981 -702441.842217 0.000000 -3.288218 -0.253726
16904 -702441.842218 0.000000 -3.288218 -0.253726
16175 -702441.842217 0.000000 -3.288218 -0.253726
16127 -702441.842217 0.000000 -3.288218 -0.253726
16106 -702441.842217 0.000000 -3.288218 -0.253726
21931 -702441.842217 0.000000 -3.288218 -0.253726
21334 -702441.842217 0.000000 -3.288218 -0.253726
21258 -702441.842217 0.000000 -3.288218 -0.253726
21209 -702441.842218 0.000000 -3.288218 -0.253726
21188 -702441.842218 0.000000 -3.288218 -0.253726
26359 -702441.842217 0.000000 -3.288218 -0.253726
26283 -702441.842218 0.000000 -3.288218 -0.253726
26228 -702441.842217 0.000000 -3.288218 -0.253726
26202 -702441.842217 0.000000 -3.288218 -0.253726
31653 -702441.842217 0.000000 -3.288218 -0.253726
31576 -702441.842217 0.000000 -3.288218 -0.253726
31499 -702441.842217 0.000000 -3.288218 -0.253726
30940 -702441.842217 0.000000 -3.288218 -0.253726
30926 -702441.842217 0.000000 -3.288218 -0.253726
36612 -702441.842217 0.000000 -3.288218 -0.253726
36536 -702441.842217 0.000000 -3.288218 -0.253726
35993 -702441.842217 0.000000 -3.288218 -0.253726
35945 -702441.842217 0.000000 -3.288218 -0.253726
35928 -702441.842217 0.000000 -3.288218 -0.253726
1876 -702442.006819 0.000000 -3.452820 -0.418328
1799 -702442.006819 0.000000 -3.452820 -0.418328
1726 -702442.006819 0.000000 -3.452820 -0.418328
1247 -702442.006820 0.000000 -3.452820 -0.418328
1230 -702442.006820 0.000000 -3.452821 -0.418329
6875 -702442.006819 0.000000 -3.452820 -0.418328
6798 -702442.006820 0.000000 -3.452821 -0.418329
6263 -702442.006820 0.000000 -3.452820 -0.418328
6228 -702442.006820 0.000000 -3.452820 -0.418328
12101 -702442.006819 0.000000 -3.452820 -0.418328
12053 -702442.006820 0.000000 -3.452820 -0.418328
11280 -702442.006820 0.000000 -3.452820 -0.418328
11227 -702442.006819 0.000000 -3.452820 -0.418328
11201 -702442.006820 0.000000 -3.452820 -0.418328
16543 -702442.006820 0.000000 -3.452821 -0.418329
16466 -702442.006819 0.000000 -3.452820 -0.418328
16399 -702442.006820 0.000000 -3.452820 -0.418328
16358 -702442.006819 0.000000 -3.452820 -0.418328
16074 -702442.006819 0.000000 -3.452820 -0.418328
21536 -702442.006820 0.000000 -3.452821 -0.418329
21459 -702442.006820 0.000000 -3.452820 -0.418328
21399 -702442.006820 0.000000 -3.452820 -0.418329
21034 -702442.006820 0.000000 -3.452820 -0.418328
26797 -702442.006820 0.000000 -3.452821 -0.418329
26720 -702442.006820 0.000000 -3.452820 -0.418328
26683 -702442.006819 0.000000 -3.452820 -0.418328
26008 -702442.006819 0.000000 -3.452820 -0.418328
25988 -702442.006819 0.000000 -3.452820 -0.418328
31790 -702442.006820 0.000000 -3.452820 -0.418328
31162 -702442.006820 0.000000 -3.452821 -0.418329
31095 -702442.006820 0.000000 -3.452820 -0.418328
31060 -702442.006819 0.000000 -3.452820 -0.418328
37115 -702442.006820 0.000000 -3.452821 -0.418329
36218 -702442.006820 0.000000 -3.452821 -0.418329
36143 -702442.006820 0.000000 -3.452821 -0.418329
36085 -702442.006820 0.000000 -3.452821 -0.418329
36057 -702442.006820 0.000000 -3.452820 -0.418328
2023 -702442.028418 0.000000 -3.474419 -0.439927
1444 -702442.028418 0.000000 -3.474419 -0.439927
1379 -702442.028418 0.000000 -3.474419 -0.439927
1341 -702442.028418 0.000000 -3.474419 -0.439927
7237 -702442.028418 0.000000 -3.474419 -0.439927
6454 -702442.028418 0.000000 -3.474419 -0.439927
6385 -702442.028418 0.000000 -3.474419 -0.439927
6341 -702442.028418 0.000000 -3.474419 -0.439927
6327 -702442.028418 0.000000 -3.474419 -0.439927
11724 -702442.028418 0.000000 -3.474419 -0.439927
11648 -702442.028418 0.000000 -3.474419 -0.439927
11576 -702442.028418 0.000000 -3.474419 -0.439927
11132 -702442.028418 0.000000 -3.474419 -0.439927
11124 -702442.028418 0.000000 -3.474419 -0.439927
16691 -702442.028418 0.000000 -3.474419 -0.439927
16617 -702442.028418 0.000000 -3.474419 -0.439927
16145 -702442.028418 0.000000 -3.474419 -0.439927
16112 -702442.028418 0.000000 -3.474419 -0.439927
21968 -702442.028418 0.000000 -3.474419 -0.439927
21901 -702442.028418 0.000000 -3.474419 -0.439927
21131 -702442.028418 0.000000 -3.474419 -0.439927
21092 -702442.028418 0.000000 -3.474419 -0.439927
21078 -702442.028418 0.000000 -3.474419 -0.439927
105576 -702442.028417 0.000000 -3.474418 -0.439926
26320 -702442.028418 0.000000 -3.474419 -0.439927
26250 -702442.028418 0.000000 -3.474419 -0.439927
26209 -702442.028418 0.000000 -3.474419 -0.439927
31432 -702442.028418 0.000000 -3.474419 -0.439927
31356 -702442.028418 0.000000 -3.474419 -0.439927
31282 -702442.028418 0.000000 -3.474419 -0.439927
31236 -702442.028418 0.000000 -3.474419 -0.439927
30928 -702442.028417 0.000000 -3.474418 -0.439926
36649 -702442.028418 0.000000 -3.474419 -0.439927
36573 -702442.028418 0.000000 -3.474419 -0.439927
36517 -702442.028418 0.000000 -3.474419 -0.439927
35884 -702442.028418 0.000000 -3.474419 -0.439927
35875 -702442.028418 0.000000 -3.474419 -0.439927
2061 -702442.080509 0.000000 -3.526510 -0.492018
1984 -702442.080509 0.000000 -3.526510 -0.492018
1286 -702442.080509 0.000000 -3.526510 -0.492018
1257 -702442.080509 0.000000 -3.526510 -0.492018
7085 -702442.080509 0.000000 -3.526510 -0.492018
7016 -702442.080509 0.000000 -3.526510 -0.492018
6416 -702442.080509 0.000000 -3.526510 -0.492018
6358 -702442.080508 0.000000 -3.526509 -0.492017
6330 -702442.080509 0.000000 -3.526510 -0.492018
11516 -702442.080509 0.000000 -3.526510 -0.492018
11439 -702442.080509 0.000000 -3.526510 -0.492018
11376 -702442.080509 0.000000 -3.526510 -0.492018
11341 -702442.080509 0.000000 -3.526510 -0.492018
11126 -702442.080509 0.000000 -3.526510 -0.492018
16729 -702442.080509 0.000000 -3.526510 -0.492018
16652 -702442.080509 0.000000 -3.526510 -0.492018
16593 -702442.080509 0.000000 -3.526510 -0.492018
16081 -702442.080509 0.000000 -3.526510 -0.492018
21765 -702442.080509 0.000000 -3.526510 -0.492018
21687 -702442.080509 0.000000 -3.526510 -0.492018
21161 -702442.080509 0.000000 -3.526510 -0.492018
21107 -702442.080509 0.000000 -3.526510 -0.492018
21081 -702442.080509 0.000000 -3.526510 -0.492018
26943 -702442.080509 0.000000 -3.526509 -0.492017
26154 -702442.080509 0.000000 -3.526510 -0.492018
26092 -702442.080509 0.000000 -3.526510 -0.492018
26061 -702442.080509 0.000000 -3.526510 -0.492018
31957 -702442.080509 0.000000 -3.526510 -0.492018
31394 -702442.080509 0.000000 -3.526510 -0.492018
31317 -702442.080509 0.000000 -3.526510 -0.492018
31255 -702442.080509 0.000000 -3.526510 -0.492018
110101 -702442.080509 0.000000 -3.526510 -0.492018
36425 -702442.080509 0.000000 -3.526509 -0.492018
36347 -702442.080509 0.000000 -3.526510 -0.492018
36279 -702442.080509 0.000000 -3.526510 -0.492018
35899 -702442.080509 0.000000 -3.526510 -0.492018
35877 -702442.080509 0.000000 -3.526510 -0.492018
1695 -702441.911891 0.000000 -3.357892 -0.323400
1618 -702441.911891 0.000000 -3.357891 -0.323400
1544 -702441.911891 0.000000 -3.357892 -0.323400
1495 -702441.911891 0.000000 -3.357892 -0.323400
1229 -702441.911891 0.000000 -3.357892 -0.323400
6874 -702441.911890 0.000000 -3.357891 -0.323399
6797 -702441.911891 0.000000 -3.357892 -0.323400
6752 -702441.911890 0.000000 -3.357891 -0.323399
6193 -702441.911891 0.000000 -3.357891 -0.323400
11949 -702441.911891 0.000000 -3.357891 -0.323399
11871 -702441.911891 0.000000 -3.357891 -0.323399
11279 -702441.911891 0.000000 -3.357892 -0.323400
11226 -702441.911891 0.000000 -3.357892 -0.323400
11200 -702441.911891 0.000000 -3.357892 -0.323400
17084 -702441.911891 0.000000 -3.357892 -0.323400
16326 -702441.911891 0.000000 -3.357892 -0.323400
16255 -702441.911891 0.000000 -3.357892 -0.323400
16210 -702441.911891 0.000000 -3.357892 -0.323400
16194 -702441.911891 0.000000 -3.357892 -0.323400
21535 -702441.911891 0.000000 -3.357892 -0.323400
21458 -702441.911891 0.000000 -3.357892 -0.323400
21398 -702441.911891 0.000000 -3.357892 -0.323400
21027 -702441.911891 0.000000 -3.357892 -0.323400
26613 -702441.911891 0.000000 -3.357892 -0.323400
26535 -702441.911891 0.000000 -3.357892 -0.323400
26460 -702441.911891 0.000000 -3.357892 -0.323400
26007 -702441.911891 0.000000 -3.357892 -0.323400
25987 -702441.911891 0.000000 -3.357892 -0.323400
31789 -702441.911891 0.000000 -3.357892 -0.323400
31731 -702441.911891 0.000000 -3.357892 -0.323400
31011 -702441.911891 0.000000 -3.357892 -0.323400
30968 -702441.911891 0.000000 -3.357891 -0.323399
30955 -702441.911891 0.000000 -3.357892 -0.323400
36771 -702441.911891 0.000000 -3.357892 -0.323400
36142 -702441.911891 0.000000 -3.357891 -0.323399
36084 -702441.911890 0.000000 -3.357891 -0.323399
36056 -702441.911891 0.000000 -3.357892 -0.323400
2240 -702442.329798 0.000000 -3.775799 -0.741307
1617 -702442.329799 0.000000 -3.775799 -0.741307
1543 -702442.329799 0.000000 -3.775799 -0.741307
1494 -702442.329799 0.000000 -3.775799 -0.741307
1482 -702442.329799 0.000000 -3.775799 -0.741307
6686 -702442.329799 0.000000 -3.775799 -0.741307
6609 -702442.329799 0.000000 -3.775799 -0.741307
6540 -702442.329798 0.000000 -3.775799 -0.741307
6192 -702442.329799 0.000000 -3.775799 -0.741307
11948 -702442.329799 0.000000 -3.775799 -0.741307
11870 -702442.329799 0.000000 -3.775799 -0.741307
11803 -702442.329798 0.000000 -3.775799 -0.741307
11172 -702442.329798 0.000000 -3.775799 -0.741307
11144 -702442.329798 0.000000 -3.775799 -0.741307
16943 -702442.329799 0.000000 -3.775799 -0.741307
16866 -702442.329798 0.000000 -3.775799 -0.741307
16254 -702442.329798 0.000000 -3.775799 -0.741307
16209 -702442.329798 0.000000 -3.775799 -0.741307
16193 -702442.329799 0.000000 -3.775799 -0.741307
21372 -702442.329798 0.000000 -3.775799 -0.741307
21296 -702442.329799 0.000000 -3.775799 -0.741307
21231 -702442.329798 0.000000 -3.775799 -0.741307
21194 -702442.329799 0.000000 -3.775799 -0.741307
26612 -702442.329799 0.000000 -3.775799 -0.741307
26534 -702442.329799 0.000000 -3.775799 -0.741307
26459 -702442.329799 0.000000 -3.775799 -0.741307
26424 -702442.329799 0.000000 -3.775799 -0.741307
25970 -702442.329799 0.000000 -3.775799 -0.741307
31615 -702442.329798 0.000000 -3.775799 -0.741307
31538 -702442.329798 0.000000 -3.775799 -0.741307
31010 -702442.329799 0.000000 -3.775799 -0.741307
30967 -702442.329799 0.000000 -3.775799 -0.741307
30954 -702442.329798 0.000000 -3.775799 -0.741307
36770 -702442.329798 0.000000 -3.775799 -0.741307
36026 -702442.329799 0.000000 -3.775799 -0.741307
35966 -702442.329799 0.000000 -3.775799 -0.741307
35934 -702442.329798 0.000000 -3.775799 -0.741307
1840 -702442.296209 0.000000 -3.742210 -0.707718
1763 -702442.296209 0.000000 -3.742210 -0.707718
80489 -702442.296209 0.000000 -3.742210 -0.707718
1267 -702442.296209 0.000000 -3.742210 -0.707718
7122 -702442.296209 0.000000 -3.742210 -0.707718
7046 -702442.296209 0.000000 -3.742210 -0.707718
6291 -702442.296209 0.000000 -3.742210 -0.707718
6245 -702442.296209 0.000000 -3.742210 -0.707718
6226 -702442.296209 0.000000 -3.742210 -0.707718
12065 -702442.296209 0.000000 -3.742210 -0.707718
11478 -702442.296209 0.000000 -3.742210 -0.707718
11404 -702442.296209 0.000000 -3.742210 -0.707718
11353 -702442.296209 0.000000 -3.742210 -0.707718
11337 -702442.296209 0.000000 -3.742210 -0.707718
16507 -702442.296209 0.000000 -3.742210 -0.707718
16432 -702442.296209 0.000000 -3.742210 -0.707718
16377 -702442.296209 0.000000 -3.742210 -0.707718
16088 -702442.296209 0.000000 -3.742210 -0.707718
21802 -702442.296209 0.000000 -3.742210 -0.707718
21726 -702442.296209 0.000000 -3.742210 -0.707718
21649 -702442.296209 0.000000 -3.742210 -0.707718
21047 -702442.296209 0.000000 -3.742210 -0.707718
21032 -702442.296209 0.000000 -3.742210 -0.707718
26761 -702442.296209 0.000000 -3.742210 -0.707718
26693 -702442.296209 0.000000 -3.742210 -0.707718
26119 -702442.296209 0.000000 -3.742210 -0.707718
26073 -702442.296209 0.000000 -3.742210 -0.707718
26054 -702442.296209 0.000000 -3.742210 -0.707718
31202 -702442.296209 0.000000 -3.742210 -0.707718
31128 -702442.296209 0.000000 -3.742210 -0.707718
31077 -702442.296209 0.000000 -3.742210 -0.707718
31054 -702442.296209 0.000000 -3.742210 -0.707718
36464 -702442.296209 0.000000 -3.742210 -0.707718
36386 -702442.296209 0.000000 -3.742210 -0.707718
36309 -702442.296209 0.000000 -3.742210 -0.707718
36261 -702442.296209 0.000000 -3.742210 -0.707718
35866 -702442.296209 0.000000 -3.742210 -0.707718
2239 -702442.018620 0.000000 -3.464621 -0.430129
1472 -702442.018620 0.000000 -3.464621 -0.430129
1409 -702442.018620 0.000000 -3.464620 -0.430128
1356 -702442.018620 0.000000 -3.464621 -0.430129
1334 -702442.018620 0.000000 -3.464621 -0.430129
6685 -702442.018620 0.000000 -3.464621 -0.430129
6608 -702442.018619 0.000000 -3.464620 -0.430128
6539 -702442.018620 0.000000 -3.464621 -0.430129
6509 -702442.018620 0.000000 -3.464621 -0.430129
6177 -702442.018620 0.000000 -3.464621 -0.430129
11686 -702442.018620 0.000000 -3.464621 -0.430129
11610 -702442.018620 0.000000 -3.464621 -0.430129
11549 -702442.018620 0.000000 -3.464621 -0.430129
11143 -702442.018620 0.000000 -3.464621 -0.430129
16942 -702442.018620 0.000000 -3.464621 -0.430129
16865 -702442.018620 0.000000 -3.464621 -0.430129
16174 -702442.018620 0.000000 -3.464621 -0.430129
16126 -702442.018620 0.000000 -3.464621 -0.430129
16105 -702442.018620 0.000000 -3.464621 -0.430129
21930 -702442.018619 0.000000 -3.464620 -0.430128
21295 -702442.018620 0.000000 -3.464621 -0.430129
21230 -702442.018620 0.000000 -3.464621 -0.430129
21193 -702442.018620 0.000000 -3.464621 -0.430129
27090 -702442.018619 0.000000 -3.464620 -0.430128
26358 -702442.018620 0.000000 -3.464621 -0.430129
26282 -702442.018620 0.000000 -3.464621 -0.430129
26227 -702442.018620 0.000000 -3.464621 -0.430129
25969 -702442.018620 0.000000 -3.464620 -0.430128
31614 -702442.018620 0.000000 -3.464621 -0.430129
31537 -702442.018620 0.000000 -3.464621 -0.430129
31475 -702442.018620 0.000000 -3.464620 -0.430128
30939 -702442.018620 0.000000 -3.464621 -0.430129
30925 -702442.018619 0.000000 -3.464620 -0.430128
36611 -702442.018620 0.000000 -3.464620 -0.430128
36535 -702442.018620 0.000000 -3.464621 -0.430129
35965 -702442.018620 0.000000 -3.464620 -0.430128
35933 -702442.018620 0.000000 -3.464621 -0.430129
1878 -702442.017014 0.000000 -3.463015 -0.428523
1801 -702442.017014 0.000000 -3.463015 -0.428523
1728 -702442.017015 0.000000 -3.463015 -0.428523
1237 -702442.017015 0.000000 -3.463015 -0.428523
6916 -702442.017014 0.000000 -3.463015 -0.428523
6839 -702442.017015 0.000000 -3.463015 -0.428523
6763 -702442.017014 0.000000 -3.463015 -0.428523
6265 -702442.017015 0.000000 -3.463015 -0.428524
6230 -702442.017015 0.000000 -3.463015 -0.428523
12103 -702442.017015 0.000000 -3.463015 -0.428523
11318 -702442.017014 0.000000 -3.463015 -0.428523
11252 -702442.017014 0.000000 -3.463015 -0.428523
11212 -702442.017015 0.000000 -3.463015 -0.428523
11199 -702442.017015 0.000000 -3.463015 -0.428523
16545 -702442.017015 0.000000 -3.463015 -0.428523
16468 -702442.017015 0.000000 -3.463015 -0.428523
16401 -702442.017015 0.000000 -3.463015 -0.428523
16360 -702442.017014 0.000000 -3.463015 -0.428523
21577 -702442.017015 0.000000 -3.463015 -0.428523
21500 -702442.017015 0.000000 -3.463015 -0.428523
21428 -702442.017014 0.000000 -3.463015 -0.428523
21384 -702442.017015 0.000000 -3.463015 -0.428523
21036 -702442.017015 0.000000 -3.463015 -0.428523
26799 -702442.017015 0.000000 -3.463015 -0.428524
26722 -702442.017015 0.000000 -3.463015 -0.428523
26032 -702442.017015 0.000000 -3.463015 -0.428523
25997 -702442.017014 0.000000 -3.463015 -0.428523
25986 -702442.017015 0.000000 -3.463015 -0.428523
31754 -702442.017015 0.000000 -3.463015 -0.428523
31164 -702442.017014 0.000000 -3.463015 -0.428523
31097 -702442.017015 0.000000 -3.463015 -0.428524
31062 -702442.017012 0.000000 -3.463013 -0.428521
36956 -702442.017015 0.000000 -3.463015 -0.428523
36183 -702442.017015 0.000000 -3.463015 -0.428524
36112 -702442.017015 0.000000 -3.463015 -0.428523
36070 -702442.017015 0.000000 -3.463015 -0.428523
35868 -702442.017015 0.000000 -3.463015 -0.428523
2099 -702441.984953 0.000000 -3.430954 -0.396462
2022 -702441.984954 0.000000 -3.430955 -0.396463
1408 -702441.984953 0.000000 -3.430954 -0.396462
1355 -702441.984954 0.000000 -3.430955 -0.396463
1333 -702441.984954 0.000000 -3.430955 -0.396463
7227 -702441.984954 0.000000 -3.430955 -0.396463
6453 -702441.984954 0.000000 -3.430955 -0.396463
6384 -702441.984954 0.000000 -3.430955 -0.396463
6340 -702441.984954 0.000000 -3.430955 -0.396463
6176 -702441.984954 0.000000 -3.430955 -0.396463
11685 -702441.984954 0.000000 -3.430955 -0.396463
11609 -702441.984954 0.000000 -3.430955 -0.396463
11548 -702441.984954 0.000000 -3.430955 -0.396463
11131 -702441.984953 0.000000 -3.430954 -0.396462
16767 -702441.984953 0.000000 -3.430954 -0.396462
16690 -702441.984954 0.000000 -3.430955 -0.396463
16616 -702441.984954 0.000000 -3.430955 -0.396463
16125 -702441.984954 0.000000 -3.430954 -0.396462
16104 -702441.984954 0.000000 -3.430955 -0.396463
21929 -702441.984954 0.000000 -3.430955 -0.396463
21891 -702441.984954 0.000000 -3.430954 -0.396462
21130 -702441.984953 0.000000 -3.430954 -0.396462
21091 -702441.984954 0.000000 -3.430955 -0.396463
26980 -702441.984953 0.000000 -3.430954 -0.396462
26357 -702441.984954 0.000000 -3.430954 -0.396462
26281 -702441.984954 0.000000 -3.430954 -0.396462
26226 -702441.984954 0.000000 -3.430954 -0.396462
26201 -702441.984954 0.000000 -3.430955 -0.396463
31431 -702441.984954 0.000000 -3.430955 -0.396463
31355 -702441.984954 0.000000 -3.430954 -0.396462
31281 -702441.984954 0.000000 -3.430955 -0.396463
31235 -702441.984954 0.000000 -3.430954 -0.396462
30924 -702441.984954 0.000000 -3.430955 -0.396463
36610 -702441.984954 0.000000 -3.430954 -0.396462
36534 -702441.984954 0.000000 -3.430955 -0.396463
35920 -702441.984954 0.000000 -3.430954 -0.396462
35883 -702441.984954 0.000000 -3.430955 -0.396463
1660 -702442.110501 0.000000 -3.556502 -0.522010
1582 -702442.110501 0.000000 -3.556502 -0.522010
1517 -702442.110501 0.000000 -3.556502 -0.522010
1486 -702442.110501 0.000000 -3.556502 -0.522010
6951 -702442.110501 0.000000 -3.556502 -0.522010
6876 -702442.110501 0.000000 -3.556502 -0.522010
6799 -702442.110501 0.000000 -3.556502 -0.522010
6210 -702442.110501 0.000000 -3.556502 -0.522010
6186 -702442.110501 0.000000 -3.556502 -0.522010
11913 -702442.110501 0.000000 -3.556502 -0.522010
11835 -702442.110501 0.000000 -3.556502 -0.522010
11281 -702442.110501 0.000000 -3.556502 -0.522010
11228 -702442.110501 0.000000 -3.556502 -0.522010
11202 -702442.110501 0.000000 -3.556502 -0.522010
17085 -702442.110501 0.000000 -3.556502 -0.522010
16291 -702442.110501 0.000000 -3.556502 -0.522010
16232 -702442.110501 0.000000 -3.556502 -0.522010
16200 -702442.110501 0.000000 -3.556502 -0.522010
21612 -702442.110501 0.000000 -3.556502 -0.522010
21537 -702442.110501 0.000000 -3.556502 -0.522010
21460 -702442.110501 0.000000 -3.556502 -0.522010
21400 -702442.110501 0.000000 -3.556502 -0.522010
21025 -702442.110501 0.000000 -3.556502 -0.522010
26577 -702442.110501 0.000000 -3.556502 -0.522010
26499 -702442.110501 0.000000 -3.556502 -0.522010
26433 -702442.110501 0.000000 -3.556502 -0.522010
26009 -702442.110501 0.000000 -3.556502 -0.522010
25989 -702442.110501 0.000000 -3.556502 -0.522010
31791 -702442.110501 0.000000 -3.556502 -0.522010
31732 -702442.110501 0.000000 -3.556502 -0.522010
30988 -702442.110501 0.000000 -3.556502 -0.522010
30961 -702442.110501 0.000000 -3.556502 -0.522010
36813 -702442.110501 0.000000 -3.556502 -0.522010
36219 -702442.110501 0.000000 -3.556502 -0.522010
36144 -702442.110501 0.000000 -3.556502 -0.522010
36086 -702442.110501 0.000000 -3.556502 -0.522010
36058 -702442.110501 0.000000 -3.556502 -0.522010
2098 -702442.154872 0.000000 -3.600873 -0.566381
2021 -702442.154872 0.000000 -3.600873 -0.566381
1973 -702442.154872 0.000000 -3.600873 -0.566381
1285 -702442.154872 0.000000 -3.600873 -0.566381
1256 -702442.154872 0.000000 -3.600873 -0.566381
7084 -702442.154872 0.000000 -3.600873 -0.566381
6452 -702442.154872 0.000000 -3.600873 -0.566381
6383 -702442.154872 0.000000 -3.600873 -0.566381
6339 -702442.154872 0.000000 -3.600873 -0.566381
6326 -702442.154872 0.000000 -3.600873 -0.566381
11515 -702442.154872 0.000000 -3.600873 -0.566381
11438 -702442.154872 0.000000 -3.600873 -0.566381
11375 -702442.154872 0.000000 -3.600873 -0.566381
11340 -702442.154872 0.000000 -3.600873 -0.566381
16766 -702442.154872 0.000000 -3.600873 -0.566381
16689 -702442.154872 0.000000 -3.600873 -0.566381
16615 -702442.154872 0.000000 -3.600873 -0.566381
16098 -702442.154872 0.000000 -3.600873 -0.566381
16080 -702442.154872 0.000000 -3.600873 -0.566381
21764 -702442.154872 0.000000 -3.600873 -0.566381
21686 -702442.154872 0.000000 -3.600873 -0.566381
21129 -702442.154872 0.000000 -3.600873 -0.566381
21090 -702442.154872 0.000000 -3.600873 -0.566381
21077 -702442.154872 0.000000 -3.600873 -0.566381
26923 -702442.154872 0.000000 -3.600873 -0.566381
26153 -702442.154872 0.000000 -3.600873 -0.566381
26091 -702442.154872 0.000000 -3.600873 -0.566381
26060 -702442.154872 0.000000 -3.600873 -0.566381
31956 -702442.154872 0.000000 -3.600873 -0.566381
31354 -702442.154872 0.000000 -3.600873 -0.566381
31280 -702442.154872 0.000000 -3.600873 -0.566381
31234 -702442.154872 0.000000 -3.600873 -0.566381
30920 -702442.154872 0.000000 -3.600873 -0.566381
36424 -702442.154872 0.000000 -3.600873 -0.566381
36346 -702442.154872 0.000000 -3.600873 -0.566381
36278 -702442.154872 0.000000 -3.600873 -0.566381
35882 -702442.154872 0.000000 -3.600873 -0.566381
2212 -702442.290811 0.000000 -3.736812 -0.702320
1620 -702442.290811 0.000000 -3.736811 -0.702320
1546 -702442.290811 0.000000 -3.736811 -0.702320
1497 -702442.290811 0.000000 -3.736812 -0.702320
1228 -702442.290811 0.000000 -3.736812 -0.702320
6650 -702442.290811 0.000000 -3.736811 -0.702320
6574 -702442.290811 0.000000 -3.736812 -0.702320
6519 -702442.290811 0.000000 -3.736812 -0.702320
6195 -702442.290811 0.000000 -3.736811 -0.702320
11950 -702442.290811 0.000000 -3.736812 -0.702320
11873 -702442.290811 0.000000 -3.736812 -0.702320
11805 -702442.290811 0.000000 -3.736812 -0.702320
11158 -702442.290811 0.000000 -3.736812 -0.702320
11141 -702442.290811 0.000000 -3.736812 -0.702320
16907 -702442.290811 0.000000 -3.736812 -0.702320
16328 -702442.290811 0.000000 -3.736812 -0.702320
16257 -702442.290811 0.000000 -3.736812 -0.702320
16212 -702442.290811 0.000000 -3.736812 -0.702320
22107 -702442.290811 0.000000 -3.736812 -0.702320
21337 -702442.290811 0.000000 -3.736812 -0.702320
21261 -702442.290811 0.000000 -3.736812 -0.702320
21212 -702442.290811 0.000000 -3.736812 -0.702320
21191 -702442.290811 0.000000 -3.736812 -0.702320
26614 -702442.290811 0.000000 -3.736812 -0.702320
26537 -702442.290811 0.000000 -3.736812 -0.702320
26462 -702442.290811 0.000000 -3.736812 -0.702320
25978 -702442.290811 0.000000 -3.736812 -0.702320
25968 -702442.290811 0.000000 -3.736812 -0.702320
31579 -702442.290811 0.000000 -3.736812 -0.702320
31502 -702442.290811 0.000000 -3.736812 -0.702320
31013 -702442.290811 0.000000 -3.736812 -0.702320
30970 -702442.290811 0.000000 -3.736811 -0.702320
36848 -702442.290811 0.000000 -3.736812 -0.702320
36773 -702442.290811 0.000000 -3.736812 -0.702320
35996 -702442.290811 0.000000 -3.736812 -0.702320
35948 -702442.290811 0.000000 -3.736812 -0.702320
35931 -702442.290811 0.000000 -3.736812 -0.702320
1916 -702442.322871 0.000000 -3.768871 -0.734379
1839 -702442.322872 0.000000 -3.768872 -0.734380
1762 -702442.322872 0.000000 -3.768873 -0.734381
1284 -702442.322871 0.000000 -3.768871 -0.734379
1255 -702442.322871 0.000000 -3.768872 -0.734380
7083 -702442.322872 0.000000 -3.768873 -0.734381
7015 -702442.322871 0.000000 -3.768871 -0.734379
6290 -702442.322871 0.000000 -3.768872 -0.734380
6244 -702442.322872 0.000000 -3.768873 -0.734381
6225 -702442.322871 0.000000 -3.768871 -0.734379
12064 -702442.322872 0.000000 -3.768873 -0.734381
11437 -702442.322871 0.000000 -3.768872 -0.734380
11374 -702442.322871 0.000000 -3.768871 -0.734379
11339 -702442.322871 0.000000 -3.768872 -0.734380
16582 -702442.322871 0.000000 -3.768872 -0.734380
16506 -702442.322871 0.000000 -3.768872 -0.734380
16431 -702442.322871 0.000000 -3.768872 -0.734380
16376 -702442.322871 0.000000 -3.768872 -0.734380
16079 -702442.322872 0.000000 -3.768873 -0.734381
21763 -702442.322872 0.000000 -3.768872 -0.734380
21685 -702442.322871 0.000000 -3.768872 -0.734380
21639 -702442.322871 0.000000 -3.768872 -0.734380
21046 -702442.322871 0.000000 -3.768872 -0.734380
21031 -702442.322871 0.000000 -3.768872 -0.734380
26760 -702442.322872 0.000000 -3.768873 -0.734381
26152 -702442.322871 0.000000 -3.768872 -0.734380
26090 -702442.322871 0.000000 -3.768871 -0.734379
26059 -702442.322871 0.000000 -3.768872 -0.734380
31955 -702442.322871 0.000000 -3.768871 -0.734379
31201 -702442.322871 0.000000 -3.768872 -0.734380
31127 -702442.322871 0.000000 -3.768872 -0.734380
31076 -702442.322871 0.000000 -3.768872 -0.734380
31053 -702442.322871 0.000000 -3.768871 -0.734379
36423 -702442.322871 0.000000 -3.768872 -0.734380
36345 -702442.322871 0.000000 -3.768871 -0.734380
36277 -702442.322872 0.000000 -3.768873 -0.734381
36256 -702442.322871 0.000000 -3.768872 -0.734380
2064 -702442.005422 0.000000 -3.451423 -0.416931
1987 -702442.005422 0.000000 -3.451423 -0.416931
1411 -702442.005422 0.000000 -3.451423 -0.416931
1358 -702442.005422 0.000000 -3.451423 -0.416931
1336 -702442.005422 0.000000 -3.451423 -0.416931
85672 -702442.005422 0.000000 -3.451423 -0.416931
6419 -702442.005422 0.000000 -3.451423 -0.416931
6361 -702442.005422 0.000000 -3.451423 -0.416931
6333 -702442.005422 0.000000 -3.451423 -0.416931
11761 -702442.005422 0.000000 -3.451423 -0.416931
11688 -702442.005422 0.000000 -3.451423 -0.416931
11612 -702442.005422 0.000000 -3.451423 -0.416931
11551 -702442.005422 0.000000 -3.451423 -0.416931
11129 -702442.005422 0.000000 -3.451423 -0.416931
16732 -702442.005422 0.000000 -3.451423 -0.416931
16655 -702442.005422 0.000000 -3.451423 -0.416931
16595 -702442.005422 0.000000 -3.451423 -0.416931
16128 -702442.005422 0.000000 -3.451423 -0.416931
16107 -702442.005422 0.000000 -3.451423 -0.416931
21932 -702442.005422 0.000000 -3.451423 -0.416931
21163 -702442.005422 0.000000 -3.451423 -0.416931
21110 -702442.005422 0.000000 -3.451423 -0.416931
21084 -702442.005422 0.000000 -3.451423 -0.416931
26946 -702442.005422 0.000000 -3.451423 -0.416931
26360 -702442.005422 0.000000 -3.451423 -0.416931
26284 -702442.005422 0.000000 -3.451423 -0.416931
26229 -702442.005422 0.000000 -3.451423 -0.416931
26203 -702442.005422 0.000000 -3.451423 -0.416931
31397 -702442.005422 0.000000 -3.451423 -0.416931
31320 -702442.005422 0.000000 -3.451423 -0.416931
31258 -702442.005422 0.000000 -3.451423 -0.416931
30941 -702442.005422 0.000000 -3.451423 -0.416931
36686 -702442.005422 0.000000 -3.451423 -0.416931
36613 -702442.005422 0.000000 -3.451423 -0.416931
36537 -702442.005422 0.000000 -3.451423 -0.416931
35902 -702442.005422 0.000000 -3.451423 -0.416931
35880 -702442.005422 0.000000 -3.451423 -0.416931
1698 -702442.019957 0.000000 -3.465957 -0.431465
1623 -702442.019957 0.000000 -3.465957 -0.431465
1549 -702442.019957 0.000000 -3.465957 -0.431465
1500 -702442.019956 0.000000 -3.465957 -0.431465
1238 -702442.019956 0.000000 -3.465957 -0.431465
6917 -702442.019957 0.000000 -3.465957 -0.431465
6840 -702442.019956 0.000000 -3.465957 -0.431465
6764 -702442.019956 0.000000 -3.465957 -0.431465
6198 -702442.019956 0.000000 -3.465957 -0.431465
11953 -702442.019956 0.000000 -3.465957 -0.431465
11876 -702442.019956 0.000000 -3.465957 -0.431465
11807 -702442.019956 0.000000 -3.465957 -0.431465
11253 -702442.019956 0.000000 -3.465957 -0.431465
11213 -702442.019956 0.000000 -3.465957 -0.431465
17116 -702442.019956 0.000000 -3.465957 -0.431465
16330 -702442.019956 0.000000 -3.465957 -0.431465
16260 -702442.019956 0.000000 -3.465957 -0.431465
16215 -702442.019957 0.000000 -3.465957 -0.431465
16196 -702442.019956 0.000000 -3.465957 -0.431465
21578 -702442.019956 0.000000 -3.465957 -0.431465
21501 -702442.019956 0.000000 -3.465957 -0.431465
21429 -702442.019956 0.000000 -3.465957 -0.431465
21385 -702442.019957 0.000000 -3.465957 -0.431465
26617 -702442.019956 0.000000 -3.465957 -0.431465
26540 -702442.019957 0.000000 -3.465957 -0.431465
26465 -702442.019956 0.000000 -3.465957 -0.431465
26033 -702442.019956 0.000000 -3.465957 -0.431465
25998 -702442.019956 0.000000 -3.465957 -0.431465
31831 -702442.019957 0.000000 -3.465957 -0.431465
31755 -702442.019956 0.000000 -3.465957 -0.431465
31016 -702442.019957 0.000000 -3.465957 -0.431465
30973 -702442.019957 0.000000 -3.465957 -0.431465
30957 -702442.019957 0.000000 -3.465957 -0.431465
36776 -702442.019956 0.000000 -3.465957 -0.431465
36184 -702442.019956 0.000000 -3.465957 -0.431465
36113 -702442.019956 0.000000 -3.465957 -0.431465
36071 -702442.019956 0.000000 -3.465957 -0.431465
2062 -702441.996800 0.000000 -3.442801 -0.408309
1985 -702441.996801 0.000000 -3.442801 -0.408309
1310 -702441.996800 0.000000 -3.442801 -0.408309
1269 -702441.996800 0.000000 -3.442801 -0.408309
7124 -702441.996800 0.000000 -3.442801 -0.408309
7048 -702441.996800 0.000000 -3.442801 -0.408309
6417 -702441.996801 0.000000 -3.442801 -0.408310
6359 -702441.996800 0.000000 -3.442801 -0.408309
6331 -702441.996801 0.000000 -3.442801 -0.408310
12232 -702441.996800 0.000000 -3.442801 -0.408309
11480 -702441.996800 0.000000 -3.442801 -0.408309
11406 -702441.996801 0.000000 -3.442801 -0.408309
11355 -702441.996800 0.000000 -3.442801 -0.408309
11127 -702441.996800 0.000000 -3.442801 -0.408309
16730 -702441.996801 0.000000 -3.442801 -0.408310
16653 -702441.996800 0.000000 -3.442801 -0.408309
16594 -702441.996800 0.000000 -3.442801 -0.408309
16089 -702441.996800 0.000000 -3.442801 -0.408309
21804 -702441.996800 0.000000 -3.442801 -0.408309
21728 -702441.996800 0.000000 -3.442801 -0.408309
21651 -702441.996800 0.000000 -3.442801 -0.408309
21108 -702441.996801 0.000000 -3.442801 -0.408309
21082 -702441.996800 0.000000 -3.442801 -0.408309
26944 -702441.996801 0.000000 -3.442801 -0.408310
26192 -702441.996800 0.000000 -3.442801 -0.408309
26121 -702441.996800 0.000000 -3.442801 -0.408309
26075 -702441.996801 0.000000 -3.442801 -0.408310
32166 -702441.996800 0.000000 -3.442801 -0.408309
31395 -702441.996800 0.000000 -3.442801 -0.408309
31318 -702441.996801 0.000000 -3.442801 -0.408309
31256 -702441.996801 0.000000 -3.442801 -0.408309
31231 -702441.996801 0.000000 -3.442801 -0.408310
36466 -702441.996800 0.000000 -3.442801 -0.408309
36388 -702441.996801 0.000000 -3.442801 -0.408309
36311 -702441.996800 0.000000 -3.442801 -0.408309
35900 -702441.996800 0.000000 -3.442801 -0.408309
35878 -702441.996801 0.000000 -3.442801 -0.408310
