#ID      EIFS 	      EIPFS 	   FSbin        FSseg
315 -143056.463970 0.000000 -5.642763 -2.608943
2409 -143056.464176 0.000000 -5.642969 -2.609149
2487 -143056.463936 0.000000 -5.642730 -2.608909
4527 -143056.463927 0.000000 -5.642720 -2.608900
6449 -143056.463926 0.000000 -5.642719 -2.608899
285 -143056.469495 0.000000 -5.648288 -2.614468
481 -143056.469769 0.000000 -5.648562 -2.614742
2399 -143056.467353 0.000000 -5.646146 -2.612326
4487 -143056.469491 0.000000 -5.648284 -2.614464
6409 -143056.469491 0.000000 -5.648284 -2.614464
469 -143054.827987 0.000000 -4.006780 -0.972960
2386 -143055.262822 0.000000 -4.441615 -1.407795
4365 -143055.263177 0.000000 -4.441970 -1.408150
4405 -143054.827460 0.000000 -4.006253 -0.972433
6540 -143054.827419 0.000000 -4.006212 -0.972392
426 -143054.924554 0.000000 -4.103347 -1.069527
2346 -143054.887800 0.000000 -4.066593 -1.032773
2499 -143054.887802 0.000000 -4.066595 -1.032775
4471 -143054.887773 0.000000 -4.066566 -1.032746
6448 -143054.887776 0.000000 -4.066569 -1.032749
305 -143054.905594 0.000000 -4.084387 -1.050567
16565 -143054.906555 0.000000 -4.085348 -1.051528
2516 -143054.905565 0.000000 -4.084358 -1.050537
4448 -143054.905511 0.000000 -4.084305 -1.050484
6429 -143054.905505 0.000000 -4.084299 -1.050478
406 -143054.900546 0.000000 -4.079340 -1.045519
2385 -143055.009837 0.000000 -4.188630 -1.154810
4406 -143054.899644 0.000000 -4.078437 -1.044617
6386 -143054.899631 0.000000 -4.078424 -1.044603
6533 -143054.899614 0.000000 -4.078408 -1.044587
384 -143054.988842 0.000000 -4.167635 -1.133815
2366 -143054.976504 0.000000 -4.155297 -1.121477
2488 -143054.975691 0.000000 -4.154485 -1.120664
20629 -143054.975690 0.000000 -4.154483 -1.120663
6514 -143054.988793 0.000000 -4.167586 -1.133766
342 -143056.043814 0.000000 -5.222607 -2.188787
416 -143056.045358 0.000000 -5.224152 -2.190331
2472 -143056.045485 0.000000 -5.224278 -2.190458
4447 -143056.045488 0.000000 -5.224281 -2.190461
6367 -143056.045488 0.000000 -5.224281 -2.190461
16659 -143056.046131 0.000000 -5.224924 -2.191104
2451 -143056.046030 0.000000 -5.224823 -2.191003
4427 -143056.046047 0.000000 -5.224840 -2.191020
6355 -143056.046046 0.000000 -5.224839 -2.191019
6539 -143056.046054 0.000000 -5.224847 -2.191027
383 -143055.442845 0.000000 -4.621638 -1.587818
2312 -143055.189448 0.000000 -4.368241 -1.334421
2344 -143055.442703 0.000000 -4.621496 -1.587676
4528 -143055.442678 0.000000 -4.621471 -1.587651
6513 -143055.442671 0.000000 -4.621464 -1.587644
363 -143055.091817 0.000000 -4.270610 -1.236790
488 -143055.092701 0.000000 -4.271494 -1.237674
2486 -143055.091797 0.000000 -4.270590 -1.236770
20669 -143055.091798 0.000000 -4.270591 -1.236771
6493 -143055.091817 0.000000 -4.270610 -1.236790
470 -143057.103975 0.000000 -6.282769 -3.248948
2450 -143055.091773 0.000000 -4.270567 -1.236746
4366 -143055.091682 0.000000 -4.270475 -1.236655
6354 -143055.091685 0.000000 -4.270478 -1.236658
6532 -143057.103976 0.000000 -6.282769 -3.248949
16608 -143055.493185 0.000000 -4.671979 -1.638158
2430 -143055.493269 0.000000 -4.672062 -1.638242
4344 -143055.493094 0.000000 -4.671887 -1.638067
4535 -143055.493095 0.000000 -4.671888 -1.638068
6461 -143055.493093 0.000000 -4.671886 -1.638066
306 -143055.631526 0.000000 -4.810319 -1.776499
487 -143055.631344 0.000000 -4.810138 -1.776317
2517 -143055.631533 0.000000 -4.810327 -1.776506
4508 -143055.631514 0.000000 -4.810307 -1.776487
6430 -143055.631513 0.000000 -4.810306 -1.776486
484 -143055.629005 0.000000 -4.807798 -1.773978
2398 -143055.642979 0.000000 -4.821773 -1.787952
20648 -143055.642984 0.000000 -4.821777 -1.787957
6408 -143055.628743 0.000000 -4.807536 -1.773716
6407 -143055.628737 0.000000 -4.807531 -1.773710
447 -143055.768778 0.000000 -4.947571 -1.913750
2367 -143055.683984 0.000000 -4.862777 -1.828957
4343 -143055.683804 0.000000 -4.862597 -1.828777
4477 -143055.683810 0.000000 -4.862603 -1.828783
6551 -143055.768803 0.000000 -4.947596 -1.913776
610 -143056.110034 0.000000 -5.288827 -2.255007
2724 -143056.112316 0.000000 -5.291109 -2.257289
2539 -143056.111609 0.000000 -5.290402 -2.256582
4660 -143056.111622 0.000000 -5.290415 -2.256595
6601 -143056.110004 0.000000 -5.288797 -2.254977
16789 -143055.961140 0.000000 -5.139934 -2.106113
2685 -143055.961550 0.000000 -5.140343 -2.106523
2543 -143055.961170 0.000000 -5.139963 -2.106143
4596 -143055.961157 0.000000 -5.139950 -2.106130
6723 -143055.961159 0.000000 -5.139952 -2.106132
587 -143055.970400 0.000000 -5.149193 -2.115373
514 -143056.109614 0.000000 -5.288407 -2.254587
2707 -143056.365303 0.000000 -5.544096 -2.510276
2561 -143056.110592 0.000000 -5.289385 -2.255565
4654 -143055.970352 0.000000 -5.149146 -2.115325
4681 -143056.110538 0.000000 -5.289331 -2.255511
4543 -143055.970344 0.000000 -5.149137 -2.115317
6740 -143056.110541 0.000000 -5.289334 -2.255514
6581 -143055.970347 0.000000 -5.149140 -2.115320
8725 -143056.109473 0.000000 -5.288266 -2.254446
557 -143055.960968 0.000000 -5.139761 -2.105941
2560 -143055.961190 0.000000 -5.139983 -2.106163
4619 -143055.961147 0.000000 -5.139940 -2.106120
6739 -143055.961147 0.000000 -5.139940 -2.106120
6568 -143055.961153 0.000000 -5.139946 -2.106126
586 -143056.863911 0.000000 -6.042704 -3.008884
2645 -143056.531644 0.000000 -5.710437 -2.676617
4758 -143056.531543 0.000000 -5.710336 -2.676516
4576 -143056.531549 0.000000 -5.710343 -2.676522
6580 -143056.863911 0.000000 -6.042704 -3.008884
14649 -143056.535823 0.000000 -5.714616 -2.680796
566 -143056.535636 0.000000 -5.714429 -2.680609
2622 -143056.533884 0.000000 -5.712677 -2.678857
20798 -143056.533919 0.000000 -5.712712 -2.678892
6698 -143056.535821 0.000000 -5.714614 -2.680794
674 -143056.537107 0.000000 -5.715901 -2.682080
555 -143056.538877 0.000000 -5.717670 -2.683850
2526 -143056.537150 0.000000 -5.715943 -2.682123
4595 -143056.537130 0.000000 -5.715923 -2.682103
6658 -143056.537132 0.000000 -5.715925 -2.682105
16709 -143056.137206 0.000000 -5.315999 -2.282179
2664 -143056.137526 0.000000 -5.316319 -2.282499
4724 -143056.137324 0.000000 -5.316117 -2.282297
4580 -143056.137324 0.000000 -5.316118 -2.282297
6635 -143056.137327 0.000000 -5.316120 -2.282300
656 -143056.539023 0.000000 -5.717816 -2.683996
2709 -143056.424004 0.000000 -5.602797 -2.568977
4795 -143056.539013 0.000000 -5.717806 -2.683986
4546 -143056.538998 0.000000 -5.717791 -2.683971
6634 -143056.538997 0.000000 -5.717790 -2.683970
517 -143056.507918 0.000000 -5.686711 -2.652891
2621 -143056.536891 0.000000 -5.715684 -2.681864
4684 -143056.536809 0.000000 -5.715603 -2.681782
6793 -143056.536812 0.000000 -5.715605 -2.681785
6563 -143056.507835 0.000000 -5.686628 -2.652808
693 -143056.535566 0.000000 -5.714359 -2.680539
510 -143056.536447 0.000000 -5.715240 -2.681420
2606 -143056.536864 0.000000 -5.715657 -2.681836
4569 -143056.535578 0.000000 -5.714371 -2.680551
6677 -143056.535577 0.000000 -5.714370 -2.680550
16693 -143056.138762 0.000000 -5.317555 -2.283735
2582 -143056.138749 0.000000 -5.317542 -2.283722
4703 -143056.138731 0.000000 -5.317524 -2.283704
6762 -143056.138728 0.000000 -5.317521 -2.283701
6622 -143056.138720 0.000000 -5.317513 -2.283693
631 -143056.109359 0.000000 -5.288152 -2.254332
509 -143056.109734 0.000000 -5.288527 -2.254707
2546 -143056.110844 0.000000 -5.289637 -2.255817
4666 -143056.110804 0.000000 -5.289597 -2.255777
6725 -143056.110804 0.000000 -5.289597 -2.255777
609 -143056.110666 0.000000 -5.289460 -2.255639
2725 -143056.087971 0.000000 -5.266764 -2.232944
2538 -143056.087899 0.000000 -5.266692 -2.232872
4554 -143056.110718 0.000000 -5.289512 -2.255691
6600 -143056.110720 0.000000 -5.289513 -2.255693
608 -143055.954094 0.000000 -5.132887 -2.099067
2667 -143055.955305 0.000000 -5.134099 -2.100278
2537 -143055.955457 0.000000 -5.134250 -2.100430
4583 -143055.955446 0.000000 -5.134240 -2.100419
6718 -143055.955446 0.000000 -5.134239 -2.100419
736 -143055.960328 0.000000 -5.139121 -2.105301
16666 -143055.960220 0.000000 -5.139013 -2.105193
2562 -143055.960347 0.000000 -5.139140 -2.105320
4618 -143055.960342 0.000000 -5.139136 -2.105315
6741 -143055.960342 0.000000 -5.139135 -2.105315
569 -143055.979424 0.000000 -5.158217 -2.124397
2702 -143055.727422 0.000000 -4.906215 -1.872395
4640 -143055.979595 0.000000 -5.158388 -2.124568
6761 -143055.979592 0.000000 -5.158385 -2.124565
6572 -143055.979592 0.000000 -5.158386 -2.124565
588 -143055.630086 0.000000 -4.808879 -1.775059
2644 -143055.622033 0.000000 -4.800827 -1.767006
4759 -143055.621969 0.000000 -4.800762 -1.766942
4542 -143055.629947 0.000000 -4.808740 -1.774920
6582 -143055.629948 0.000000 -4.808742 -1.774921
696 -143055.630972 0.000000 -4.809765 -1.775945
556 -143055.630434 0.000000 -4.809227 -1.775407
2608 -143055.633036 0.000000 -4.811829 -1.778009
4617 -143055.630957 0.000000 -4.809750 -1.775930
6680 -143055.630955 0.000000 -4.809748 -1.775928
673 -143055.628963 0.000000 -4.807756 -1.773936
2686 -143055.628762 0.000000 -4.807555 -1.773735
2525 -143055.628957 0.000000 -4.807750 -1.773930
4597 -143055.628948 0.000000 -4.807742 -1.773921
6657 -143055.628950 0.000000 -4.807743 -1.773923
535 -143057.618987 0.000000 -6.797780 -3.763960
2643 -143055.492042 0.000000 -4.670835 -1.637015
4706 -143055.492025 0.000000 -4.670818 -1.636998
4575 -143055.492023 0.000000 -4.670816 -1.636996
6624 -143055.492031 0.000000 -4.670824 -1.637004
516 -143055.092882 0.000000 -4.271676 -1.237855
2623 -143055.092960 0.000000 -4.271753 -1.237933
4683 -143055.092914 0.000000 -4.271707 -1.237887
6699 -143055.092495 0.000000 -4.271288 -1.237468
6562 -143055.092514 0.000000 -4.271307 -1.237486
672 -143055.092632 0.000000 -4.271425 -1.237605
2728 -143055.099269 0.000000 -4.278062 -1.244242
2603 -143055.099337 0.000000 -4.278130 -1.244309
4556 -143055.092563 0.000000 -4.271356 -1.237536
6656 -143055.092562 0.000000 -4.271355 -1.237535
657 -143055.079467 0.000000 -4.258260 -1.224440
18758 -143054.987980 0.000000 -4.166773 -1.132953
4725 -143055.079661 0.000000 -4.258454 -1.224634
4545 -143055.079656 0.000000 -4.258449 -1.224629
6636 -143055.079667 0.000000 -4.258460 -1.224640
568 -143054.900073 0.000000 -4.078866 -1.045046
18743 -143054.818331 0.000000 -3.997124 -0.963304
4639 -143054.901221 0.000000 -4.080015 -1.046194
6763 -143054.901216 0.000000 -4.080009 -1.046189
6571 -143054.901278 0.000000 -4.080072 -1.046251
731 -143054.904496 0.000000 -4.083289 -1.049469
505 -143054.904874 0.000000 -4.083667 -1.049847
2544 -143054.904498 0.000000 -4.083292 -1.049471
4600 -143054.904504 0.000000 -4.083297 -1.049477
6724 -143054.904509 0.000000 -4.083302 -1.049482
611 -143054.848711 0.000000 -4.027504 -0.993684
2666 -143054.900752 0.000000 -4.079545 -1.045725
4774 -143054.901102 0.000000 -4.079895 -1.046075
4582 -143054.901086 0.000000 -4.079879 -1.046059
6602 -143054.848336 0.000000 -4.027129 -0.993309
695 -143056.470368 0.000000 -5.649161 -2.615341
558 -143056.469754 0.000000 -5.648547 -2.614727
2532 -143056.470368 0.000000 -5.649161 -2.615341
4620 -143056.470355 0.000000 -5.649148 -2.615328
6679 -143056.470355 0.000000 -5.649148 -2.615328
659 -143056.465957 0.000000 -5.644750 -2.610930
2665 -143056.465889 0.000000 -5.644683 -2.610862
2524 -143056.466001 0.000000 -5.644794 -2.610974
4581 -143056.465990 0.000000 -5.644783 -2.610963
6639 -143056.465993 0.000000 -5.644786 -2.610966
