#ID      EIGB 	      EIPGB 	   GBbin        GBseg
315 -143408.419496 0.000000 -3.830744 -0.797194
2409 -143408.419496 0.000000 -3.830744 -0.797194
2487 -143408.419496 0.000000 -3.830744 -0.797194
4527 -143408.419496 0.000000 -3.830744 -0.797194
6449 -143408.419496 0.000000 -3.830744 -0.797194
285 -143408.412822 0.000000 -3.824070 -0.790520
481 -143408.412822 0.000000 -3.824070 -0.790520
2399 -143408.412822 0.000000 -3.824070 -0.790520
4487 -143408.412822 0.000000 -3.824070 -0.790520
6409 -143408.412822 0.000000 -3.824070 -0.790520
469 -143408.380030 0.000000 -3.791279 -0.757728
2386 -143408.380030 0.000000 -3.791279 -0.757728
4365 -143408.380030 0.000000 -3.791279 -0.757728
4405 -143408.380030 0.000000 -3.791279 -0.757728
6540 -143408.380030 0.000000 -3.791279 -0.757728
426 -143408.176056 0.000000 -3.587305 -0.553755
2346 -143408.176056 0.000000 -3.587305 -0.553755
2499 -143408.176056 0.000000 -3.587305 -0.553755
4471 -143408.176056 0.000000 -3.587305 -0.553755
6448 -143408.176056 0.000000 -3.587305 -0.553755
305 -143408.110860 0.000000 -3.522109 -0.488559
16565 -143408.110860 0.000000 -3.522109 -0.488559
2516 -143408.110860 0.000000 -3.522109 -0.488559
4448 -143408.110860 0.000000 -3.522109 -0.488559
6429 -143408.110860 0.000000 -3.522109 -0.488559
406 -143408.066366 0.000000 -3.477614 -0.444064
2385 -143408.066366 0.000000 -3.477614 -0.444064
4406 -143408.066366 0.000000 -3.477614 -0.444064
6386 -143408.066366 0.000000 -3.477614 -0.444064
6533 -143408.066366 0.000000 -3.477614 -0.444064
384 -143408.131444 0.000000 -3.542693 -0.509143
2366 -143408.131444 0.000000 -3.542693 -0.509143
2488 -143408.131444 0.000000 -3.542693 -0.509143
20629 -143408.131444 0.000000 -3.542693 -0.509143
6514 -143408.131444 0.000000 -3.542693 -0.509143
342 -143408.170458 0.000000 -3.581706 -0.548156
416 -143408.170458 0.000000 -3.581706 -0.548156
2472 -143408.170458 0.000000 -3.581706 -0.548156
4447 -143408.170458 0.000000 -3.581706 -0.548156
6367 -143408.170458 0.000000 -3.581706 -0.548156
16659 -143408.247299 0.000000 -3.658548 -0.624998
2451 -143408.247299 0.000000 -3.658548 -0.624998
4427 -143408.247299 0.000000 -3.658548 -0.624998
6355 -143408.247299 0.000000 -3.658548 -0.624998
6539 -143408.247299 0.000000 -3.658548 -0.624998
383 -143408.797347 0.000000 -4.208595 -1.175045
2312 -143408.797347 0.000000 -4.208595 -1.175045
2344 -143408.797347 0.000000 -4.208595 -1.175045
4528 -143408.797347 0.000000 -4.208595 -1.175045
6513 -143408.797347 0.000000 -4.208595 -1.175045
363 -143408.828984 0.000000 -4.240232 -1.206682
488 -143408.828984 0.000000 -4.240232 -1.206682
2486 -143408.828984 0.000000 -4.240232 -1.206682
20669 -143408.828984 0.000000 -4.240232 -1.206682
6493 -143408.828984 0.000000 -4.240232 -1.206682
470 -143408.897066 0.000000 -4.308315 -1.274765
2450 -143408.897066 0.000000 -4.308315 -1.274765
4366 -143408.897066 0.000000 -4.308315 -1.274765
6354 -143408.897066 0.000000 -4.308315 -1.274765
6532 -143408.897066 0.000000 -4.308315 -1.274765
16608 -143408.400903 0.000000 -3.812151 -0.778601
2430 -143408.400903 0.000000 -3.812151 -0.778601
4344 -143408.400903 0.000000 -3.812151 -0.778601
4535 -143408.400903 0.000000 -3.812151 -0.778601
6461 -143408.400903 0.000000 -3.812151 -0.778601
306 -143408.296551 0.000000 -3.707800 -0.674250
487 -143408.296551 0.000000 -3.707800 -0.674250
2517 -143408.296551 0.000000 -3.707800 -0.674250
4508 -143408.296551 0.000000 -3.707800 -0.674250
6430 -143408.296551 0.000000 -3.707800 -0.674250
484 -143408.194450 0.000000 -3.605698 -0.572148
2398 -143408.194450 0.000000 -3.605698 -0.572148
20648 -143408.194450 0.000000 -3.605698 -0.572148
6408 -143408.194450 0.000000 -3.605698 -0.572148
6407 -143408.194450 0.000000 -3.605698 -0.572148
447 -143408.109283 0.000000 -3.520532 -0.486982
2367 -143408.109283 0.000000 -3.520532 -0.486982
4343 -143408.109283 0.000000 -3.520532 -0.486982
4477 -143408.109283 0.000000 -3.520532 -0.486982
6551 -143408.109283 0.000000 -3.520532 -0.486982
610 -143407.813288 0.000000 -3.224537 -0.190986
2724 -143407.813288 0.000000 -3.224537 -0.190986
2539 -143407.813288 0.000000 -3.224537 -0.190986
4660 -143407.813288 0.000000 -3.224537 -0.190986
6601 -143407.813288 0.000000 -3.224537 -0.190986
16789 -143408.052078 0.000000 -3.463326 -0.429776
2685 -143408.052078 0.000000 -3.463326 -0.429776
2543 -143408.052078 0.000000 -3.463326 -0.429776
4596 -143408.052078 0.000000 -3.463326 -0.429776
6723 -143408.052078 0.000000 -3.463326 -0.429776
587 -143407.830905 0.000000 -3.242153 -0.208603
514 -143407.766959 0.000000 -3.178207 -0.144657
2707 -143407.830905 0.000000 -3.242153 -0.208603
2561 -143407.766959 0.000000 -3.178207 -0.144657
4654 -143407.830905 0.000000 -3.242153 -0.208603
4681 -143407.766959 0.000000 -3.178207 -0.144657
4543 -143407.830905 0.000000 -3.242153 -0.208603
6740 -143407.766959 0.000000 -3.178207 -0.144657
6581 -143407.830905 0.000000 -3.242153 -0.208603
8725 -143407.766959 0.000000 -3.178207 -0.144657
557 -143407.948518 0.000000 -3.359766 -0.326216
2560 -143407.948518 0.000000 -3.359766 -0.326216
4619 -143407.948518 0.000000 -3.359766 -0.326216
6739 -143407.948518 0.000000 -3.359766 -0.326216
6568 -143407.948518 0.000000 -3.359766 -0.326216
586 -143409.074357 0.000000 -4.485606 -1.452056
2645 -143409.074357 0.000000 -4.485606 -1.452056
4758 -143409.074357 0.000000 -4.485606 -1.452056
4576 -143409.074357 0.000000 -4.485606 -1.452056
6580 -143409.074357 0.000000 -4.485606 -1.452056
14649 -143408.891708 0.000000 -4.302956 -1.269406
566 -143408.891708 0.000000 -4.302956 -1.269406
2622 -143408.891708 0.000000 -4.302956 -1.269406
20798 -143408.891708 0.000000 -4.302956 -1.269406
6698 -143408.891708 0.000000 -4.302956 -1.269406
674 -143408.864510 0.000000 -4.275759 -1.242209
555 -143408.864510 0.000000 -4.275759 -1.242209
2526 -143408.864510 0.000000 -4.275759 -1.242209
4595 -143408.864510 0.000000 -4.275759 -1.242209
6658 -143408.864510 0.000000 -4.275759 -1.242209
16709 -143408.238345 0.000000 -3.649593 -0.616043
2664 -143408.238345 0.000000 -3.649593 -0.616043
4724 -143408.238345 0.000000 -3.649593 -0.616043
4580 -143408.238345 0.000000 -3.649593 -0.616043
6635 -143408.238345 0.000000 -3.649593 -0.616043
656 -143408.832311 0.000000 -4.243560 -1.210010
2709 -143408.832311 0.000000 -4.243560 -1.210010
4795 -143408.832311 0.000000 -4.243560 -1.210010
4546 -143408.832311 0.000000 -4.243560 -1.210010
6634 -143408.832311 0.000000 -4.243560 -1.210010
517 -143408.877397 0.000000 -4.288646 -1.255096
2621 -143408.877397 0.000000 -4.288646 -1.255096
4684 -143408.877397 0.000000 -4.288646 -1.255096
6793 -143408.877397 0.000000 -4.288646 -1.255096
6563 -143408.877397 0.000000 -4.288646 -1.255096
693 -143408.819860 0.000000 -4.231109 -1.197559
510 -143408.819860 0.000000 -4.231109 -1.197559
2606 -143408.819860 0.000000 -4.231109 -1.197559
4569 -143408.819860 0.000000 -4.231109 -1.197559
6677 -143408.819860 0.000000 -4.231109 -1.197559
16693 -143408.267637 0.000000 -3.678885 -0.645335
2582 -143408.267637 0.000000 -3.678885 -0.645335
4703 -143408.267637 0.000000 -3.678885 -0.645335
6762 -143408.267637 0.000000 -3.678885 -0.645335
6622 -143408.267637 0.000000 -3.678885 -0.645335
631 -143408.166263 0.000000 -3.577512 -0.543962
509 -143408.166263 0.000000 -3.577512 -0.543962
2546 -143408.166263 0.000000 -3.577512 -0.543962
4666 -143408.166263 0.000000 -3.577512 -0.543962
6725 -143408.166263 0.000000 -3.577512 -0.543962
609 -143408.211582 0.000000 -3.622831 -0.589281
2725 -143408.211582 0.000000 -3.622831 -0.589281
2538 -143408.211582 0.000000 -3.622831 -0.589281
4554 -143408.211582 0.000000 -3.622831 -0.589281
6600 -143408.211582 0.000000 -3.622831 -0.589281
608 -143408.265580 0.000000 -3.676828 -0.643278
2667 -143408.265580 0.000000 -3.676828 -0.643278
2537 -143408.265580 0.000000 -3.676828 -0.643278
4583 -143408.265580 0.000000 -3.676828 -0.643278
6718 -143408.265580 0.000000 -3.676828 -0.643278
736 -143408.162490 0.000000 -3.573739 -0.540189
16666 -143408.162490 0.000000 -3.573739 -0.540189
2562 -143408.162490 0.000000 -3.573739 -0.540189
4618 -143408.162490 0.000000 -3.573739 -0.540189
6741 -143408.162490 0.000000 -3.573739 -0.540189
569 -143408.108895 0.000000 -3.520143 -0.486593
2702 -143408.108895 0.000000 -3.520143 -0.486593
4640 -143408.108895 0.000000 -3.520143 -0.486593
6761 -143408.108895 0.000000 -3.520143 -0.486593
6572 -143408.108895 0.000000 -3.520143 -0.486593
588 -143408.351632 0.000000 -3.762881 -0.729331
2644 -143408.351632 0.000000 -3.762881 -0.729331
4759 -143408.351632 0.000000 -3.762881 -0.729331
4542 -143408.351632 0.000000 -3.762881 -0.729331
6582 -143408.351632 0.000000 -3.762881 -0.729331
696 -143408.417791 0.000000 -3.829040 -0.795490
556 -143408.417791 0.000000 -3.829040 -0.795490
2608 -143408.417791 0.000000 -3.829040 -0.795490
4617 -143408.417791 0.000000 -3.829040 -0.795490
6680 -143408.417791 0.000000 -3.829040 -0.795490
673 -143408.448834 0.000000 -3.860083 -0.826533
2686 -143408.448834 0.000000 -3.860083 -0.826533
2525 -143408.448834 0.000000 -3.860083 -0.826533
4597 -143408.448834 0.000000 -3.860083 -0.826533
6657 -143408.448834 0.000000 -3.860083 -0.826533
535 -143408.354695 0.000000 -3.765944 -0.732394
2643 -143408.354695 0.000000 -3.765944 -0.732394
4706 -143408.354695 0.000000 -3.765944 -0.732394
4575 -143408.354695 0.000000 -3.765944 -0.732394
6624 -143408.354695 0.000000 -3.765944 -0.732394
516 -143408.199986 0.000000 -3.611235 -0.577685
2623 -143408.199986 0.000000 -3.611235 -0.577685
4683 -143408.199986 0.000000 -3.611235 -0.577685
6699 -143408.199986 0.000000 -3.611235 -0.577685
6562 -143408.199986 0.000000 -3.611235 -0.577685
672 -143408.184625 0.000000 -3.595873 -0.562323
2728 -143408.184625 0.000000 -3.595873 -0.562323
2603 -143408.184625 0.000000 -3.595873 -0.562323
4556 -143408.184625 0.000000 -3.595873 -0.562323
6656 -143408.184625 0.000000 -3.595873 -0.562323
657 -143408.097429 0.000000 -3.508678 -0.475128
18758 -143408.097429 0.000000 -3.508678 -0.475128
4725 -143408.097429 0.000000 -3.508678 -0.475128
4545 -143408.097429 0.000000 -3.508678 -0.475128
6636 -143408.097429 0.000000 -3.508678 -0.475128
568 -143408.170689 0.000000 -3.581938 -0.548387
18743 -143408.170689 0.000000 -3.581938 -0.548387
4639 -143408.170689 0.000000 -3.581938 -0.548387
6763 -143408.170689 0.000000 -3.581938 -0.548387
6571 -143408.170689 0.000000 -3.581938 -0.548387
731 -143408.202587 0.000000 -3.613835 -0.580285
505 -143408.202587 0.000000 -3.613835 -0.580285
2544 -143408.202587 0.000000 -3.613835 -0.580285
4600 -143408.202587 0.000000 -3.613835 -0.580285
6724 -143408.202587 0.000000 -3.613835 -0.580285
611 -143408.285650 0.000000 -3.696898 -0.663348
2666 -143408.285650 0.000000 -3.696898 -0.663348
4774 -143408.285650 0.000000 -3.696898 -0.663348
4582 -143408.285650 0.000000 -3.696898 -0.663348
6602 -143408.285650 0.000000 -3.696898 -0.663348
695 -143408.207709 0.000000 -3.618958 -0.585408
558 -143408.207709 0.000000 -3.618958 -0.585408
2532 -143408.207709 0.000000 -3.618958 -0.585408
4620 -143408.207709 0.000000 -3.618958 -0.585408
6679 -143408.207709 0.000000 -3.618958 -0.585408
659 -143408.202755 0.000000 -3.614004 -0.580454
2665 -143408.202755 0.000000 -3.614004 -0.580454
2524 -143408.202755 0.000000 -3.614004 -0.580454
4581 -143408.202755 0.000000 -3.614004 -0.580454
6639 -143408.202755 0.000000 -3.614004 -0.580454
