#ID      EIFS 	      EIPFS 	   FSbin        FSseg
83100 -813522.603282 0.000000 -2.679553 0.353638
1981 -813522.580847 0.000000 -2.657119 0.376073
1915 -813522.603282 0.000000 -2.679553 0.353638
2423 -813522.580847 0.000000 -2.657119 0.376073
2357 -813522.603282 0.000000 -2.679553 0.353638
2797 -813522.580847 0.000000 -2.657119 0.376073
2749 -813522.603282 0.000000 -2.679554 0.353638
13369 -813522.580847 0.000000 -2.657119 0.376073
13306 -813522.603282 0.000000 -2.679553 0.353638
13811 -813522.580847 0.000000 -2.657119 0.376073
13745 -813522.603282 0.000000 -2.679554 0.353638
14221 -813522.580847 0.000000 -2.657119 0.376073
14166 -813522.603282 0.000000 -2.679553 0.353638
13578 -813522.580847 0.000000 -2.657119 0.376073
24639 -813522.603282 0.000000 -2.679554 0.353638
25134 -813522.580847 0.000000 -2.657119 0.376073
25068 -813522.603282 0.000000 -2.679553 0.353638
25565 -813522.580847 0.000000 -2.657119 0.376073
25505 -813522.603282 0.000000 -2.679553 0.353638
25802 -813522.580847 0.000000 -2.657119 0.376073
36051 -813522.603282 0.000000 -2.679553 0.353638
36522 -813522.580847 0.000000 -2.657119 0.376073
36456 -813522.603282 0.000000 -2.679553 0.353638
36962 -813522.580847 0.000000 -2.657119 0.376073
36898 -813522.603282 0.000000 -2.679553 0.353638
37271 -813522.580847 0.000000 -2.657119 0.376073
83099 -813523.906456 0.000000 -3.982728 -0.949537
1848 -813522.654946 0.000000 -2.731217 0.301974
1914 -813523.906456 0.000000 -3.982728 -0.949536
2290 -813522.654946 0.000000 -2.731217 0.301974
2356 -813523.906456 0.000000 -3.982728 -0.949536
2716 -813522.654946 0.000000 -2.731217 0.301974
2748 -813523.906456 0.000000 -3.982728 -0.949536
13239 -813522.654946 0.000000 -2.731217 0.301974
13305 -813523.906456 0.000000 -3.982728 -0.949537
13678 -813522.654946 0.000000 -2.731217 0.301974
13744 -813523.906456 0.000000 -3.982728 -0.949536
14117 -813522.654946 0.000000 -2.731217 0.301974
14165 -813523.906456 0.000000 -3.982728 -0.949537
14364 -813522.654946 0.000000 -2.731217 0.301974
24638 -813523.906456 0.000000 -3.982728 -0.949537
25001 -813522.654946 0.000000 -2.731217 0.301974
25067 -813523.906456 0.000000 -3.982728 -0.949536
25443 -813522.654946 0.000000 -2.731217 0.301974
25504 -813523.906456 0.000000 -3.982728 -0.949537
25776 -813522.654946 0.000000 -2.731217 0.301974
36050 -813523.906456 0.000000 -3.982728 -0.949536
36389 -813522.654946 0.000000 -2.731217 0.301974
36455 -813523.906456 0.000000 -3.982728 -0.949537
36831 -813522.654946 0.000000 -2.731217 0.301974
36897 -813523.906456 0.000000 -3.982728 -0.949536
37220 -813522.654946 0.000000 -2.731217 0.301974
1817 -813522.926382 0.000000 -3.002654 0.030537
1917 -813523.083513 0.000000 -3.159785 -0.126594
2259 -813522.926382 0.000000 -3.002654 0.030537
2359 -813523.083513 0.000000 -3.159785 -0.126594
2690 -813522.926382 0.000000 -3.002654 0.030537
2751 -813523.083513 0.000000 -3.159785 -0.126594
13208 -813522.926382 0.000000 -3.002654 0.030537
13308 -813523.083513 0.000000 -3.159785 -0.126593
13647 -813522.926382 0.000000 -3.002654 0.030537
13747 -813523.083513 0.000000 -3.159785 -0.126594
14086 -813522.926382 0.000000 -3.002654 0.030537
14168 -813523.083513 0.000000 -3.159785 -0.126594
14362 -813522.926382 0.000000 -3.002654 0.030537
24641 -813523.083513 0.000000 -3.159785 -0.126594
24970 -813522.926382 0.000000 -3.002654 0.030537
25070 -813523.083513 0.000000 -3.159784 -0.126593
25412 -813522.926382 0.000000 -3.002654 0.030537
25507 -813523.083513 0.000000 -3.159785 -0.126594
25766 -813522.926382 0.000000 -3.002654 0.030537
36053 -813523.083513 0.000000 -3.159785 -0.126594
36358 -813522.926382 0.000000 -3.002654 0.030537
36458 -813523.083513 0.000000 -3.159785 -0.126594
36800 -813522.926382 0.000000 -3.002654 0.030537
36900 -813523.083513 0.000000 -3.159785 -0.126594
37202 -813522.926382 0.000000 -3.002654 0.030537
37237 -813523.083513 0.000000 -3.159785 -0.126594
1657 -813525.609397 0.000000 -5.685669 -2.652477
2018 -813525.872317 0.000000 -5.948589 -2.915397
2085 -813525.609397 0.000000 -5.685669 -2.652477
2460 -813525.872317 0.000000 -5.948589 -2.915397
2527 -813525.609397 0.000000 -5.685669 -2.652477
2823 -813525.872317 0.000000 -5.948589 -2.915397
2845 -813525.609397 0.000000 -5.685669 -2.652477
13406 -813525.872317 0.000000 -5.948589 -2.915397
13473 -813525.609397 0.000000 -5.685669 -2.652477
13848 -813525.872317 0.000000 -5.948589 -2.915397
13915 -813525.609397 0.000000 -5.685669 -2.652477
14255 -813525.872317 0.000000 -5.948589 -2.915397
14293 -813525.609397 0.000000 -5.685669 -2.652477
24730 -813525.872317 0.000000 -5.948589 -2.915397
24796 -813525.609397 0.000000 -5.685669 -2.652477
25171 -813525.872317 0.000000 -5.948589 -2.915397
25238 -813525.609397 0.000000 -5.685669 -2.652477
25602 -813525.872317 0.000000 -5.948589 -2.915397
25657 -813525.609397 0.000000 -5.685669 -2.652477
25173 -813525.872317 0.000000 -5.948589 -2.915397
36188 -813525.609397 0.000000 -5.685669 -2.652477
36559 -813525.872317 0.000000 -5.948589 -2.915397
36626 -813525.609397 0.000000 -5.685669 -2.652477
36999 -813525.872317 0.000000 -5.948589 -2.915397
37063 -813525.609397 0.000000 -5.685668 -2.652477
37289 -813525.872317 0.000000 -5.948589 -2.915397
1850 -813525.490258 0.000000 -5.566529 -2.533338
2191 -813523.960427 0.000000 -4.036699 -1.003507
2292 -813525.490258 0.000000 -5.566530 -2.533338
2623 -813523.960427 0.000000 -4.036698 -1.003507
2718 -813525.490258 0.000000 -5.566529 -2.533338
2870 -813523.960427 0.000000 -4.036699 -1.003507
13241 -813525.490258 0.000000 -5.566529 -2.533338
13579 -813523.960427 0.000000 -4.036698 -1.003507
13680 -813525.490258 0.000000 -5.566529 -2.533338
14018 -813523.960427 0.000000 -4.036699 -1.003507
14119 -813525.490258 0.000000 -5.566530 -2.533338
14333 -813523.960427 0.000000 -4.036699 -1.003507
14365 -813525.490258 0.000000 -5.566529 -2.533338
24902 -813523.960426 0.000000 -4.036698 -1.003507
25003 -813525.490258 0.000000 -5.566529 -2.533338
25344 -813523.960427 0.000000 -4.036698 -1.003507
25445 -813525.490258 0.000000 -5.566529 -2.533338
25719 -813523.960427 0.000000 -4.036698 -1.003507
25778 -813525.490258 0.000000 -5.566529 -2.533338
36290 -813523.960427 0.000000 -4.036698 -1.003507
36391 -813525.490258 0.000000 -5.566529 -2.533338
36732 -813523.960427 0.000000 -4.036698 -1.003507
36833 -813525.490258 0.000000 -5.566529 -2.533338
37142 -813523.960427 0.000000 -4.036699 -1.003507
37222 -813525.490258 0.000000 -5.566529 -2.533338
36224 -813523.960427 0.000000 -4.036699 -1.003507
1564 -813524.138527 0.000000 -4.214798 -1.181607
2017 -813523.814965 0.000000 -3.891237 -0.858046
1934 -813524.138527 0.000000 -4.214798 -1.181607
2459 -813523.814965 0.000000 -3.891237 -0.858045
2376 -813524.138527 0.000000 -4.214798 -1.181607
2822 -813523.814965 0.000000 -3.891236 -0.858045
2754 -813524.138527 0.000000 -4.214798 -1.181607
13405 -813523.814965 0.000000 -3.891237 -0.858046
13325 -813524.138527 0.000000 -4.214798 -1.181607
13847 -813523.814965 0.000000 -3.891237 -0.858046
13764 -813524.138527 0.000000 -4.214798 -1.181607
14254 -813523.814965 0.000000 -3.891237 -0.858045
14174 -813524.138527 0.000000 -4.214798 -1.181607
24729 -813523.814965 0.000000 -3.891237 -0.858045
24658 -813524.138527 0.000000 -4.214798 -1.181607
25170 -813523.814965 0.000000 -3.891236 -0.858045
25087 -813524.138527 0.000000 -4.214798 -1.181607
25601 -813523.814965 0.000000 -3.891236 -0.858045
25518 -813524.138527 0.000000 -4.214798 -1.181607
25274 -813523.814965 0.000000 -3.891237 -0.858046
36070 -813524.138527 0.000000 -4.214798 -1.181607
36558 -813523.814965 0.000000 -3.891237 -0.858046
36475 -813524.138527 0.000000 -4.214798 -1.181607
36998 -813523.814965 0.000000 -3.891237 -0.858046
36915 -813524.138527 0.000000 -4.214798 -1.181607
37288 -813523.814965 0.000000 -3.891237 -0.858046
1693 -813524.916898 0.000000 -4.993169 -1.959978
2224 -813523.910233 0.000000 -3.986505 -0.953314
2122 -813524.916898 0.000000 -4.993169 -1.959978
2656 -813523.910234 0.000000 -3.986505 -0.953314
2563 -813524.916898 0.000000 -4.993169 -1.959978
2462 -813523.910233 0.000000 -3.986505 -0.953314
13104 -813524.916898 0.000000 -4.993169 -1.959978
13612 -813523.910234 0.000000 -3.986505 -0.953314
13510 -813524.916898 0.000000 -4.993169 -1.959978
14051 -813523.910233 0.000000 -3.986505 -0.953314
13952 -813524.916898 0.000000 -4.993169 -1.959978
14351 -813523.910233 0.000000 -3.986505 -0.953314
14304 -813524.916898 0.000000 -4.993169 -1.959978
24935 -813523.910234 0.000000 -3.986505 -0.953314
24833 -813524.916898 0.000000 -4.993169 -1.959978
25377 -813523.910233 0.000000 -3.986505 -0.953314
25275 -813524.916898 0.000000 -4.993169 -1.959978
25747 -813523.910233 0.000000 -3.986505 -0.953314
25678 -813524.916898 0.000000 -4.993169 -1.959978
36323 -813523.910234 0.000000 -3.986505 -0.953314
36225 -813524.916898 0.000000 -4.993169 -1.959978
36765 -813523.910234 0.000000 -3.986505 -0.953314
36663 -813524.916898 0.000000 -4.993169 -1.959978
37175 -813523.910234 0.000000 -3.986505 -0.953314
37092 -813524.916898 0.000000 -4.993169 -1.959978
36054 -813523.910233 0.000000 -3.986505 -0.953314
1952 -813525.391950 0.000000 -5.468221 -2.435030
1883 -813523.892247 0.000000 -3.968519 -0.935328
2394 -813525.391950 0.000000 -5.468221 -2.435030
2325 -813523.892247 0.000000 -3.968519 -0.935327
2771 -813525.391950 0.000000 -5.468221 -2.435030
2738 -813523.892248 0.000000 -3.968519 -0.935328
1692 -813525.391950 0.000000 -5.468221 -2.435030
13274 -813523.892247 0.000000 -3.968519 -0.935328
13782 -813525.391950 0.000000 -5.468221 -2.435030
13713 -813523.892248 0.000000 -3.968519 -0.935328
14192 -813525.391950 0.000000 -5.468221 -2.435030
14147 -813523.892247 0.000000 -3.968519 -0.935328
13850 -813525.391950 0.000000 -5.468221 -2.435030
24607 -813523.892247 0.000000 -3.968519 -0.935328
25105 -813525.391950 0.000000 -5.468221 -2.435030
25036 -813523.892247 0.000000 -3.968519 -0.935328
25536 -813525.391950 0.000000 -5.468221 -2.435030
25478 -813523.892247 0.000000 -3.968519 -0.935328
25793 -813525.391950 0.000000 -5.468221 -2.435030
25781 -813523.892247 0.000000 -3.968519 -0.935328
36493 -813525.391950 0.000000 -5.468221 -2.435030
36424 -813523.892248 0.000000 -3.968519 -0.935328
36933 -813525.391950 0.000000 -5.468221 -2.435030
36866 -813523.892247 0.000000 -3.968519 -0.935327
37254 -813525.391950 0.000000 -5.468221 -2.435030
37232 -813523.892248 0.000000 -3.968519 -0.935328
1718 -813525.718029 0.000000 -5.794301 -2.761110
2053 -813523.958781 0.000000 -4.035053 -1.001862
2147 -813525.718029 0.000000 -5.794301 -2.761110
2495 -813523.958781 0.000000 -4.035053 -1.001862
2583 -813525.718029 0.000000 -5.794301 -2.761110
2840 -813523.958782 0.000000 -4.035053 -1.001862
13129 -813525.718029 0.000000 -5.794301 -2.761110
13441 -813523.958782 0.000000 -4.035053 -1.001862
13535 -813525.718029 0.000000 -5.794301 -2.761110
13883 -813523.958782 0.000000 -4.035053 -1.001862
13976 -813525.718029 0.000000 -5.794301 -2.761110
14280 -813523.958782 0.000000 -4.035053 -1.001862
14305 -813525.718029 0.000000 -5.794301 -2.761110
24764 -813523.958781 0.000000 -4.035053 -1.001861
24858 -813525.718029 0.000000 -5.794301 -2.761110
25206 -813523.958782 0.000000 -4.035053 -1.001862
25300 -813525.718029 0.000000 -5.794301 -2.761110
25636 -813523.958782 0.000000 -4.035053 -1.001862
25684 -813525.718029 0.000000 -5.794301 -2.761110
36156 -813523.958782 0.000000 -4.035053 -1.001862
36250 -813525.718029 0.000000 -5.794301 -2.761110
36594 -813523.958782 0.000000 -4.035053 -1.001862
36688 -813525.718029 0.000000 -5.794301 -2.761110
37034 -813523.958781 0.000000 -4.035052 -1.001861
37104 -813525.718029 0.000000 -5.794301 -2.761110
37296 -813523.958782 0.000000 -4.035053 -1.001862
1816 -813524.872112 0.000000 -4.948383 -1.915192
1882 -813525.960066 0.000000 -6.036338 -3.003146
2258 -813524.872112 0.000000 -4.948384 -1.915192
2324 -813525.960066 0.000000 -6.036338 -3.003147
2689 -813524.872112 0.000000 -4.948384 -1.915192
2737 -813525.960066 0.000000 -6.036338 -3.003146
2121 -813524.872112 0.000000 -4.948383 -1.915192
13273 -813525.960066 0.000000 -6.036338 -3.003147
13646 -813524.872112 0.000000 -4.948383 -1.915192
13712 -813525.960066 0.000000 -6.036338 -3.003146
14085 -813524.872112 0.000000 -4.948384 -1.915192
14146 -813525.960066 0.000000 -6.036338 -3.003146
14361 -813524.872112 0.000000 -4.948384 -1.915192
24606 -813525.960066 0.000000 -6.036337 -3.003146
24969 -813524.872112 0.000000 -4.948384 -1.915192
25035 -813525.960066 0.000000 -6.036338 -3.003147
25411 -813524.872112 0.000000 -4.948384 -1.915192
25477 -813525.960066 0.000000 -6.036338 -3.003147
25765 -813524.872112 0.000000 -4.948383 -1.915192
25780 -813525.960066 0.000000 -6.036337 -3.003146
36357 -813524.872112 0.000000 -4.948383 -1.915192
36423 -813525.960066 0.000000 -6.036338 -3.003146
36799 -813524.872112 0.000000 -4.948384 -1.915192
36865 -813525.960066 0.000000 -6.036338 -3.003147
37201 -813524.872112 0.000000 -4.948383 -1.915192
37231 -813525.960066 0.000000 -6.036338 -3.003146
83161 -813525.328286 0.000000 -5.404558 -2.371367
1985 -813525.803431 0.000000 -5.879702 -2.846511
2088 -813525.328286 0.000000 -5.404558 -2.371367
2427 -813525.803431 0.000000 -5.879702 -2.846511
2530 -813525.328286 0.000000 -5.404558 -2.371367
2801 -813525.803431 0.000000 -5.879702 -2.846511
2848 -813525.328286 0.000000 -5.404558 -2.371367
13373 -813525.803431 0.000000 -5.879702 -2.846511
13476 -813525.328286 0.000000 -5.404558 -2.371367
13815 -813525.803431 0.000000 -5.879702 -2.846511
13918 -813525.328286 0.000000 -5.404558 -2.371367
14225 -813525.803431 0.000000 -5.879702 -2.846511
14296 -813525.328286 0.000000 -5.404558 -2.371367
13309 -813525.803431 0.000000 -5.879702 -2.846511
24799 -813525.328286 0.000000 -5.404558 -2.371367
25138 -813525.803431 0.000000 -5.879702 -2.846511
25241 -813525.328286 0.000000 -5.404558 -2.371367
25569 -813525.803431 0.000000 -5.879702 -2.846511
25660 -813525.328286 0.000000 -5.404558 -2.371367
25718 -813525.803431 0.000000 -5.879702 -2.846511
36191 -813525.328286 0.000000 -5.404558 -2.371367
36526 -813525.803430 0.000000 -5.879702 -2.846511
36629 -813525.328286 0.000000 -5.404558 -2.371367
36966 -813525.803431 0.000000 -5.879702 -2.846511
37066 -813525.328286 0.000000 -5.404558 -2.371367
37275 -813525.803431 0.000000 -5.879702 -2.846511
1815 -813525.379451 0.000000 -5.455723 -2.422531
1727 -813524.687092 0.000000 -4.763363 -1.730172
2257 -813525.379451 0.000000 -5.455723 -2.422531
2156 -813524.687092 0.000000 -4.763363 -1.730172
2688 -813525.379451 0.000000 -5.455723 -2.422531
2588 -813524.687092 0.000000 -4.763363 -1.730172
2190 -813525.379451 0.000000 -5.455723 -2.422531
13138 -813524.687092 0.000000 -4.763363 -1.730172
13645 -813525.379451 0.000000 -5.455723 -2.422532
13544 -813524.687092 0.000000 -4.763363 -1.730172
14084 -813525.379451 0.000000 -5.455723 -2.422531
13983 -813524.687092 0.000000 -4.763363 -1.730172
14360 -813525.379451 0.000000 -5.455723 -2.422531
24498 -813524.687092 0.000000 -4.763363 -1.730172
24968 -813525.379451 0.000000 -5.455723 -2.422531
24867 -813524.687092 0.000000 -4.763363 -1.730172
25410 -813525.379451 0.000000 -5.455723 -2.422532
25309 -813524.687092 0.000000 -4.763363 -1.730172
25764 -813525.379451 0.000000 -5.455723 -2.422531
25685 -813524.687092 0.000000 -4.763363 -1.730172
36356 -813525.379451 0.000000 -5.455723 -2.422531
36259 -813524.687092 0.000000 -4.763363 -1.730172
36798 -813525.379451 0.000000 -5.455723 -2.422531
36697 -813524.687092 0.000000 -4.763363 -1.730172
37200 -813525.379451 0.000000 -5.455723 -2.422532
37107 -813524.687091 0.000000 -4.763363 -1.730172
4152 -813525.952792 0.000000 -6.029064 -2.995873
3878 -813525.473090 0.000000 -5.549362 -2.516170
3879 -813525.059236 0.000000 -5.135508 -2.102317
4012 -813525.056147 0.000000 -5.132419 -2.099228
4013 -813525.474571 0.000000 -5.550843 -2.517651
3981 -813524.535623 0.000000 -4.611894 -1.578703
4126 -813525.433784 0.000000 -5.510055 -2.476864
3676 -813525.481521 0.000000 -5.557793 -2.524601
3844 -813525.113280 0.000000 -5.189552 -2.156360
3811 -813525.513929 0.000000 -5.590200 -2.557009
3809 -813524.238223 0.000000 -4.314495 -1.281304
3810 -813524.600143 0.000000 -4.676415 -1.643223
3944 -813525.043283 0.000000 -5.119555 -2.086364
3945 -813525.480980 0.000000 -5.557252 -2.524061
3640 -813525.872273 0.000000 -5.948545 -2.915354
3641 -813524.677802 0.000000 -4.754073 -1.720882
3609 -813525.022196 0.000000 -5.098467 -2.065276
3776 -813525.045637 0.000000 -5.121909 -2.088717
3743 -813525.242455 0.000000 -5.318727 -2.285535
95198 -813526.039747 0.000000 -6.116019 -3.082828
3742 -813525.952792 0.000000 -6.029064 -2.995873
3436 -813525.473090 0.000000 -5.549362 -2.516170
3437 -813525.059236 0.000000 -5.135508 -2.102317
3572 -813525.056147 0.000000 -5.132419 -2.099228
3573 -813525.474571 0.000000 -5.550843 -2.517651
3541 -813524.535622 0.000000 -4.611894 -1.578703
3716 -813525.433784 0.000000 -5.510055 -2.476864
3235 -813525.481521 0.000000 -5.557793 -2.524601
3402 -813525.113280 0.000000 -5.189552 -2.156360
3369 -813525.513929 0.000000 -5.590200 -2.557009
3367 -813524.238224 0.000000 -4.314495 -1.281304
3368 -813524.600143 0.000000 -4.676414 -1.643223
3504 -813525.043283 0.000000 -5.119555 -2.086364
3505 -813525.480980 0.000000 -5.557252 -2.524061
3199 -813525.872273 0.000000 -5.948545 -2.915354
3200 -813524.677802 0.000000 -4.754073 -1.720882
3168 -813525.022196 0.000000 -5.098467 -2.065276
3334 -813525.045637 0.000000 -5.121909 -2.088717
3301 -813525.242455 0.000000 -5.318727 -2.285535
94784 -813526.039747 0.000000 -6.116019 -3.082828
3300 -813525.952792 0.000000 -6.029064 -2.995873
3022 -813525.473090 0.000000 -5.549362 -2.516170
3023 -813525.059236 0.000000 -5.135508 -2.102317
3132 -813525.056147 0.000000 -5.132419 -2.099228
3133 -813525.474571 0.000000 -5.550843 -2.517651
3106 -813524.535622 0.000000 -4.611894 -1.578703
3275 -813525.433784 0.000000 -5.510055 -2.476864
2918 -813525.481521 0.000000 -5.557792 -2.524601
2993 -813525.113280 0.000000 -5.189552 -2.156360
2971 -813525.513929 0.000000 -5.590200 -2.557009
2969 -813524.238224 0.000000 -4.314495 -1.281304
2970 -813524.600143 0.000000 -4.676414 -1.643223
3085 -813525.043284 0.000000 -5.119555 -2.086364
3086 -813525.480980 0.000000 -5.557252 -2.524061
2898 -813525.872273 0.000000 -5.948545 -2.915354
2899 -813524.677802 0.000000 -4.754073 -1.720882
2892 -813525.022196 0.000000 -5.098467 -2.065276
2956 -813525.045637 0.000000 -5.121909 -2.088718
2950 -813525.242455 0.000000 -5.318727 -2.285535
94605 -813526.039747 0.000000 -6.116019 -3.082828
2949 -813525.952792 0.000000 -6.029064 -2.995873
2874 -813525.473090 0.000000 -5.549362 -2.516170
2875 -813525.059236 0.000000 -5.135508 -2.102317
2887 -813525.056147 0.000000 -5.132419 -2.099228
2888 -813525.474571 0.000000 -5.550843 -2.517651
15566 -813524.535622 0.000000 -4.611894 -1.578703
15680 -813525.433784 0.000000 -5.510055 -2.476864
15272 -813525.481521 0.000000 -5.557792 -2.524601
15440 -813525.113280 0.000000 -5.189552 -2.156360
15407 -813525.513929 0.000000 -5.590200 -2.557009
15405 -813524.238223 0.000000 -4.314495 -1.281304
15406 -813524.600143 0.000000 -4.676415 -1.643223
15529 -813525.043283 0.000000 -5.119555 -2.086364
15530 -813525.480980 0.000000 -5.557252 -2.524061
15236 -813525.872273 0.000000 -5.948545 -2.915354
15237 -813524.677802 0.000000 -4.754073 -1.720882
15205 -813525.022196 0.000000 -5.098467 -2.065276
15372 -813525.045637 0.000000 -5.121909 -2.088717
15339 -813525.242455 0.000000 -5.318727 -2.285535
106794 -813526.039747 0.000000 -6.116019 -3.082828
15338 -813525.952792 0.000000 -6.029064 -2.995873
15032 -813525.473090 0.000000 -5.549362 -2.516170
15033 -813525.059236 0.000000 -5.135508 -2.102317
15168 -813525.056147 0.000000 -5.132419 -2.099228
15169 -813525.474571 0.000000 -5.550843 -2.517651
15137 -813524.535623 0.000000 -4.611894 -1.578703
15312 -813525.433784 0.000000 -5.510055 -2.476864
14830 -813525.481521 0.000000 -5.557792 -2.524601
14998 -813525.113280 0.000000 -5.189552 -2.156360
14965 -813525.513929 0.000000 -5.590200 -2.557009
14963 -813524.238223 0.000000 -4.314495 -1.281304
14964 -813524.600143 0.000000 -4.676414 -1.643223
15100 -813525.043283 0.000000 -5.119555 -2.086364
15101 -813525.480980 0.000000 -5.557252 -2.524061
14794 -813525.872273 0.000000 -5.948545 -2.915354
14795 -813524.677802 0.000000 -4.754073 -1.720882
14763 -813525.022196 0.000000 -5.098467 -2.065276
14930 -813525.045637 0.000000 -5.121909 -2.088717
14897 -813525.242455 0.000000 -5.318727 -2.285535
106363 -813526.039747 0.000000 -6.116019 -3.082828
14896 -813525.952792 0.000000 -6.029064 -2.995873
14601 -813525.473090 0.000000 -5.549362 -2.516170
14602 -813525.059236 0.000000 -5.135508 -2.102317
14726 -813525.056147 0.000000 -5.132419 -2.099228
14727 -813525.474571 0.000000 -5.550843 -2.517651
14695 -813524.535622 0.000000 -4.611894 -1.578703
14870 -813525.433784 0.000000 -5.510055 -2.476864
14456 -813525.481521 0.000000 -5.557792 -2.524601
14567 -813525.113280 0.000000 -5.189552 -2.156360
14537 -813525.513929 0.000000 -5.590200 -2.557009
14535 -813524.238223 0.000000 -4.314495 -1.281304
14536 -813524.600143 0.000000 -4.676415 -1.643223
14666 -813525.043283 0.000000 -5.119555 -2.086364
14667 -813525.480980 0.000000 -5.557252 -2.524061
14428 -813525.872273 0.000000 -5.948545 -2.915354
14429 -813524.677802 0.000000 -4.754073 -1.720882
14414 -813525.022196 0.000000 -5.098467 -2.065276
14514 -813525.045637 0.000000 -5.121909 -2.088717
14500 -813525.242455 0.000000 -5.318727 -2.285535
106112 -813526.039747 0.000000 -6.116019 -3.082828
14499 -813525.952792 0.000000 -6.029064 -2.995873
14373 -813525.473090 0.000000 -5.549362 -2.516170
14374 -813525.059236 0.000000 -5.135508 -2.102317
14401 -813525.056147 0.000000 -5.132419 -2.099228
14402 -813525.474571 0.000000 -5.550843 -2.517651
14400 -813524.535623 0.000000 -4.611894 -1.578703
14494 -813525.433784 0.000000 -5.510055 -2.476864
14366 -813525.481521 0.000000 -5.557792 -2.524601
14368 -813525.113280 0.000000 -5.189552 -2.156360
26962 -813525.513929 0.000000 -5.590200 -2.557009
26960 -813524.238223 0.000000 -4.314495 -1.281304
26961 -813524.600143 0.000000 -4.676415 -1.643223
27065 -813525.043283 0.000000 -5.119555 -2.086364
27066 -813525.480980 0.000000 -5.557252 -2.524061
26793 -813525.872273 0.000000 -5.948545 -2.915354
26794 -813524.677802 0.000000 -4.754073 -1.720882
26762 -813525.022196 0.000000 -5.098467 -2.065276
26927 -813525.045637 0.000000 -5.121909 -2.088718
26894 -813525.242455 0.000000 -5.318727 -2.285535
118351 -813526.039747 0.000000 -6.116019 -3.082828
26893 -813525.952792 0.000000 -6.029064 -2.995873
26589 -813525.473090 0.000000 -5.549362 -2.516170
26590 -813525.059236 0.000000 -5.135508 -2.102317
26725 -813525.056147 0.000000 -5.132419 -2.099228
26726 -813525.474571 0.000000 -5.550843 -2.517651
26694 -813524.535623 0.000000 -4.611894 -1.578703
26867 -813525.433784 0.000000 -5.510055 -2.476864
26387 -813525.481521 0.000000 -5.557792 -2.524601
26555 -813525.113280 0.000000 -5.189552 -2.156360
26522 -813525.513929 0.000000 -5.590200 -2.557009
26520 -813524.238224 0.000000 -4.314495 -1.281304
26521 -813524.600143 0.000000 -4.676415 -1.643223
26657 -813525.043283 0.000000 -5.119555 -2.086364
26658 -813525.480980 0.000000 -5.557252 -2.524061
26351 -813525.872273 0.000000 -5.948545 -2.915354
26352 -813524.677802 0.000000 -4.754073 -1.720882
26320 -813525.022196 0.000000 -5.098467 -2.065276
26487 -813525.045637 0.000000 -5.121909 -2.088717
26454 -813525.242455 0.000000 -5.318727 -2.285535
117911 -813526.039747 0.000000 -6.116019 -3.082828
26453 -813525.952792 0.000000 -6.029064 -2.995873
26149 -813525.473090 0.000000 -5.549362 -2.516170
26150 -813525.059236 0.000000 -5.135508 -2.102317
26283 -813525.056147 0.000000 -5.132419 -2.099228
26284 -813525.474571 0.000000 -5.550843 -2.517651
26252 -813524.535623 0.000000 -4.611894 -1.578703
26427 -813525.433784 0.000000 -5.510055 -2.476864
25974 -813525.481521 0.000000 -5.557793 -2.524601
26115 -813525.113280 0.000000 -5.189552 -2.156360
26082 -813525.513929 0.000000 -5.590200 -2.557009
26080 -813524.238224 0.000000 -4.314495 -1.281304
26081 -813524.600143 0.000000 -4.676415 -1.643223
26216 -813525.043283 0.000000 -5.119555 -2.086364
26217 -813525.480980 0.000000 -5.557252 -2.524061
25939 -813525.872273 0.000000 -5.948545 -2.915354
25940 -813524.677802 0.000000 -4.754073 -1.720882
25915 -813525.022196 0.000000 -5.098467 -2.065276
26050 -813525.045637 0.000000 -5.121909 -2.088717
26028 -813525.242455 0.000000 -5.318727 -2.285535
117587 -813526.039747 0.000000 -6.116019 -3.082828
26027 -813525.952792 0.000000 -6.029064 -2.995873
25838 -813525.473090 0.000000 -5.549362 -2.516170
25839 -813525.059236 0.000000 -5.135508 -2.102317
25894 -813525.056147 0.000000 -5.132419 -2.099228
25895 -813525.474571 0.000000 -5.550843 -2.517651
25886 -813524.535622 0.000000 -4.611894 -1.578703
26014 -813525.433784 0.000000 -5.510055 -2.476864
25810 -813525.481521 0.000000 -5.557792 -2.524601
25825 -813525.113280 0.000000 -5.189552 -2.156360
25821 -813525.513929 0.000000 -5.590200 -2.557009
25819 -813524.238223 0.000000 -4.314495 -1.281304
25820 -813524.600143 0.000000 -4.676414 -1.643223
25881 -813525.043283 0.000000 -5.119555 -2.086364
25882 -813525.480980 0.000000 -5.557252 -2.524061
25806 -813525.872273 0.000000 -5.948545 -2.915354
38389 -813524.677802 0.000000 -4.754073 -1.720882
38358 -813525.022196 0.000000 -5.098467 -2.065276
38512 -813525.045637 0.000000 -5.121909 -2.088717
38479 -813525.242455 0.000000 -5.318727 -2.285535
129947 -813526.039747 0.000000 -6.116019 -3.082828
38478 -813525.952792 0.000000 -6.029064 -2.995873
38185 -813525.473090 0.000000 -5.549362 -2.516170
38186 -813525.059236 0.000000 -5.135508 -2.102317
38321 -813525.056147 0.000000 -5.132419 -2.099228
38322 -813525.474571 0.000000 -5.550843 -2.517651
38290 -813524.535622 0.000000 -4.611894 -1.578703
38452 -813525.433784 0.000000 -5.510055 -2.476864
37983 -813525.481521 0.000000 -5.557792 -2.524601
38151 -813525.113280 0.000000 -5.189552 -2.156360
38118 -813525.513929 0.000000 -5.590200 -2.557009
38116 -813524.238223 0.000000 -4.314495 -1.281304
38117 -813524.600143 0.000000 -4.676415 -1.643223
38253 -813525.043283 0.000000 -5.119555 -2.086364
38254 -813525.480980 0.000000 -5.557252 -2.524061
37947 -813525.872273 0.000000 -5.948545 -2.915354
37948 -813524.677802 0.000000 -4.754073 -1.720882
37916 -813525.022196 0.000000 -5.098467 -2.065276
38083 -813525.045637 0.000000 -5.121909 -2.088717
38050 -813525.242455 0.000000 -5.318727 -2.285535
129505 -813526.039747 0.000000 -6.116019 -3.082828
38049 -813525.952792 0.000000 -6.029064 -2.995873
37743 -813525.473090 0.000000 -5.549362 -2.516170
37744 -813525.059236 0.000000 -5.135508 -2.102317
37879 -813525.056147 0.000000 -5.132419 -2.099228
37880 -813525.474571 0.000000 -5.550843 -2.517651
37848 -813524.535623 0.000000 -4.611894 -1.578703
38023 -813525.433784 0.000000 -5.510055 -2.476864
37551 -813525.481521 0.000000 -5.557792 -2.524601
37709 -813525.113280 0.000000 -5.189552 -2.156360
37676 -813525.513929 0.000000 -5.590200 -2.557009
37674 -813524.238224 0.000000 -4.314495 -1.281304
37675 -813524.600143 0.000000 -4.676415 -1.643223
37811 -813525.043283 0.000000 -5.119555 -2.086364
37812 -813525.480980 0.000000 -5.557252 -2.524061
37515 -813525.872273 0.000000 -5.948545 -2.915354
37516 -813524.677802 0.000000 -4.754073 -1.720882
37485 -813525.022196 0.000000 -5.098467 -2.065276
37641 -813525.045637 0.000000 -5.121909 -2.088717
37611 -813525.242455 0.000000 -5.318727 -2.285535
129128 -813526.039747 0.000000 -6.116019 -3.082828
37610 -813525.952792 0.000000 -6.029064 -2.995873
37371 -813525.473090 0.000000 -5.549362 -2.516170
37372 -813525.059236 0.000000 -5.135508 -2.102317
37456 -813525.056147 0.000000 -5.132419 -2.099228
37457 -813525.474571 0.000000 -5.550843 -2.517651
37440 -813524.535622 0.000000 -4.611894 -1.578703
37591 -813525.433784 0.000000 -5.510055 -2.476864
37311 -813525.481521 0.000000 -5.557792 -2.524601
37350 -813525.113280 0.000000 -5.189552 -2.156360
37338 -813525.513929 0.000000 -5.590200 -2.557009
37336 -813524.238223 0.000000 -4.314495 -1.281304
37337 -813524.600143 0.000000 -4.676414 -1.643223
37427 -813525.043283 0.000000 -5.119555 -2.086364
37428 -813525.480980 0.000000 -5.557252 -2.524061
37301 -813525.872273 0.000000 -5.948545 -2.915354
37302 -813524.677802 0.000000 -4.754073 -1.720882
37300 -813525.022196 0.000000 -5.098467 -2.065276
37331 -813525.045637 0.000000 -5.121909 -2.088717
37330 -813525.242455 0.000000 -5.318727 -2.285535
141504 -813526.039747 0.000000 -6.116019 -3.082828
4014 -813525.509308 0.000000 -5.585580 -2.552389
95200 -813524.666796 0.000000 -4.743068 -1.709877
3574 -813525.509308 0.000000 -5.585580 -2.552389
94786 -813524.666796 0.000000 -4.743068 -1.709877
3134 -813525.509308 0.000000 -5.585580 -2.552389
94607 -813524.666796 0.000000 -4.743068 -1.709877
15597 -813525.509308 0.000000 -5.585580 -2.552389
106796 -813524.666796 0.000000 -4.743068 -1.709877
15170 -813525.509308 0.000000 -5.585580 -2.552389
106365 -813524.666796 0.000000 -4.743068 -1.709877
14728 -813525.509308 0.000000 -5.585580 -2.552389
106114 -813524.666796 0.000000 -4.743068 -1.709877
14403 -813525.509308 0.000000 -5.585580 -2.552389
118353 -813524.666796 0.000000 -4.743068 -1.709877
26727 -813525.509308 0.000000 -5.585580 -2.552389
117913 -813524.666796 0.000000 -4.743068 -1.709877
26285 -813525.509308 0.000000 -5.585580 -2.552389
117589 -813524.666796 0.000000 -4.743068 -1.709877
25896 -813525.509308 0.000000 -5.585580 -2.552389
129949 -813524.666796 0.000000 -4.743068 -1.709877
38323 -813525.509308 0.000000 -5.585580 -2.552389
129507 -813524.666796 0.000000 -4.743068 -1.709877
37881 -813525.509308 0.000000 -5.585580 -2.552389
129130 -813524.666796 0.000000 -4.743068 -1.709877
37458 -813525.509308 0.000000 -5.585580 -2.552389
129026 -813524.666796 0.000000 -4.743068 -1.709877
4151 -813525.473786 0.000000 -5.550058 -2.516867
3675 -813525.315636 0.000000 -5.391908 -2.358717
3741 -813525.473786 0.000000 -5.550058 -2.516867
3234 -813525.315636 0.000000 -5.391908 -2.358717
3299 -813525.473786 0.000000 -5.550058 -2.516867
2917 -813525.315636 0.000000 -5.391908 -2.358717
2948 -813525.473786 0.000000 -5.550058 -2.516867
15271 -813525.315636 0.000000 -5.391908 -2.358717
15337 -813525.473786 0.000000 -5.550058 -2.516867
14829 -813525.315636 0.000000 -5.391908 -2.358717
14895 -813525.473786 0.000000 -5.550058 -2.516867
14455 -813525.315636 0.000000 -5.391908 -2.358717
14498 -813525.473786 0.000000 -5.550058 -2.516867
26828 -813525.315636 0.000000 -5.391908 -2.358717
26892 -813525.473786 0.000000 -5.550058 -2.516867
26386 -813525.315636 0.000000 -5.391908 -2.358717
26452 -813525.473786 0.000000 -5.550058 -2.516867
25973 -813525.315636 0.000000 -5.391908 -2.358717
26026 -813525.473786 0.000000 -5.550058 -2.516867
25809 -813525.315636 0.000000 -5.391908 -2.358717
38477 -813525.473786 0.000000 -5.550058 -2.516867
37982 -813525.315636 0.000000 -5.391908 -2.358717
38048 -813525.473786 0.000000 -5.550058 -2.516867
37550 -813525.315636 0.000000 -5.391908 -2.358717
37609 -813525.473786 0.000000 -5.550058 -2.516867
37310 -813525.315636 0.000000 -5.391908 -2.358717
3847 -813525.079952 0.000000 -5.156224 -2.123033
3946 -813525.035756 0.000000 -5.112028 -2.078837
3405 -813525.079952 0.000000 -5.156224 -2.123033
3506 -813525.035756 0.000000 -5.112028 -2.078837
2996 -813525.079952 0.000000 -5.156224 -2.123033
3087 -813525.035756 0.000000 -5.112028 -2.078837
15443 -813525.079952 0.000000 -5.156224 -2.123033
15531 -813525.035756 0.000000 -5.112028 -2.078837
15001 -813525.079952 0.000000 -5.156224 -2.123033
15102 -813525.035756 0.000000 -5.112028 -2.078836
14570 -813525.079952 0.000000 -5.156224 -2.123033
14668 -813525.035756 0.000000 -5.112028 -2.078837
14371 -813525.079952 0.000000 -5.156224 -2.123033
27067 -813525.035756 0.000000 -5.112028 -2.078837
26558 -813525.079952 0.000000 -5.156224 -2.123033
26659 -813525.035756 0.000000 -5.112028 -2.078837
26118 -813525.079952 0.000000 -5.156224 -2.123033
26218 -813525.035756 0.000000 -5.112028 -2.078837
25828 -813525.079952 0.000000 -5.156224 -2.123033
38620 -813525.035756 0.000000 -5.112028 -2.078837
38154 -813525.079952 0.000000 -5.156224 -2.123033
38255 -813525.035756 0.000000 -5.112028 -2.078837
37712 -813525.079952 0.000000 -5.156224 -2.123033
37813 -813525.035756 0.000000 -5.112028 -2.078836
37353 -813525.079952 0.000000 -5.156224 -2.123033
37429 -813525.035756 0.000000 -5.112028 -2.078837
95402 -813524.490146 0.000000 -4.566417 -1.533226
3608 -813525.059630 0.000000 -5.135902 -2.102710
94961 -813524.490146 0.000000 -4.566417 -1.533226
3167 -813525.059630 0.000000 -5.135902 -2.102710
94644 -813524.490146 0.000000 -4.566418 -1.533226
2891 -813525.059630 0.000000 -5.135902 -2.102710
106998 -813524.490146 0.000000 -4.566418 -1.533226
15204 -813525.059630 0.000000 -5.135902 -2.102710
106556 -813524.490146 0.000000 -4.566418 -1.533226
14762 -813525.059630 0.000000 -5.135902 -2.102710
106182 -813524.490146 0.000000 -4.566418 -1.533226
14413 -813525.059630 0.000000 -5.135902 -2.102710
118555 -813524.490146 0.000000 -4.566418 -1.533226
26761 -813525.059630 0.000000 -5.135902 -2.102710
118113 -813524.490146 0.000000 -4.566418 -1.533226
26319 -813525.059630 0.000000 -5.135902 -2.102710
117700 -813524.490146 0.000000 -4.566418 -1.533226
25914 -813525.059630 0.000000 -5.135902 -2.102710
117536 -813524.490146 0.000000 -4.566418 -1.533226
38357 -813525.059630 0.000000 -5.135902 -2.102710
129709 -813524.490146 0.000000 -4.566418 -1.533226
37915 -813525.059630 0.000000 -5.135902 -2.102710
129277 -813524.490146 0.000000 -4.566418 -1.533226
37484 -813525.059630 0.000000 -5.135902 -2.102710
129037 -813524.490146 0.000000 -4.566417 -1.533226
49912 -813525.059630 0.000000 -5.135902 -2.102710
3880 -813524.910623 0.000000 -4.986895 -1.953704
3779 -813525.023453 0.000000 -5.099724 -2.066533
3438 -813524.910623 0.000000 -4.986895 -1.953704
3337 -813525.023453 0.000000 -5.099724 -2.066533
3024 -813524.910623 0.000000 -4.986895 -1.953704
2959 -813525.023453 0.000000 -5.099724 -2.066533
15474 -813524.910623 0.000000 -4.986895 -1.953704
15375 -813525.023453 0.000000 -5.099724 -2.066533
15034 -813524.910623 0.000000 -4.986895 -1.953704
14933 -813525.023453 0.000000 -5.099724 -2.066533
14603 -813524.910623 0.000000 -4.986895 -1.953704
14517 -813525.023452 0.000000 -5.099724 -2.066533
14375 -813524.910623 0.000000 -4.986895 -1.953704
26930 -813525.023452 0.000000 -5.099724 -2.066533
26591 -813524.910623 0.000000 -4.986895 -1.953704
26490 -813525.023453 0.000000 -5.099724 -2.066533
26151 -813524.910623 0.000000 -4.986895 -1.953704
26053 -813525.023453 0.000000 -5.099724 -2.066533
25840 -813524.910623 0.000000 -4.986895 -1.953704
38515 -813525.023453 0.000000 -5.099724 -2.066533
38187 -813524.910623 0.000000 -4.986895 -1.953704
38086 -813525.023453 0.000000 -5.099724 -2.066533
37745 -813524.910623 0.000000 -4.986895 -1.953704
37644 -813525.023453 0.000000 -5.099724 -2.066533
37373 -813524.910623 0.000000 -4.986895 -1.953704
37334 -813525.023453 0.000000 -5.099724 -2.066533
3980 -813524.993331 0.000000 -5.069603 -2.036411
3607 -813525.006989 0.000000 -5.083261 -2.050070
3540 -813524.993331 0.000000 -5.069603 -2.036411
3166 -813525.006989 0.000000 -5.083261 -2.050070
3105 -813524.993331 0.000000 -5.069603 -2.036411
2890 -813525.006989 0.000000 -5.083261 -2.050070
15565 -813524.993331 0.000000 -5.069603 -2.036411
15203 -813525.006989 0.000000 -5.083261 -2.050070
15136 -813524.993331 0.000000 -5.069602 -2.036411
14761 -813525.006989 0.000000 -5.083261 -2.050070
14694 -813524.993331 0.000000 -5.069603 -2.036411
14412 -813525.006989 0.000000 -5.083261 -2.050070
27101 -813524.993331 0.000000 -5.069603 -2.036411
26760 -813525.006989 0.000000 -5.083261 -2.050070
26693 -813524.993331 0.000000 -5.069603 -2.036411
26318 -813525.006989 0.000000 -5.083261 -2.050070
26251 -813524.993331 0.000000 -5.069603 -2.036411
25913 -813525.006989 0.000000 -5.083261 -2.050070
25885 -813524.993331 0.000000 -5.069603 -2.036411
38356 -813525.006989 0.000000 -5.083261 -2.050070
38289 -813524.993331 0.000000 -5.069603 -2.036411
37914 -813525.006989 0.000000 -5.083261 -2.050070
37847 -813524.993331 0.000000 -5.069603 -2.036411
37483 -813525.006989 0.000000 -5.083261 -2.050070
37439 -813524.993331 0.000000 -5.069603 -2.036411
49911 -813525.006989 0.000000 -5.083261 -2.050070
4128 -813524.474589 0.000000 -4.550861 -1.517670
3812 -813525.012483 0.000000 -5.088754 -2.055563
3718 -813524.474590 0.000000 -4.550861 -1.517670
3370 -813525.012483 0.000000 -5.088754 -2.055563
3277 -813524.474590 0.000000 -4.550861 -1.517670
2972 -813525.012483 0.000000 -5.088754 -2.055563
15682 -813524.474590 0.000000 -4.550861 -1.517670
15408 -813525.012483 0.000000 -5.088754 -2.055563
15314 -813524.474589 0.000000 -4.550861 -1.517670
14966 -813525.012483 0.000000 -5.088754 -2.055563
14872 -813524.474589 0.000000 -4.550861 -1.517670
14538 -813525.012483 0.000000 -5.088754 -2.055563
14496 -813524.474589 0.000000 -4.550861 -1.517670
26963 -813525.012483 0.000000 -5.088754 -2.055563
26869 -813524.474590 0.000000 -4.550861 -1.517670
26523 -813525.012483 0.000000 -5.088754 -2.055563
26429 -813524.474589 0.000000 -4.550861 -1.517670
26083 -813525.012483 0.000000 -5.088754 -2.055563
26016 -813524.474589 0.000000 -4.550861 -1.517670
38545 -813525.012483 0.000000 -5.088754 -2.055563
38454 -813524.474589 0.000000 -4.550861 -1.517670
38119 -813525.012483 0.000000 -5.088754 -2.055563
38025 -813524.474590 0.000000 -4.550861 -1.517670
37677 -813525.012483 0.000000 -5.088754 -2.055563
37593 -813524.474589 0.000000 -4.550861 -1.517670
37339 -813525.012483 0.000000 -5.088754 -2.055563
3979 -813524.594403 0.000000 -4.670674 -1.637483
3471 -813525.870737 0.000000 -5.947008 -2.913817
3539 -813524.594403 0.000000 -4.670674 -1.637483
3057 -813525.870737 0.000000 -5.947009 -2.913817
3104 -813524.594403 0.000000 -4.670675 -1.637483
2878 -813525.870737 0.000000 -5.947009 -2.913817
15564 -813524.594403 0.000000 -4.670675 -1.637483
15067 -813525.870737 0.000000 -5.947009 -2.913817
15135 -813524.594402 0.000000 -4.670674 -1.637483
14636 -813525.870737 0.000000 -5.947008 -2.913817
14693 -813524.594403 0.000000 -4.670674 -1.637483
14385 -813525.870737 0.000000 -5.947009 -2.913817
27100 -813524.594403 0.000000 -4.670674 -1.637483
26624 -813525.870737 0.000000 -5.947009 -2.913817
26692 -813524.594403 0.000000 -4.670674 -1.637483
26184 -813525.870737 0.000000 -5.947009 -2.913817
26250 -813524.594402 0.000000 -4.670674 -1.637483
25860 -813525.870737 0.000000 -5.947009 -2.913817
25884 -813524.594403 0.000000 -4.670675 -1.637483
38220 -813525.870737 0.000000 -5.947008 -2.913817
38288 -813524.594403 0.000000 -4.670675 -1.637483
37778 -813525.870737 0.000000 -5.947008 -2.913817
37846 -813524.594403 0.000000 -4.670674 -1.637483
37401 -813525.870737 0.000000 -5.947009 -2.913817
37438 -813524.594402 0.000000 -4.670674 -1.637483
49777 -813525.870737 0.000000 -5.947009 -2.913817
4153 -813524.477907 0.000000 -4.554178 -1.520987
3644 -813524.493849 0.000000 -4.570121 -1.536930
3744 -813524.477907 0.000000 -4.554179 -1.520987
3203 -813524.493850 0.000000 -4.570121 -1.536930
3302 -813524.477907 0.000000 -4.554179 -1.520987
2902 -813524.493849 0.000000 -4.570121 -1.536930
2951 -813524.477907 0.000000 -4.554179 -1.520987
15240 -813524.493850 0.000000 -4.570121 -1.536930
15340 -813524.477907 0.000000 -4.554178 -1.520987
14798 -813524.493849 0.000000 -4.570121 -1.536930
14898 -813524.477907 0.000000 -4.554179 -1.520987
14432 -813524.493849 0.000000 -4.570121 -1.536930
14501 -813524.477907 0.000000 -4.554179 -1.520987
26797 -813524.493849 0.000000 -4.570121 -1.536930
26895 -813524.477907 0.000000 -4.554179 -1.520987
26355 -813524.493849 0.000000 -4.570121 -1.536930
26455 -813524.477907 0.000000 -4.554179 -1.520987
25943 -813524.493850 0.000000 -4.570121 -1.536930
26029 -813524.477907 0.000000 -4.554179 -1.520987
25807 -813524.493850 0.000000 -4.570121 -1.536930
38480 -813524.477907 0.000000 -4.554179 -1.520987
37951 -813524.493850 0.000000 -4.570121 -1.536930
38051 -813524.477907 0.000000 -4.554179 -1.520987
37519 -813524.493850 0.000000 -4.570121 -1.536930
37612 -813524.477907 0.000000 -4.554179 -1.520987
37305 -813524.493849 0.000000 -4.570121 -1.536930
3846 -813524.256377 0.000000 -4.332649 -1.299457
3936 -813524.048132 0.000000 -4.124404 -1.091213
3404 -813524.256377 0.000000 -4.332649 -1.299457
3496 -813524.048132 0.000000 -4.124404 -1.091213
2995 -813524.256377 0.000000 -4.332649 -1.299457
3082 -813524.048132 0.000000 -4.124404 -1.091213
15442 -813524.256377 0.000000 -4.332649 -1.299457
15521 -813524.048132 0.000000 -4.124404 -1.091213
15000 -813524.256377 0.000000 -4.332649 -1.299458
15092 -813524.048132 0.000000 -4.124404 -1.091212
14569 -813524.256377 0.000000 -4.332649 -1.299458
14661 -813524.048132 0.000000 -4.124403 -1.091212
14370 -813524.256377 0.000000 -4.332649 -1.299458
27057 -813524.048132 0.000000 -4.124404 -1.091212
26557 -813524.256377 0.000000 -4.332649 -1.299457
26649 -813524.048132 0.000000 -4.124404 -1.091213
26117 -813524.256377 0.000000 -4.332649 -1.299457
26209 -813524.048132 0.000000 -4.124404 -1.091212
25827 -813524.256377 0.000000 -4.332649 -1.299458
38612 -813524.048132 0.000000 -4.124404 -1.091213
38153 -813524.256377 0.000000 -4.332649 -1.299457
38245 -813524.048132 0.000000 -4.124404 -1.091212
37711 -813524.256377 0.000000 -4.332649 -1.299457
37803 -813524.048132 0.000000 -4.124404 -1.091213
37352 -813524.256377 0.000000 -4.332649 -1.299458
37426 -813524.048132 0.000000 -4.124404 -1.091212
95642 -813525.515308 0.000000 -5.591580 -2.558389
3815 -813523.820219 0.000000 -3.896491 -0.863299
95201 -813525.515308 0.000000 -5.591580 -2.558389
3373 -813523.820218 0.000000 -3.896490 -0.863299
94787 -813525.515308 0.000000 -5.591580 -2.558389
2975 -813523.820219 0.000000 -3.896491 -0.863299
94608 -813525.515308 0.000000 -5.591580 -2.558389
15411 -813523.820219 0.000000 -3.896491 -0.863299
106797 -813525.515308 0.000000 -5.591580 -2.558389
14969 -813523.820219 0.000000 -3.896491 -0.863299
106366 -813525.515308 0.000000 -5.591580 -2.558389
14541 -813523.820219 0.000000 -3.896491 -0.863299
106115 -813525.515308 0.000000 -5.591580 -2.558389
26966 -813523.820219 0.000000 -3.896491 -0.863299
118354 -813525.515308 0.000000 -5.591580 -2.558389
26526 -813523.820218 0.000000 -3.896490 -0.863299
117914 -813525.515308 0.000000 -5.591580 -2.558389
26086 -813523.820218 0.000000 -3.896490 -0.863299
117590 -813525.515308 0.000000 -5.591580 -2.558389
25823 -813523.820218 0.000000 -3.896490 -0.863299
129950 -813525.515308 0.000000 -5.591580 -2.558389
38122 -813523.820219 0.000000 -3.896491 -0.863299
129508 -813525.515308 0.000000 -5.591580 -2.558389
37680 -813523.820219 0.000000 -3.896491 -0.863299
129131 -813525.515308 0.000000 -5.591580 -2.558389
37342 -813523.820219 0.000000 -3.896491 -0.863299
4156 -813525.513583 0.000000 -5.589855 -2.556664
3848 -813525.460472 0.000000 -5.536743 -2.503552
3747 -813525.513584 0.000000 -5.589855 -2.556664
3406 -813525.460472 0.000000 -5.536743 -2.503552
3305 -813525.513584 0.000000 -5.589855 -2.556664
2997 -813525.460472 0.000000 -5.536743 -2.503552
2954 -813525.513584 0.000000 -5.589855 -2.556664
15444 -813525.460472 0.000000 -5.536743 -2.503552
15343 -813525.513584 0.000000 -5.589855 -2.556664
15002 -813525.460472 0.000000 -5.536743 -2.503552
14901 -813525.513584 0.000000 -5.589855 -2.556664
14571 -813525.460472 0.000000 -5.536743 -2.503552
14504 -813525.513584 0.000000 -5.589855 -2.556664
26995 -813525.460472 0.000000 -5.536743 -2.503552
26898 -813525.513584 0.000000 -5.589855 -2.556664
26559 -813525.460472 0.000000 -5.536743 -2.503552
26458 -813525.513584 0.000000 -5.589855 -2.556664
26119 -813525.460472 0.000000 -5.536743 -2.503552
26032 -813525.513584 0.000000 -5.589855 -2.556664
25829 -813525.460472 0.000000 -5.536743 -2.503552
38483 -813525.513583 0.000000 -5.589855 -2.556664
38155 -813525.460472 0.000000 -5.536743 -2.503552
38054 -813525.513584 0.000000 -5.589855 -2.556664
37713 -813525.460472 0.000000 -5.536743 -2.503552
37615 -813525.513584 0.000000 -5.589855 -2.556664
37354 -813525.460472 0.000000 -5.536743 -2.503552
