#ID      EIGB 	      EIPGB 	   GBbin        GBseg
1213 -909949.294594 0.000000 -3.243870 -0.210444
1429 -909949.294594 0.000000 -3.243870 -0.210444
1595 -909949.294594 0.000000 -3.243870 -0.210444
1246 -909949.294594 0.000000 -3.243870 -0.210444
7405 -909949.294594 0.000000 -3.243870 -0.210444
7669 -909949.294594 0.000000 -3.243870 -0.210444
7968 -909949.294594 0.000000 -3.243870 -0.210444
13985 -909949.294594 0.000000 -3.243870 -0.210444
14346 -909949.294594 0.000000 -3.243870 -0.210444
14406 -909949.294594 0.000000 -3.243870 -0.210444
20682 -909949.294594 0.000000 -3.243870 -0.210444
20780 -909949.294594 0.000000 -3.243870 -0.210444
20620 -909949.294594 0.000000 -3.243870 -0.210444
26451 -909949.294594 0.000000 -3.243870 -0.210444
26972 -909949.294594 0.000000 -3.243870 -0.210444
27134 -909949.294594 0.000000 -3.243870 -0.210444
33284 -909949.294594 0.000000 -3.243870 -0.210444
33488 -909949.294594 0.000000 -3.243870 -0.210444
33466 -909949.294594 0.000000 -3.243870 -0.210444
39801 -909949.294594 0.000000 -3.243870 -0.210444
39465 -909949.294594 0.000000 -3.243870 -0.210444
39727 -909949.294594 0.000000 -3.243870 -0.210444
45758 -909949.294594 0.000000 -3.243870 -0.210444
46052 -909949.294594 0.000000 -3.243870 -0.210444
46385 -909949.294594 0.000000 -3.243870 -0.210444
955 -909949.227385 0.000000 -3.176661 -0.143235
1428 -909949.227385 0.000000 -3.176661 -0.143235
1554 -909949.227385 0.000000 -3.176661 -0.143235
7731 -909949.227385 0.000000 -3.176661 -0.143235
7894 -909949.227385 0.000000 -3.176661 -0.143235
7668 -909949.227385 0.000000 -3.176661 -0.143235
7866 -909949.227385 0.000000 -3.176661 -0.143235
13984 -909949.227385 0.000000 -3.176661 -0.143235
14218 -909949.227385 0.000000 -3.176661 -0.143235
14405 -909949.227385 0.000000 -3.176661 -0.143235
20529 -909949.227384 0.000000 -3.176661 -0.143235
20779 -909949.227385 0.000000 -3.176661 -0.143235
20747 -909949.227385 0.000000 -3.176661 -0.143235
26450 -909949.227385 0.000000 -3.176661 -0.143235
26744 -909949.227385 0.000000 -3.176661 -0.143235
27133 -909949.227385 0.000000 -3.176661 -0.143235
33039 -909949.227385 0.000000 -3.176661 -0.143235
33487 -909949.227385 0.000000 -3.176661 -0.143235
33594 -909949.227384 0.000000 -3.176661 -0.143235
39800 -909949.227385 0.000000 -3.176661 -0.143235
39947 -909949.227384 0.000000 -3.176661 -0.143235
39726 -909949.227385 0.000000 -3.176661 -0.143235
45494 -909949.227385 0.000000 -3.176661 -0.143235
46051 -909949.227385 0.000000 -3.176661 -0.143235
46269 -909949.227385 0.000000 -3.176661 -0.143235
1431 -909949.851697 0.000000 -3.800974 -0.767547
1553 -909949.851697 0.000000 -3.800974 -0.767547
1028 -909949.851697 0.000000 -3.800974 -0.767547
7114 -909949.851697 0.000000 -3.800974 -0.767547
7671 -909949.851697 0.000000 -3.800974 -0.767547
7865 -909949.851697 0.000000 -3.800973 -0.767547
13987 -909949.851697 0.000000 -3.800974 -0.767547
14217 -909949.851697 0.000000 -3.800973 -0.767547
14407 -909949.851697 0.000000 -3.800974 -0.767547
20528 -909949.851697 0.000000 -3.800974 -0.767547
20782 -909949.851697 0.000000 -3.800974 -0.767547
20762 -909949.851697 0.000000 -3.800974 -0.767547
26453 -909949.851697 0.000000 -3.800973 -0.767547
26743 -909949.851697 0.000000 -3.800974 -0.767547
27136 -909949.851697 0.000000 -3.800974 -0.767547
33038 -909949.851697 0.000000 -3.800973 -0.767547
33490 -909949.851697 0.000000 -3.800974 -0.767547
33593 -909949.851697 0.000000 -3.800974 -0.767547
39803 -909949.851697 0.000000 -3.800974 -0.767547
39946 -909949.851697 0.000000 -3.800974 -0.767547
39729 -909949.851697 0.000000 -3.800974 -0.767547
39902 -909949.851697 0.000000 -3.800974 -0.767547
46054 -909949.851697 0.000000 -3.800973 -0.767547
46268 -909949.851697 0.000000 -3.800974 -0.767547
46330 -909949.851697 0.000000 -3.800974 -0.767547
721 -909949.651133 0.000000 -3.600410 -0.566983
1273 -909949.651133 0.000000 -3.600410 -0.566983
1470 -909949.651133 0.000000 -3.600410 -0.566983
7564 -909949.651133 0.000000 -3.600410 -0.566983
7800 -909949.651133 0.000000 -3.600410 -0.566983
7993 -909949.651133 0.000000 -3.600410 -0.566983
7655 -909949.651133 0.000000 -3.600410 -0.566983
13751 -909949.651133 0.000000 -3.600410 -0.566983
14031 -909949.651133 0.000000 -3.600410 -0.566983
14359 -909949.651133 0.000000 -3.600410 -0.566983
20338 -909949.651133 0.000000 -3.600410 -0.566983
20726 -909949.651133 0.000000 -3.600410 -0.566983
20802 -909949.651133 0.000000 -3.600410 -0.566983
27060 -909949.651133 0.000000 -3.600410 -0.566983
27175 -909949.651133 0.000000 -3.600410 -0.566983
26992 -909949.651133 0.000000 -3.600410 -0.566983
32804 -909949.651133 0.000000 -3.600410 -0.566983
33336 -909949.651133 0.000000 -3.600410 -0.566983
33518 -909949.651133 0.000000 -3.600409 -0.566983
39637 -909949.651133 0.000000 -3.600410 -0.566983
39863 -909949.651133 0.000000 -3.600410 -0.566983
40032 -909949.651133 0.000000 -3.600409 -0.566983
46168 -909949.651133 0.000000 -3.600410 -0.566983
46400 -909949.651133 0.000000 -3.600410 -0.566983
46090 -909949.651133 0.000000 -3.600410 -0.566983
1401 -909949.729902 0.000000 -3.679179 -0.645752
1583 -909949.729902 0.000000 -3.679179 -0.645752
1313 -909949.729902 0.000000 -3.679179 -0.645752
7377 -909949.729902 0.000000 -3.679179 -0.645752
7653 -909949.729902 0.000000 -3.679179 -0.645752
7967 -909949.729902 0.000000 -3.679178 -0.645752
13953 -909949.729902 0.000000 -3.679179 -0.645752
14330 -909949.729902 0.000000 -3.679179 -0.645752
14401 -909949.729902 0.000000 -3.679179 -0.645752
20650 -909949.729902 0.000000 -3.679179 -0.645752
20113 -909949.729902 0.000000 -3.679179 -0.645752
20616 -909949.729902 0.000000 -3.679179 -0.645752
26416 -909949.729902 0.000000 -3.679179 -0.645752
26952 -909949.729902 0.000000 -3.679179 -0.645752
27126 -909949.729902 0.000000 -3.679179 -0.645752
26718 -909949.729902 0.000000 -3.679179 -0.645752
33464 -909949.729902 0.000000 -3.679179 -0.645752
33625 -909949.729902 0.000000 -3.679179 -0.645752
33365 -909949.729902 0.000000 -3.679179 -0.645752
39447 -909949.729902 0.000000 -3.679179 -0.645752
39715 -909949.729902 0.000000 -3.679179 -0.645752
39998 -909949.729902 0.000000 -3.679179 -0.645752
46024 -909949.729902 0.000000 -3.679179 -0.645752
46373 -909949.729902 0.000000 -3.679179 -0.645752
46439 -909949.729902 0.000000 -3.679179 -0.645752
1248 -909949.774532 0.000000 -3.723808 -0.690382
1552 -909949.774531 0.000000 -3.723808 -0.690382
1468 -909949.774532 0.000000 -3.723808 -0.690382
7893 -909949.774532 0.000000 -3.723808 -0.690382
7416 -909949.774532 0.000000 -3.723808 -0.690382
7864 -909949.774531 0.000000 -3.723807 -0.690381
13722 -909949.774532 0.000000 -3.723808 -0.690382
14216 -909949.774532 0.000000 -3.723808 -0.690382
14357 -909949.774532 0.000000 -3.723808 -0.690382
20527 -909949.774532 0.000000 -3.723808 -0.690382
20709 -909949.774532 0.000000 -3.723808 -0.690382
20795 -909949.774532 0.000000 -3.723808 -0.690382
27027 -909949.774532 0.000000 -3.723808 -0.690382
26742 -909949.774531 0.000000 -3.723808 -0.690382
26987 -909949.774532 0.000000 -3.723808 -0.690382
33037 -909949.774532 0.000000 -3.723808 -0.690382
33315 -909949.774532 0.000000 -3.723808 -0.690382
33592 -909949.774532 0.000000 -3.723808 -0.690382
39600 -909949.774532 0.000000 -3.723808 -0.690382
39945 -909949.774532 0.000000 -3.723808 -0.690382
40023 -909949.774532 0.000000 -3.723808 -0.690382
45493 -909949.774532 0.000000 -3.723808 -0.690382
45792 -909949.774532 0.000000 -3.723808 -0.690382
46267 -909949.774531 0.000000 -3.723807 -0.690381
46392 -909949.774532 0.000000 -3.723808 -0.690382
759 -909949.542813 0.000000 -3.492089 -0.458663
1054 -909949.542813 0.000000 -3.492089 -0.458663
1482 -909949.542813 0.000000 -3.492089 -0.458663
7340 -909949.542813 0.000000 -3.492089 -0.458663
7826 -909949.542813 0.000000 -3.492089 -0.458663
7958 -909949.542813 0.000000 -3.492089 -0.458663
7104 -909949.542813 0.000000 -3.492089 -0.458663
14305 -909949.542813 0.000000 -3.492089 -0.458663
14042 -909949.542813 0.000000 -3.492089 -0.458663
14247 -909949.542813 0.000000 -3.492089 -0.458663
20366 -909949.542813 0.000000 -3.492089 -0.458663
20603 -909949.542813 0.000000 -3.492089 -0.458663
20804 -909949.542813 0.000000 -3.492089 -0.458663
26923 -909949.542813 0.000000 -3.492089 -0.458663
27191 -909949.542813 0.000000 -3.492089 -0.458663
26985 -909949.542813 0.000000 -3.492089 -0.458663
33539 -909949.542813 0.000000 -3.492089 -0.458663
33114 -909949.542813 0.000000 -3.492089 -0.458663
33522 -909949.542813 0.000000 -3.492089 -0.458663
39416 -909949.542813 0.000000 -3.492089 -0.458663
39883 -909949.542813 0.000000 -3.492089 -0.458663
39993 -909949.542813 0.000000 -3.492089 -0.458663
46204 -909949.542813 0.000000 -3.492089 -0.458663
46354 -909949.542813 0.000000 -3.492089 -0.458663
46026 -909949.542813 0.000000 -3.492089 -0.458663
1400 -909949.669258 0.000000 -3.618534 -0.585108
1535 -909949.669258 0.000000 -3.618534 -0.585108
1315 -909949.669258 0.000000 -3.618534 -0.585108
7105 -909949.669258 0.000000 -3.618534 -0.585108
7652 -909949.669258 0.000000 -3.618534 -0.585108
7859 -909949.669258 0.000000 -3.618534 -0.585108
13952 -909949.669258 0.000000 -3.618534 -0.585108
14195 -909949.669258 0.000000 -3.618534 -0.585108
14400 -909949.669258 0.000000 -3.618534 -0.585108
20492 -909949.669258 0.000000 -3.618534 -0.585108
20761 -909949.669258 0.000000 -3.618534 -0.585108
20400 -909949.669258 0.000000 -3.618534 -0.585108
26415 -909949.669258 0.000000 -3.618534 -0.585108
26719 -909949.669258 0.000000 -3.618534 -0.585108
27125 -909949.669258 0.000000 -3.618534 -0.585108
27204 -909949.669258 0.000000 -3.618534 -0.585108
33463 -909949.669258 0.000000 -3.618534 -0.585108
33581 -909949.669258 0.000000 -3.618534 -0.585108
32765 -909949.669258 0.000000 -3.618534 -0.585108
39165 -909949.669258 0.000000 -3.618534 -0.585108
39714 -909949.669258 0.000000 -3.618534 -0.585108
39901 -909949.669258 0.000000 -3.618534 -0.585108
46023 -909949.669258 0.000000 -3.618534 -0.585108
46254 -909949.669258 0.000000 -3.618534 -0.585108
46438 -909949.669258 0.000000 -3.618534 -0.585108
1276 -909949.691882 0.000000 -3.641158 -0.607732
1469 -909949.691882 0.000000 -3.641158 -0.607732
1453 -909949.691882 0.000000 -3.641158 -0.607732
7799 -909949.691882 0.000000 -3.641158 -0.607732
7996 -909949.691882 0.000000 -3.641158 -0.607732
7679 -909949.691881 0.000000 -3.641157 -0.607731
13754 -909949.691882 0.000000 -3.641158 -0.607732
14030 -909949.691882 0.000000 -3.641158 -0.607732
14361 -909949.691882 0.000000 -3.641158 -0.607732
20337 -909949.691881 0.000000 -3.641158 -0.607732
20729 -909949.691882 0.000000 -3.641158 -0.607732
20801 -909949.691882 0.000000 -3.641158 -0.607732
27063 -909949.691881 0.000000 -3.641157 -0.607731
27174 -909949.691882 0.000000 -3.641158 -0.607732
26995 -909949.691881 0.000000 -3.641158 -0.607731
32803 -909949.691882 0.000000 -3.641158 -0.607732
33339 -909949.691882 0.000000 -3.641158 -0.607732
33517 -909949.691882 0.000000 -3.641158 -0.607732
39640 -909949.691882 0.000000 -3.641158 -0.607732
39862 -909949.691881 0.000000 -3.641157 -0.607731
40021 -909949.691882 0.000000 -3.641158 -0.607732
46167 -909949.691882 0.000000 -3.641158 -0.607732
45813 -909949.691882 0.000000 -3.641158 -0.607732
46089 -909949.691882 0.000000 -3.641158 -0.607732
46393 -909949.691881 0.000000 -3.641158 -0.607731
1367 -909949.580280 0.000000 -3.529557 -0.496130
1053 -909949.580280 0.000000 -3.529557 -0.496130
1309 -909949.580280 0.000000 -3.529556 -0.496130
7339 -909949.580280 0.000000 -3.529557 -0.496130
7631 -909949.580280 0.000000 -3.529556 -0.496130
7957 -909949.580280 0.000000 -3.529557 -0.496130
13915 -909949.580280 0.000000 -3.529556 -0.496130
14304 -909949.580280 0.000000 -3.529557 -0.496130
14391 -909949.580280 0.000000 -3.529557 -0.496130
14246 -909949.580280 0.000000 -3.529557 -0.496130
20101 -909949.580280 0.000000 -3.529556 -0.496130
20602 -909949.580280 0.000000 -3.529556 -0.496130
20746 -909949.580280 0.000000 -3.529557 -0.496130
26922 -909949.580280 0.000000 -3.529557 -0.496130
27112 -909949.580280 0.000000 -3.529556 -0.496130
27026 -909949.580280 0.000000 -3.529557 -0.496130
33434 -909949.580280 0.000000 -3.529557 -0.496130
33609 -909949.580280 0.000000 -3.529557 -0.496130
33364 -909949.580280 0.000000 -3.529556 -0.496130
39415 -909949.580280 0.000000 -3.529557 -0.496130
39697 -909949.580280 0.000000 -3.529557 -0.496130
39992 -909949.580280 0.000000 -3.529557 -0.496130
45990 -909949.580280 0.000000 -3.529556 -0.496130
46353 -909949.580280 0.000000 -3.529557 -0.496130
46433 -909949.580280 0.000000 -3.529557 -0.496130
1247 -909949.404386 0.000000 -3.353662 -0.320236
1555 -909949.404386 0.000000 -3.353662 -0.320236
1534 -909949.404386 0.000000 -3.353662 -0.320236
7895 -909949.404386 0.000000 -3.353662 -0.320236
7415 -909949.404386 0.000000 -3.353662 -0.320236
7867 -909949.404386 0.000000 -3.353662 -0.320236
13721 -909949.404386 0.000000 -3.353662 -0.320236
14219 -909949.404386 0.000000 -3.353662 -0.320236
14356 -909949.404386 0.000000 -3.353662 -0.320236
20530 -909949.404386 0.000000 -3.353662 -0.320236
20708 -909949.404386 0.000000 -3.353662 -0.320236
20707 -909949.404386 0.000000 -3.353662 -0.320236
26168 -909949.404386 0.000000 -3.353662 -0.320236
26745 -909949.404386 0.000000 -3.353662 -0.320236
26986 -909949.404386 0.000000 -3.353662 -0.320236
27205 -909949.404386 0.000000 -3.353662 -0.320236
33314 -909949.404386 0.000000 -3.353662 -0.320236
33595 -909949.404386 0.000000 -3.353662 -0.320236
33099 -909949.404386 0.000000 -3.353662 -0.320236
39948 -909949.404386 0.000000 -3.353662 -0.320236
40022 -909949.404386 0.000000 -3.353662 -0.320236
39903 -909949.404386 0.000000 -3.353662 -0.320236
45791 -909949.404386 0.000000 -3.353662 -0.320236
46270 -909949.404386 0.000000 -3.353662 -0.320236
46391 -909949.404386 0.000000 -3.353662 -0.320236
2037 -909949.376437 0.000000 -3.325714 -0.292288
1810 -909949.376437 0.000000 -3.325714 -0.292288
1611 -909949.376437 0.000000 -3.325714 -0.292288
8296 -909949.376437 0.000000 -3.325714 -0.292288
8035 -909949.376437 0.000000 -3.325714 -0.292288
8008 -909949.376437 0.000000 -3.325714 -0.292288
14494 -909949.376437 0.000000 -3.325714 -0.292288
14918 -909949.376437 0.000000 -3.325714 -0.292288
14519 -909949.376437 0.000000 -3.325714 -0.292288
21418 -909949.376437 0.000000 -3.325714 -0.292287
20964 -909949.376437 0.000000 -3.325714 -0.292288
20854 -909949.376437 0.000000 -3.325714 -0.292287
27456 -909949.376437 0.000000 -3.325714 -0.292288
27303 -909949.376437 0.000000 -3.325714 -0.292288
27226 -909949.376437 0.000000 -3.325714 -0.292288
34608 -909949.376437 0.000000 -3.325714 -0.292288
34040 -909949.376437 0.000000 -3.325714 -0.292288
33820 -909949.376437 0.000000 -3.325714 -0.292288
40552 -909949.376437 0.000000 -3.325714 -0.292288
40290 -909949.376437 0.000000 -3.325714 -0.292288
40060 -909949.376437 0.000000 -3.325714 -0.292288
46804 -909949.376437 0.000000 -3.325714 -0.292288
46509 -909949.376437 0.000000 -3.325714 -0.292288
46934 -909949.376437 0.000000 -3.325714 -0.292288
46541 -909949.376437 0.000000 -3.325714 -0.292288
1909 -909949.528835 0.000000 -3.478112 -0.444686
1650 -909949.528835 0.000000 -3.478112 -0.444686
2005 -909949.528835 0.000000 -3.478112 -0.444686
8802 -909949.528835 0.000000 -3.478112 -0.444686
8496 -909949.528835 0.000000 -3.478112 -0.444686
8102 -909949.528835 0.000000 -3.478112 -0.444686
15027 -909949.528835 0.000000 -3.478112 -0.444686
14572 -909949.528835 0.000000 -3.478112 -0.444686
14452 -909949.528835 0.000000 -3.478112 -0.444686
14410 -909949.528835 0.000000 -3.478112 -0.444686
20920 -909949.528835 0.000000 -3.478112 -0.444686
21131 -909949.528835 0.000000 -3.478112 -0.444686
20945 -909949.528835 0.000000 -3.478112 -0.444686
27634 -909949.528835 0.000000 -3.478112 -0.444686
27405 -909949.528835 0.000000 -3.478112 -0.444686
27236 -909949.528835 0.000000 -3.478112 -0.444686
33902 -909949.528835 0.000000 -3.478112 -0.444686
33670 -909949.528835 0.000000 -3.478112 -0.444686
33633 -909949.528835 0.000000 -3.478112 -0.444686
40784 -909949.528835 0.000000 -3.478112 -0.444686
40493 -909949.528835 0.000000 -3.478112 -0.444686
40121 -909949.528835 0.000000 -3.478112 -0.444686
47016 -909949.528835 0.000000 -3.478112 -0.444686
46576 -909949.528835 0.000000 -3.478112 -0.444686
46474 -909949.528835 0.000000 -3.478112 -0.444686
2063 -909949.531478 0.000000 -3.480754 -0.447328
1689 -909949.531478 0.000000 -3.480754 -0.447328
1612 -909949.531478 0.000000 -3.480754 -0.447328
8166 -909949.531478 0.000000 -3.480754 -0.447328
8049 -909949.531478 0.000000 -3.480754 -0.447328
8238 -909949.531478 0.000000 -3.480754 -0.447328
15230 -909949.531478 0.000000 -3.480754 -0.447328
14702 -909949.531478 0.000000 -3.480754 -0.447328
14521 -909949.531478 0.000000 -3.480755 -0.447328
21203 -909949.531478 0.000000 -3.480754 -0.447328
20982 -909949.531478 0.000000 -3.480754 -0.447328
20826 -909949.531478 0.000000 -3.480754 -0.447328
27490 -909949.531478 0.000000 -3.480754 -0.447328
27840 -909949.531478 0.000000 -3.480754 -0.447328
27575 -909949.531478 0.000000 -3.480754 -0.447328
34351 -909949.531478 0.000000 -3.480754 -0.447328
34062 -909949.531478 0.000000 -3.480755 -0.447328
33704 -909949.531478 0.000000 -3.480754 -0.447328
33644 -909949.531478 0.000000 -3.480754 -0.447328
40164 -909949.531478 0.000000 -3.480754 -0.447328
40070 -909949.531478 0.000000 -3.480754 -0.447328
40035 -909949.531478 0.000000 -3.480754 -0.447328
47226 -909949.531478 0.000000 -3.480754 -0.447328
46705 -909949.531478 0.000000 -3.480755 -0.447328
46542 -909949.531478 0.000000 -3.480755 -0.447328
2137 -909949.682930 0.000000 -3.632206 -0.598780
1731 -909949.682930 0.000000 -3.632206 -0.598780
1633 -909949.682930 0.000000 -3.632206 -0.598780
104099 -909949.682930 0.000000 -3.632206 -0.598780
8768 -909949.682930 0.000000 -3.632206 -0.598780
8255 -909949.682930 0.000000 -3.632206 -0.598780
8096 -909949.682930 0.000000 -3.632206 -0.598780
14749 -909949.682930 0.000000 -3.632206 -0.598780
14550 -909949.682930 0.000000 -3.632206 -0.598780
14415 -909949.682930 0.000000 -3.632206 -0.598780
21043 -909949.682930 0.000000 -3.632206 -0.598780
20848 -909949.682930 0.000000 -3.632206 -0.598780
21123 -909949.682930 0.000000 -3.632206 -0.598780
27887 -909949.682930 0.000000 -3.632206 -0.598780
27609 -909949.682930 0.000000 -3.632206 -0.598780
27280 -909949.682930 0.000000 -3.632206 -0.598780
34128 -909949.682930 0.000000 -3.632206 -0.598780
33732 -909949.682930 0.000000 -3.632206 -0.598780
33657 -909949.682930 0.000000 -3.632206 -0.598780
40223 -909949.682930 0.000000 -3.632206 -0.598780
40763 -909949.682930 0.000000 -3.632206 -0.598780
40259 -909949.682930 0.000000 -3.632206 -0.598780
47287 -909949.682930 0.000000 -3.632206 -0.598780
46741 -909949.682930 0.000000 -3.632206 -0.598780
46561 -909949.682930 0.000000 -3.632206 -0.598780
2334 -909949.650369 0.000000 -3.599645 -0.566219
1828 -909949.650369 0.000000 -3.599645 -0.566219
1675 -909949.650369 0.000000 -3.599645 -0.566219
8329 -909949.650369 0.000000 -3.599645 -0.566219
8137 -909949.650369 0.000000 -3.599645 -0.566219
8014 -909949.650369 0.000000 -3.599645 -0.566219
15515 -909949.650369 0.000000 -3.599645 -0.566219
14934 -909949.650369 0.000000 -3.599645 -0.566219
14685 -909949.650369 0.000000 -3.599645 -0.566219
21455 -909949.650369 0.000000 -3.599645 -0.566219
21172 -909949.650369 0.000000 -3.599645 -0.566219
20863 -909949.650369 0.000000 -3.599645 -0.566219
20821 -909949.650369 0.000000 -3.599645 -0.566219
27328 -909949.650369 0.000000 -3.599645 -0.566219
27253 -909949.650369 0.000000 -3.599645 -0.566219
27381 -909949.650369 0.000000 -3.599645 -0.566219
34317 -909949.650369 0.000000 -3.599645 -0.566219
33833 -909949.650369 0.000000 -3.599645 -0.566219
33696 -909949.650369 0.000000 -3.599645 -0.566219
40319 -909949.650369 0.000000 -3.599645 -0.566219
40142 -909949.650369 0.000000 -3.599645 -0.566219
40038 -909949.650369 0.000000 -3.599645 -0.566219
46627 -909949.650369 0.000000 -3.599645 -0.566219
46939 -909949.650369 0.000000 -3.599645 -0.566219
46695 -909949.650369 0.000000 -3.599645 -0.566219
1762 -909949.654021 0.000000 -3.603297 -0.569871
2016 -909949.654021 0.000000 -3.603297 -0.569871
1803 -909949.654021 0.000000 -3.603297 -0.569871
8526 -909949.654021 0.000000 -3.603297 -0.569871
8275 -909949.654021 0.000000 -3.603297 -0.569871
8026 -909949.654021 0.000000 -3.603297 -0.569871
14783 -909949.654021 0.000000 -3.603297 -0.569871
14470 -909949.654021 0.000000 -3.603297 -0.569871
14423 -909949.654021 0.000000 -3.603297 -0.569871
21691 -909949.654021 0.000000 -3.603297 -0.569871
21393 -909949.654021 0.000000 -3.603297 -0.569871
20951 -909949.654021 0.000000 -3.603297 -0.569871
27924 -909949.654021 0.000000 -3.603297 -0.569871
27427 -909949.654021 0.000000 -3.603297 -0.569871
27290 -909949.654021 0.000000 -3.603297 -0.569871
33940 -909949.654021 0.000000 -3.603297 -0.569871
33758 -909949.654021 0.000000 -3.603297 -0.569871
136140 -909949.654021 0.000000 -3.603297 -0.569871
41079 -909949.654021 0.000000 -3.603297 -0.569871
40519 -909949.654021 0.000000 -3.603297 -0.569871
40273 -909949.654021 0.000000 -3.603297 -0.569871
40055 -909949.654021 0.000000 -3.603297 -0.569871
46771 -909949.654021 0.000000 -3.603297 -0.569871
46488 -909949.654021 0.000000 -3.603297 -0.569871
46445 -909949.654021 0.000000 -3.603297 -0.569871
2099 -909949.865700 0.000000 -3.814976 -0.781550
1846 -909949.865700 0.000000 -3.814976 -0.781550
1620 -909949.865700 0.000000 -3.814976 -0.781550
8363 -909949.865700 0.000000 -3.814976 -0.781550
8072 -909949.865700 0.000000 -3.814976 -0.781550
8461 -909949.865700 0.000000 -3.814976 -0.781550
8092 -909949.865700 0.000000 -3.814976 -0.781550
14956 -909949.865700 0.000000 -3.814976 -0.781550
14533 -909949.865699 0.000000 -3.814976 -0.781550
14437 -909949.865700 0.000000 -3.814976 -0.781550
21010 -909949.865700 0.000000 -3.814976 -0.781550
20873 -909949.865699 0.000000 -3.814976 -0.781550
20816 -909949.865700 0.000000 -3.814976 -0.781550
28147 -909949.865700 0.000000 -3.814976 -0.781550
27588 -909949.865700 0.000000 -3.814976 -0.781550
27382 -909949.865700 0.000000 -3.814976 -0.781550
34094 -909949.865699 0.000000 -3.814976 -0.781550
33847 -909949.865700 0.000000 -3.814976 -0.781550
33648 -909949.865700 0.000000 -3.814976 -0.781550
40349 -909949.865700 0.000000 -3.814976 -0.781550
40090 -909949.865700 0.000000 -3.814976 -0.781550
40476 -909949.865700 0.000000 -3.814976 -0.781550
47253 -909949.865700 0.000000 -3.814976 -0.781550
46953 -909949.865700 0.000000 -3.814976 -0.781550
46550 -909949.865700 0.000000 -3.814976 -0.781550
2335 -909949.738751 0.000000 -3.688027 -0.654601
2038 -909949.738751 0.000000 -3.688027 -0.654601
1676 -909949.738751 0.000000 -3.688027 -0.654601
8563 -909949.738751 0.000000 -3.688027 -0.654601
8138 -909949.738751 0.000000 -3.688027 -0.654601
8036 -909949.738751 0.000000 -3.688027 -0.654601
14637 -909949.738751 0.000000 -3.688027 -0.654601
116995 -909949.738751 0.000000 -3.688027 -0.654601
14686 -909949.738751 0.000000 -3.688027 -0.654601
21730 -909949.738751 0.000000 -3.688027 -0.654601
21173 -909949.738751 0.000000 -3.688027 -0.654601
20965 -909949.738751 0.000000 -3.688027 -0.654601
20822 -909949.738751 0.000000 -3.688027 -0.654601
27457 -909949.738751 0.000000 -3.688027 -0.654601
27254 -909949.738751 0.000000 -3.688027 -0.654601
27227 -909949.738751 0.000000 -3.688027 -0.654601
34318 -909949.738751 0.000000 -3.688027 -0.654601
34041 -909949.738751 0.000000 -3.688027 -0.654601
33697 -909949.738751 0.000000 -3.688027 -0.654601
40553 -909949.738751 0.000000 -3.688027 -0.654601
40143 -909949.738751 0.000000 -3.688027 -0.654601
40061 -909949.738751 0.000000 -3.688027 -0.654601
46628 -909949.738751 0.000000 -3.688027 -0.654601
46510 -909949.738751 0.000000 -3.688027 -0.654601
46696 -909949.738751 0.000000 -3.688027 -0.654601
97691 -909950.011687 0.000000 -3.960964 -0.927537
1732 -909950.011687 0.000000 -3.960964 -0.927537
1630 -909950.011687 0.000000 -3.960964 -0.927538
1799 -909950.011687 0.000000 -3.960964 -0.927538
8765 -909950.011687 0.000000 -3.960964 -0.927538
8256 -909950.011687 0.000000 -3.960964 -0.927538
8093 -909950.011687 0.000000 -3.960964 -0.927537
14750 -909950.011687 0.000000 -3.960964 -0.927537
14547 -909950.011687 0.000000 -3.960964 -0.927538
14416 -909950.011687 0.000000 -3.960964 -0.927538
21040 -909950.011687 0.000000 -3.960964 -0.927538
21376 -909950.011687 0.000000 -3.960964 -0.927537
21121 -909950.011687 0.000000 -3.960964 -0.927538
27888 -909950.011687 0.000000 -3.960964 -0.927537
27606 -909950.011687 0.000000 -3.960964 -0.927537
27281 -909950.011687 0.000000 -3.960964 -0.927538
34126 -909950.011687 0.000000 -3.960964 -0.927538
33733 -909950.011687 0.000000 -3.960964 -0.927538
33654 -909950.011687 0.000000 -3.960963 -0.927537
40224 -909950.011687 0.000000 -3.960964 -0.927538
40761 -909950.011687 0.000000 -3.960964 -0.927537
40260 -909950.011687 0.000000 -3.960964 -0.927538
40117 -909950.011687 0.000000 -3.960964 -0.927538
46742 -909950.011687 0.000000 -3.960964 -0.927538
46558 -909950.011687 0.000000 -3.960964 -0.927538
2373 -909950.025257 0.000000 -3.974534 -0.941108
1847 -909950.025257 0.000000 -3.974534 -0.941108
1690 -909950.025257 0.000000 -3.974534 -0.941108
8364 -909950.025257 0.000000 -3.974534 -0.941108
8167 -909950.025257 0.000000 -3.974534 -0.941108
8020 -909950.025257 0.000000 -3.974534 -0.941108
8239 -909950.025257 0.000000 -3.974534 -0.941108
14957 -909950.025257 0.000000 -3.974534 -0.941108
14703 -909950.025257 0.000000 -3.974534 -0.941108
14438 -909950.025257 0.000000 -3.974534 -0.941108
21204 -909950.025257 0.000000 -3.974534 -0.941108
20874 -909950.025257 0.000000 -3.974534 -0.941108
20827 -909950.025257 0.000000 -3.974534 -0.941108
27354 -909950.025257 0.000000 -3.974534 -0.941108
27841 -909950.025257 0.000000 -3.974534 -0.941108
27383 -909950.025257 0.000000 -3.974534 -0.941108
34352 -909950.025257 0.000000 -3.974534 -0.941108
33848 -909950.025257 0.000000 -3.974534 -0.941108
33705 -909950.025257 0.000000 -3.974534 -0.941108
40350 -909950.025257 0.000000 -3.974534 -0.941108
40165 -909950.025257 0.000000 -3.974534 -0.941108
40040 -909950.025257 0.000000 -3.974534 -0.941108
149164 -909950.025257 0.000000 -3.974534 -0.941108
46954 -909950.025257 0.000000 -3.974534 -0.941108
46706 -909950.025257 0.000000 -3.974534 -0.941108
2595 -909949.857216 0.000000 -3.806493 -0.773067
2017 -909949.857216 0.000000 -3.806493 -0.773067
1800 -909949.857216 0.000000 -3.806493 -0.773067
8527 -909949.857216 0.000000 -3.806493 -0.773067
8272 -909949.857216 0.000000 -3.806493 -0.773067
8027 -909949.857216 0.000000 -3.806493 -0.773067
14780 -909949.857216 0.000000 -3.806493 -0.773066
14471 -909949.857216 0.000000 -3.806493 -0.773067
14420 -909949.857216 0.000000 -3.806493 -0.773066
21692 -909949.857216 0.000000 -3.806493 -0.773067
21390 -909949.857216 0.000000 -3.806493 -0.773067
20952 -909949.857216 0.000000 -3.806493 -0.773067
27922 -909949.857216 0.000000 -3.806493 -0.773067
27428 -909949.857216 0.000000 -3.806493 -0.773067
27287 -909949.857216 0.000000 -3.806493 -0.773067
27224 -909949.857216 0.000000 -3.806493 -0.773067
33755 -909949.857216 0.000000 -3.806493 -0.773067
34027 -909949.857216 0.000000 -3.806493 -0.773067
33816 -909949.857216 0.000000 -3.806493 -0.773067
40520 -909949.857216 0.000000 -3.806493 -0.773067
40270 -909949.857216 0.000000 -3.806493 -0.773067
40056 -909949.857216 0.000000 -3.806493 -0.773067
46768 -909949.857216 0.000000 -3.806493 -0.773067
46489 -909949.857216 0.000000 -3.806493 -0.773067
46442 -909949.857216 0.000000 -3.806493 -0.773067
2336 -909949.653071 0.000000 -3.602347 -0.568921
2035 -909949.653070 0.000000 -3.602347 -0.568921
1677 -909949.653071 0.000000 -3.602347 -0.568921
8561 -909949.653070 0.000000 -3.602346 -0.568920
8139 -909949.653071 0.000000 -3.602347 -0.568921
8033 -909949.653070 0.000000 -3.602347 -0.568921
8005 -909949.653071 0.000000 -3.602347 -0.568921
15222 -909949.653071 0.000000 -3.602347 -0.568921
14687 -909949.653070 0.000000 -3.602346 -0.568920
14517 -909949.653070 0.000000 -3.602347 -0.568921
21174 -909949.653070 0.000000 -3.602347 -0.568921
20962 -909949.653071 0.000000 -3.602347 -0.568921
20823 -909949.653070 0.000000 -3.602347 -0.568921
27454 -909949.653071 0.000000 -3.602347 -0.568921
27255 -909949.653071 0.000000 -3.602347 -0.568921
27573 -909949.653071 0.000000 -3.602347 -0.568921
34319 -909949.653071 0.000000 -3.602347 -0.568921
34038 -909949.653071 0.000000 -3.602347 -0.568921
33698 -909949.653070 0.000000 -3.602347 -0.568921
40550 -909949.653070 0.000000 -3.602347 -0.568921
40144 -909949.653071 0.000000 -3.602347 -0.568921
40058 -909949.653071 0.000000 -3.602347 -0.568921
46629 -909949.653070 0.000000 -3.602347 -0.568921
46507 -909949.653070 0.000000 -3.602347 -0.568920
46697 -909949.653070 0.000000 -3.602347 -0.568921
1760 -909949.531640 0.000000 -3.480917 -0.447490
1874 -909950.099049 0.000000 -4.048326 -1.014900
104151 -909949.531640 0.000000 -3.480917 -0.447490
1632 -909950.099049 0.000000 -4.048326 -1.014900
1801 -909949.531640 0.000000 -3.480917 -0.447490
1601 -909950.099049 0.000000 -4.048326 -1.014900
8803 -909949.531640 0.000000 -3.480917 -0.447491
8767 -909950.099049 0.000000 -4.048326 -1.014900
8273 -909949.531640 0.000000 -3.480917 -0.447491
8473 -909950.099049 0.000000 -4.048326 -1.014900
8103 -909949.531640 0.000000 -3.480917 -0.447490
8095 -909950.099049 0.000000 -4.048326 -1.014900
14781 -909949.531640 0.000000 -3.480917 -0.447490
14988 -909950.099049 0.000000 -4.048326 -1.014900
14573 -909949.531640 0.000000 -3.480917 -0.447491
14549 -909950.099049 0.000000 -4.048326 -1.014899
14421 -909949.531640 0.000000 -3.480917 -0.447490
14441 -909950.099049 0.000000 -4.048326 -1.014900
21079 -909949.531640 0.000000 -3.480917 -0.447491
21042 -909950.099049 0.000000 -4.048326 -1.014900
21391 -909949.531640 0.000000 -3.480917 -0.447490
20893 -909950.099049 0.000000 -4.048326 -1.014900
21132 -909949.531640 0.000000 -3.480917 -0.447491
21122 -909950.099049 0.000000 -4.048326 -1.014900
27923 -909949.531640 0.000000 -3.480916 -0.447490
28156 -909950.099049 0.000000 -4.048326 -1.014900
27635 -909949.531640 0.000000 -3.480917 -0.447490
27608 -909950.099049 0.000000 -4.048326 -1.014900
27288 -909949.531640 0.000000 -3.480917 -0.447490
27390 -909950.099049 0.000000 -4.048326 -1.014900
27237 -909949.531640 0.000000 -3.480917 -0.447491
27234 -909950.099049 0.000000 -4.048326 -1.014900
33756 -909949.531640 0.000000 -3.480917 -0.447491
33871 -909950.099049 0.000000 -4.048325 -1.014899
33671 -909949.531640 0.000000 -3.480917 -0.447491
33656 -909950.099049 0.000000 -4.048326 -1.014899
33817 -909949.531640 0.000000 -3.480917 -0.447490
33630 -909950.099049 0.000000 -4.048326 -1.014900
40785 -909949.531640 0.000000 -3.480917 -0.447490
40762 -909950.099049 0.000000 -4.048326 -1.014900
40271 -909949.531640 0.000000 -3.480917 -0.447490
40479 -909950.099049 0.000000 -4.048326 -1.014900
40122 -909949.531640 0.000000 -3.480917 -0.447490
40119 -909950.099049 0.000000 -4.048326 -1.014900
46769 -909949.531640 0.000000 -3.480917 -0.447490
46981 -909950.099049 0.000000 -4.048326 -1.014900
46577 -909949.531640 0.000000 -3.480917 -0.447491
46560 -909950.099049 0.000000 -4.048326 -1.014900
46443 -909949.531640 0.000000 -3.480917 -0.447490
46467 -909950.099049 0.000000 -4.048326 -1.014900
1875 -909950.693921 0.000000 -4.643198 -1.609771
1707 -909950.693921 0.000000 -4.643198 -1.609771
1602 -909950.693921 0.000000 -4.643198 -1.609771
8198 -909950.693921 0.000000 -4.643198 -1.609771
8474 -909950.693921 0.000000 -4.643198 -1.609771
8243 -909950.693921 0.000000 -4.643198 -1.609771
14989 -909950.693921 0.000000 -4.643198 -1.609771
14722 -909950.693921 0.000000 -4.643197 -1.609771
14442 -909950.693921 0.000000 -4.643197 -1.609771
21237 -909950.693921 0.000000 -4.643198 -1.609771
20894 -909950.693921 0.000000 -4.643198 -1.609771
20834 -909950.693921 0.000000 -4.643198 -1.609771
28157 -909950.693921 0.000000 -4.643198 -1.609771
27857 -909950.693921 0.000000 -4.643198 -1.609771
27391 -909950.693921 0.000000 -4.643197 -1.609771
35235 -909950.693921 0.000000 -4.643198 -1.609771
33872 -909950.693921 0.000000 -4.643198 -1.609771
33714 -909950.693921 0.000000 -4.643198 -1.609772
33631 -909950.693921 0.000000 -4.643198 -1.609771
40190 -909950.693921 0.000000 -4.643197 -1.609771
142549 -909950.693921 0.000000 -4.643198 -1.609771
40253 -909950.693921 0.000000 -4.643197 -1.609771
46982 -909950.693921 0.000000 -4.643197 -1.609771
46719 -909950.693921 0.000000 -4.643198 -1.609771
46468 -909950.693921 0.000000 -4.643198 -1.609771
1761 -909950.628020 0.000000 -4.577297 -1.543871
2294 -909950.628020 0.000000 -4.577297 -1.543871
1802 -909950.628020 0.000000 -4.577297 -1.543871
8801 -909950.628020 0.000000 -4.577297 -1.543871
8274 -909950.628020 0.000000 -4.577297 -1.543871
8101 -909950.628020 0.000000 -4.577297 -1.543871
14782 -909950.628020 0.000000 -4.577297 -1.543871
14571 -909950.628020 0.000000 -4.577297 -1.543871
14422 -909950.628020 0.000000 -4.577297 -1.543871
14677 -909950.628020 0.000000 -4.577297 -1.543871
21392 -909950.628020 0.000000 -4.577297 -1.543871
21130 -909950.628020 0.000000 -4.577297 -1.543870
20853 -909950.628020 0.000000 -4.577297 -1.543871
27633 -909950.628020 0.000000 -4.577297 -1.543871
27289 -909950.628020 0.000000 -4.577297 -1.543871
27235 -909950.628020 0.000000 -4.577297 -1.543871
33757 -909950.628020 0.000000 -4.577297 -1.543870
33669 -909950.628020 0.000000 -4.577297 -1.543871
33818 -909950.628020 0.000000 -4.577297 -1.543871
40783 -909950.628020 0.000000 -4.577297 -1.543871
40272 -909950.628020 0.000000 -4.577297 -1.543871
40120 -909950.628020 0.000000 -4.577297 -1.543871
46770 -909950.628020 0.000000 -4.577297 -1.543871
46575 -909950.628020 0.000000 -4.577297 -1.543871
46444 -909950.628020 0.000000 -4.577297 -1.543871
2604 -909949.746380 0.000000 -3.695656 -0.662230
2036 -909949.746380 0.000000 -3.695656 -0.662230
1812 -909949.746380 0.000000 -3.695656 -0.662230
8562 -909949.746379 0.000000 -3.695656 -0.662230
8298 -909949.746380 0.000000 -3.695656 -0.662230
8034 -909949.746380 0.000000 -3.695656 -0.662230
8010 -909949.746380 0.000000 -3.695656 -0.662230
14493 -909949.746379 0.000000 -3.695655 -0.662229
14919 -909949.746380 0.000000 -3.695656 -0.662230
14518 -909949.746379 0.000000 -3.695656 -0.662230
21420 -909949.746380 0.000000 -3.695656 -0.662230
20963 -909949.746380 0.000000 -3.695656 -0.662230
20856 -909949.746380 0.000000 -3.695656 -0.662230
27455 -909949.746379 0.000000 -3.695656 -0.662230
27305 -909949.746380 0.000000 -3.695656 -0.662230
27225 -909949.746380 0.000000 -3.695656 -0.662230
136288 -909949.746380 0.000000 -3.695656 -0.662230
34039 -909949.746380 0.000000 -3.695656 -0.662230
33822 -909949.746380 0.000000 -3.695656 -0.662230
40551 -909949.746380 0.000000 -3.695656 -0.662230
40292 -909949.746380 0.000000 -3.695656 -0.662230
40059 -909949.746380 0.000000 -3.695656 -0.662230
46806 -909949.746380 0.000000 -3.695656 -0.662230
46508 -909949.746380 0.000000 -3.695656 -0.662230
46451 -909949.746380 0.000000 -3.695656 -0.662230
97793 -909950.585884 0.000000 -4.535161 -1.501734
2064 -909950.585884 0.000000 -4.535161 -1.501734
1688 -909950.585884 0.000000 -4.535161 -1.501734
1613 -909950.585884 0.000000 -4.535161 -1.501734
8165 -909950.585884 0.000000 -4.535161 -1.501735
8050 -909950.585884 0.000000 -4.535161 -1.501735
110506 -909950.585884 0.000000 -4.535161 -1.501735
15231 -909950.585884 0.000000 -4.535161 -1.501735
14701 -909950.585884 0.000000 -4.535161 -1.501735
14522 -909950.585884 0.000000 -4.535161 -1.501735
21202 -909950.585884 0.000000 -4.535161 -1.501735
20983 -909950.585884 0.000000 -4.535161 -1.501735
20825 -909950.585884 0.000000 -4.535161 -1.501735
27491 -909950.585884 0.000000 -4.535161 -1.501735
27271 -909950.585884 0.000000 -4.535161 -1.501735
27576 -909950.585884 0.000000 -4.535161 -1.501734
34350 -909950.585884 0.000000 -4.535161 -1.501735
34063 -909950.585884 0.000000 -4.535161 -1.501735
33703 -909950.585884 0.000000 -4.535161 -1.501735
40589 -909950.585884 0.000000 -4.535161 -1.501735
40163 -909950.585884 0.000000 -4.535161 -1.501735
40071 -909950.585884 0.000000 -4.535161 -1.501735
46663 -909950.585884 0.000000 -4.535161 -1.501734
47227 -909950.585884 0.000000 -4.535161 -1.501735
46704 -909950.585884 0.000000 -4.535161 -1.501735
97716 -909949.559888 0.000000 -3.509164 -0.475738
1848 -909949.559888 0.000000 -3.509164 -0.475738
1687 -909949.559888 0.000000 -3.509164 -0.475738
1600 -909949.559888 0.000000 -3.509164 -0.475738
8164 -909949.559888 0.000000 -3.509164 -0.475738
8462 -909949.559888 0.000000 -3.509164 -0.475738
8237 -909949.559888 0.000000 -3.509164 -0.475738
14958 -909949.559888 0.000000 -3.509164 -0.475738
14700 -909949.559888 0.000000 -3.509164 -0.475738
14439 -909949.559888 0.000000 -3.509164 -0.475738
21201 -909949.559888 0.000000 -3.509164 -0.475738
20875 -909949.559888 0.000000 -3.509164 -0.475738
20824 -909949.559888 0.000000 -3.509164 -0.475738
27355 -909949.559888 0.000000 -3.509164 -0.475738
27839 -909949.559888 0.000000 -3.509164 -0.475738
27384 -909949.559888 0.000000 -3.509164 -0.475738
34349 -909949.559888 0.000000 -3.509164 -0.475738
33849 -909949.559888 0.000000 -3.509164 -0.475738
33702 -909949.559888 0.000000 -3.509164 -0.475738
40351 -909949.559888 0.000000 -3.509164 -0.475738
40162 -909949.559888 0.000000 -3.509164 -0.475738
40041 -909949.559888 0.000000 -3.509164 -0.475738
47529 -909949.559888 0.000000 -3.509164 -0.475738
46955 -909949.559888 0.000000 -3.509164 -0.475738
46703 -909949.559888 0.000000 -3.509164 -0.475738
97719 -909950.646624 0.000000 -4.595901 -1.562475
1876 -909950.646624 0.000000 -4.595901 -1.562475
1631 -909950.646624 0.000000 -4.595901 -1.562475
1603 -909950.646624 0.000000 -4.595901 -1.562474
8766 -909950.646624 0.000000 -4.595901 -1.562475
8475 -909950.646624 0.000000 -4.595901 -1.562475
8094 -909950.646624 0.000000 -4.595901 -1.562475
14990 -909950.646624 0.000000 -4.595901 -1.562475
14548 -909950.646624 0.000000 -4.595901 -1.562475
14443 -909950.646624 0.000000 -4.595901 -1.562475
21041 -909950.646624 0.000000 -4.595901 -1.562474
20895 -909950.646624 0.000000 -4.595901 -1.562475
123318 -909950.646624 0.000000 -4.595901 -1.562475
28158 -909950.646624 0.000000 -4.595901 -1.562475
27607 -909950.646624 0.000000 -4.595901 -1.562475
27392 -909950.646624 0.000000 -4.595900 -1.562474
34127 -909950.646624 0.000000 -4.595901 -1.562475
33873 -909950.646624 0.000000 -4.595901 -1.562475
33655 -909950.646624 0.000000 -4.595901 -1.562475
40389 -909950.646624 0.000000 -4.595901 -1.562475
40110 -909950.646624 0.000000 -4.595901 -1.562475
40480 -909950.646624 0.000000 -4.595901 -1.562475
40118 -909950.646624 0.000000 -4.595901 -1.562475
46983 -909950.646624 0.000000 -4.595901 -1.562475
46559 -909950.646624 0.000000 -4.595901 -1.562475
2606 -909950.646624 0.000000 -4.595900 -1.562474
2302 -909950.646624 0.000000 -4.595901 -1.562474
1815 -909950.646624 0.000000 -4.595901 -1.562475
1671 -909950.646624 0.000000 -4.595901 -1.562475
8301 -909950.646624 0.000000 -4.595901 -1.562474
8117 -909950.646624 0.000000 -4.595901 -1.562475
8011 -909950.646624 0.000000 -4.595901 -1.562474
14603 -909950.646624 0.000000 -4.595901 -1.562475
14921 -909950.646624 0.000000 -4.595901 -1.562475
14679 -909950.646624 0.000000 -4.595901 -1.562474
21423 -909950.646624 0.000000 -4.595900 -1.562474
21150 -909950.646624 0.000000 -4.595901 -1.562475
20859 -909950.646624 0.000000 -4.595901 -1.562474
27667 -909950.646624 0.000000 -4.595901 -1.562475
27308 -909950.646624 0.000000 -4.595901 -1.562474
27243 -909950.646624 0.000000 -4.595901 -1.562475
33790 -909950.646624 0.000000 -4.595901 -1.562475
34299 -909950.646624 0.000000 -4.595901 -1.562474
33825 -909950.646624 0.000000 -4.595901 -1.562475
40819 -909950.646624 0.000000 -4.595901 -1.562475
40295 -909950.646624 0.000000 -4.595901 -1.562474
40130 -909950.646624 0.000000 -4.595901 -1.562475
46809 -909950.646624 0.000000 -4.595901 -1.562475
46599 -909950.646624 0.000000 -4.595901 -1.562475
46453 -909950.646624 0.000000 -4.595901 -1.562475
1950 -909949.559888 0.000000 -3.509164 -0.475738
2303 -909949.559888 0.000000 -3.509164 -0.475738
2018 -909949.559888 0.000000 -3.509164 -0.475738
1672 -909949.559888 0.000000 -3.509164 -0.475738
8528 -909949.559888 0.000000 -3.509164 -0.475738
8118 -909949.559888 0.000000 -3.509164 -0.475738
8028 -909949.559888 0.000000 -3.509164 -0.475738
14604 -909949.559888 0.000000 -3.509164 -0.475738
14472 -909949.559888 0.000000 -3.509164 -0.475738
116912 -909949.559888 0.000000 -3.509164 -0.475738
21693 -909949.559888 0.000000 -3.509164 -0.475738
21151 -909949.559888 0.000000 -3.509164 -0.475738
20953 -909949.559888 0.000000 -3.509164 -0.475738
27668 -909949.559888 0.000000 -3.509164 -0.475738
27429 -909949.559888 0.000000 -3.509164 -0.475738
27244 -909949.559888 0.000000 -3.509164 -0.475738
33941 -909949.559888 0.000000 -3.509164 -0.475738
33690 -909949.559888 0.000000 -3.509164 -0.475738
34028 -909949.559888 0.000000 -3.509164 -0.475738
40820 -909949.559888 0.000000 -3.509164 -0.475738
40521 -909949.559888 0.000000 -3.509164 -0.475738
40131 -909949.559888 0.000000 -3.509164 -0.475738
47057 -909949.559888 0.000000 -3.509164 -0.475738
46600 -909949.559888 0.000000 -3.509164 -0.475738
46490 -909949.559888 0.000000 -3.509164 -0.475738
1912 -909950.585884 0.000000 -4.535161 -1.501735
1730 -909950.585884 0.000000 -4.535161 -1.501735
2007 -909950.585884 0.000000 -4.535161 -1.501735
1798 -909950.585884 0.000000 -4.535161 -1.501734
8499 -909950.585884 0.000000 -4.535161 -1.501734
8254 -909950.585884 0.000000 -4.535161 -1.501735
8024 -909950.585884 0.000000 -4.535161 -1.501735
14748 -909950.585884 0.000000 -4.535161 -1.501735
14455 -909950.585884 0.000000 -4.535161 -1.501735
14414 -909950.585884 0.000000 -4.535161 -1.501735
20922 -909950.585884 0.000000 -4.535161 -1.501735
21375 -909950.585884 0.000000 -4.535161 -1.501735
20948 -909950.585884 0.000000 -4.535161 -1.501735
27886 -909950.585884 0.000000 -4.535161 -1.501735
27408 -909950.585884 0.000000 -4.535161 -1.501735
27279 -909950.585884 0.000000 -4.535161 -1.501734
33905 -909950.585884 0.000000 -4.535161 -1.501735
33731 -909950.585884 0.000000 -4.535160 -1.501734
33635 -909950.585884 0.000000 -4.535161 -1.501735
41069 -909950.585884 0.000000 -4.535161 -1.501735
40496 -909950.585884 0.000000 -4.535161 -1.501735
40258 -909950.585884 0.000000 -4.535161 -1.501735
47019 -909950.585884 0.000000 -4.535161 -1.501734
46740 -909950.585884 0.000000 -4.535161 -1.501735
46477 -909950.585884 0.000000 -4.535161 -1.501735
2097 -909949.746380 0.000000 -3.695656 -0.662230
1710 -909949.746380 0.000000 -3.695656 -0.662230
1618 -909949.746380 0.000000 -3.695656 -0.662230
8200 -909949.746380 0.000000 -3.695656 -0.662230
8758 -909949.746380 0.000000 -3.695656 -0.662230
8246 -909949.746380 0.000000 -3.695656 -0.662230
15268 -909949.746380 0.000000 -3.695656 -0.662230
14725 -909949.746380 0.000000 -3.695656 -0.662230
14531 -909949.746380 0.000000 -3.695656 -0.662230
21240 -909949.746380 0.000000 -3.695656 -0.662230
21008 -909949.746380 0.000000 -3.695656 -0.662230
20837 -909949.746380 0.000000 -3.695656 -0.662230
21120 -909949.746380 0.000000 -3.695656 -0.662230
27860 -909949.746380 0.000000 -3.695656 -0.662230
27586 -909949.746380 0.000000 -3.695656 -0.662230
27278 -909949.746380 0.000000 -3.695656 -0.662230
34092 -909949.746380 0.000000 -3.695656 -0.662230
33717 -909949.746379 0.000000 -3.695656 -0.662230
33646 -909949.746380 0.000000 -3.695656 -0.662230
40193 -909949.746380 0.000000 -3.695656 -0.662230
40088 -909949.746380 0.000000 -3.695656 -0.662230
40256 -909949.746380 0.000000 -3.695656 -0.662230
47251 -909949.746379 0.000000 -3.695656 -0.662229
46722 -909949.746380 0.000000 -3.695656 -0.662230
46548 -909949.746380 0.000000 -3.695656 -0.662230
2098 -909950.628020 0.000000 -4.577297 -1.543871
1849 -909950.628020 0.000000 -4.577297 -1.543871
1619 -909950.628020 0.000000 -4.577297 -1.543871
8365 -909950.628020 0.000000 -4.577297 -1.543871
8071 -909950.628020 0.000000 -4.577297 -1.543871
8463 -909950.628020 0.000000 -4.577297 -1.543870
15269 -909950.628020 0.000000 -4.577297 -1.543871
14959 -909950.628020 0.000000 -4.577297 -1.543871
14532 -909950.628020 0.000000 -4.577297 -1.543871
21493 -909950.628020 0.000000 -4.577297 -1.543871
21009 -909950.628020 0.000000 -4.577297 -1.543871
20876 -909950.628020 0.000000 -4.577297 -1.543871
20815 -909950.628020 0.000000 -4.577297 -1.543871
129856 -909950.628020 0.000000 -4.577297 -1.543871
27587 -909950.628020 0.000000 -4.577297 -1.543871
27385 -909950.628020 0.000000 -4.577297 -1.543871
34093 -909950.628020 0.000000 -4.577297 -1.543871
33850 -909950.628020 0.000000 -4.577297 -1.543871
33647 -909950.628020 0.000000 -4.577297 -1.543871
40352 -909950.628020 0.000000 -4.577297 -1.543871
40089 -909950.628020 0.000000 -4.577297 -1.543871
40042 -909950.628020 0.000000 -4.577297 -1.543871
47252 -909950.628020 0.000000 -4.577297 -1.543871
46956 -909950.628020 0.000000 -4.577297 -1.543871
46549 -909950.628020 0.000000 -4.577297 -1.543871
2304 -909950.693921 0.000000 -4.643198 -1.609772
2015 -909950.693921 0.000000 -4.643197 -1.609771
1673 -909950.693921 0.000000 -4.643198 -1.609771
8525 -909950.693921 0.000000 -4.643198 -1.609771
8119 -909950.693921 0.000000 -4.643198 -1.609772
8025 -909950.693921 0.000000 -4.643198 -1.609771
14605 -909950.693921 0.000000 -4.643198 -1.609772
14469 -909950.693921 0.000000 -4.643198 -1.609771
14680 -909950.693921 0.000000 -4.643198 -1.609772
21690 -909950.693921 0.000000 -4.643198 -1.609771
21152 -909950.693921 0.000000 -4.643198 -1.609771
20950 -909950.693921 0.000000 -4.643198 -1.609771
27669 -909950.693921 0.000000 -4.643198 -1.609771
27426 -909950.693921 0.000000 -4.643198 -1.609771
27245 -909950.693921 0.000000 -4.643197 -1.609771
33939 -909950.693921 0.000000 -4.643197 -1.609771
34300 -909950.693921 0.000000 -4.643198 -1.609771
34026 -909950.693921 0.000000 -4.643198 -1.609771
40821 -909950.693921 0.000000 -4.643198 -1.609771
40518 -909950.693921 0.000000 -4.643198 -1.609772
40132 -909950.693921 0.000000 -4.643197 -1.609771
40054 -909950.693921 0.000000 -4.643198 -1.609771
46601 -909950.693921 0.000000 -4.643198 -1.609771
46487 -909950.693921 0.000000 -4.643198 -1.609771
46440 -909950.693921 0.000000 -4.643198 -1.609771
2067 -909949.531640 0.000000 -3.480917 -0.447490
2337 -909950.099049 0.000000 -4.048326 -1.014900
1826 -909949.531640 0.000000 -3.480917 -0.447490
1827 -909950.099049 0.000000 -4.048326 -1.014900
1616 -909949.531640 0.000000 -3.480917 -0.447491
1678 -909950.099049 0.000000 -4.048326 -1.014900
8327 -909949.531640 0.000000 -3.480917 -0.447491
8328 -909950.099049 0.000000 -4.048326 -1.014900
8053 -909949.531640 0.000000 -3.480917 -0.447490
8140 -909950.099049 0.000000 -4.048326 -1.014900
8012 -909949.531640 0.000000 -3.480917 -0.447490
8013 -909950.099049 0.000000 -4.048326 -1.014900
15234 -909949.531640 0.000000 -3.480917 -0.447491
14638 -909950.099049 0.000000 -4.048326 -1.014900
14932 -909949.531640 0.000000 -3.480917 -0.447490
14933 -909950.099049 0.000000 -4.048326 -1.014900
14525 -909949.531640 0.000000 -3.480916 -0.447490
14688 -909950.099049 0.000000 -4.048326 -1.014900
21453 -909949.531640 0.000000 -3.480917 -0.447491
21454 -909950.099049 0.000000 -4.048326 -1.014900
20986 -909949.531640 0.000000 -3.480917 -0.447491
21175 -909950.099049 0.000000 -4.048325 -1.014899
20861 -909949.531640 0.000000 -3.480917 -0.447491
20862 -909950.099049 0.000000 -4.048326 -1.014900
27494 -909949.531640 0.000000 -3.480916 -0.447490
27703 -909950.099049 0.000000 -4.048326 -1.014899
27326 -909949.531640 0.000000 -3.480917 -0.447490
27327 -909950.099049 0.000000 -4.048326 -1.014900
27578 -909949.531640 0.000000 -3.480917 -0.447491
27256 -909950.099049 0.000000 -4.048326 -1.014900
34618 -909949.531640 0.000000 -3.480917 -0.447490
34619 -909950.099049 0.000000 -4.048326 -1.014900
34066 -909949.531640 0.000000 -3.480917 -0.447491
34320 -909950.099049 0.000000 -4.048326 -1.014900
33831 -909949.531640 0.000000 -3.480916 -0.447490
33832 -909950.099049 0.000000 -4.048326 -1.014899
33645 -909949.531640 0.000000 -3.480916 -0.447490
33699 -909950.099049 0.000000 -4.048326 -1.014900
40317 -909949.531640 0.000000 -3.480917 -0.447491
40318 -909950.099049 0.000000 -4.048326 -1.014900
40074 -909949.531640 0.000000 -3.480916 -0.447490
40145 -909950.099049 0.000000 -4.048326 -1.014900
40036 -909949.531640 0.000000 -3.480917 -0.447490
40037 -909950.099049 0.000000 -4.048326 -1.014900
47229 -909949.531640 0.000000 -3.480917 -0.447491
46630 -909950.099049 0.000000 -4.048326 -1.014900
46938 -909949.531640 0.000000 -3.480917 -0.447490
148961 -909950.099049 0.000000 -4.048326 -1.014899
46546 -909949.531640 0.000000 -3.480917 -0.447491
46698 -909950.099049 0.000000 -4.048326 -1.014900
1911 -909949.653071 0.000000 -3.602347 -0.568921
1733 -909949.653071 0.000000 -3.602347 -0.568921
1608 -909949.653070 0.000000 -3.602347 -0.568921
9066 -909949.653071 0.000000 -3.602347 -0.568921
8498 -909949.653070 0.000000 -3.602346 -0.568920
8257 -909949.653071 0.000000 -3.602347 -0.568921
15029 -909949.653070 0.000000 -3.602347 -0.568921
14751 -909949.653071 0.000000 -3.602347 -0.568921
14454 -909949.653071 0.000000 -3.602347 -0.568921
14417 -909949.653070 0.000000 -3.602346 -0.568920
20921 -909949.653071 0.000000 -3.602347 -0.568921
21377 -909949.653070 0.000000 -3.602347 -0.568920
20947 -909949.653071 0.000000 -3.602347 -0.568921
27889 -909949.653071 0.000000 -3.602347 -0.568921
27407 -909949.653070 0.000000 -3.602347 -0.568920
27282 -909949.653071 0.000000 -3.602347 -0.568921
33904 -909949.653070 0.000000 -3.602347 -0.568921
33734 -909949.653071 0.000000 -3.602347 -0.568921
33634 -909949.653071 0.000000 -3.602347 -0.568921
142725 -909949.653071 0.000000 -3.602347 -0.568921
40495 -909949.653071 0.000000 -3.602347 -0.568921
40261 -909949.653070 0.000000 -3.602347 -0.568921
47018 -909949.653071 0.000000 -3.602347 -0.568921
46743 -909949.653070 0.000000 -3.602347 -0.568921
46476 -909949.653071 0.000000 -3.602347 -0.568921
2100 -909949.857216 0.000000 -3.806493 -0.773066
1709 -909949.857216 0.000000 -3.806493 -0.773067
1621 -909949.857216 0.000000 -3.806493 -0.773067
8199 -909949.857216 0.000000 -3.806493 -0.773067
110573 -909949.857216 0.000000 -3.806493 -0.773067
8245 -909949.857216 0.000000 -3.806493 -0.773067
15270 -909949.857216 0.000000 -3.806493 -0.773067
14724 -909949.857216 0.000000 -3.806493 -0.773067
14534 -909949.857216 0.000000 -3.806493 -0.773066
21239 -909949.857216 0.000000 -3.806493 -0.773066
21011 -909949.857216 0.000000 -3.806493 -0.773066
20836 -909949.857216 0.000000 -3.806493 -0.773067
27532 -909949.857216 0.000000 -3.806493 -0.773067
27859 -909949.857216 0.000000 -3.806493 -0.773067
27589 -909949.857216 0.000000 -3.806493 -0.773066
34390 -909949.857216 0.000000 -3.806493 -0.773067
34095 -909949.857216 0.000000 -3.806493 -0.773067
33716 -909949.857216 0.000000 -3.806493 -0.773067
33649 -909949.857216 0.000000 -3.806493 -0.773067
40192 -909949.857216 0.000000 -3.806493 -0.773067
40091 -909949.857216 0.000000 -3.806493 -0.773067
40255 -909949.857216 0.000000 -3.806493 -0.773067
47254 -909949.857216 0.000000 -3.806493 -0.773067
46721 -909949.857216 0.000000 -3.806493 -0.773067
46551 -909949.857216 0.000000 -3.806493 -0.773067
1910 -909950.025257 0.000000 -3.974534 -0.941108
1653 -909950.025257 0.000000 -3.974534 -0.941108
2006 -909950.025257 0.000000 -3.974534 -0.941108
8806 -909950.025257 0.000000 -3.974534 -0.941108
8497 -909950.025257 0.000000 -3.974534 -0.941108
8106 -909950.025257 0.000000 -3.974534 -0.941108
15028 -909950.025257 0.000000 -3.974534 -0.941108
14576 -909950.025257 0.000000 -3.974534 -0.941108
14453 -909950.025257 0.000000 -3.974534 -0.941108
14411 -909950.025257 0.000000 -3.974534 -0.941108
21682 -909950.025257 0.000000 -3.974534 -0.941108
21135 -909950.025257 0.000000 -3.974534 -0.941108
20946 -909950.025257 0.000000 -3.974534 -0.941108
27638 -909950.025257 0.000000 -3.974534 -0.941108
27406 -909950.025257 0.000000 -3.974534 -0.941107
27240 -909950.025257 0.000000 -3.974534 -0.941108
33903 -909950.025257 0.000000 -3.974534 -0.941107
33674 -909950.025257 0.000000 -3.974534 -0.941108
34024 -909950.025257 0.000000 -3.974534 -0.941108
40788 -909950.025257 0.000000 -3.974534 -0.941108
40494 -909950.025257 0.000000 -3.974534 -0.941108
40125 -909950.025257 0.000000 -3.974534 -0.941108
47017 -909950.025257 0.000000 -3.974534 -0.941108
46580 -909950.025257 0.000000 -3.974534 -0.941108
46475 -909950.025257 0.000000 -3.974534 -0.941108
97795 -909950.011687 0.000000 -3.960964 -0.927537
2066 -909950.011687 0.000000 -3.960964 -0.927538
1829 -909950.011687 0.000000 -3.960964 -0.927538
1615 -909950.011687 0.000000 -3.960964 -0.927538
8330 -909950.011687 0.000000 -3.960964 -0.927537
8052 -909950.011687 0.000000 -3.960964 -0.927537
8015 -909950.011687 0.000000 -3.960964 -0.927538
15233 -909950.011687 0.000000 -3.960964 -0.927538
14935 -909950.011687 0.000000 -3.960964 -0.927537
14524 -909950.011687 0.000000 -3.960964 -0.927538
21456 -909950.011687 0.000000 -3.960964 -0.927537
20985 -909950.011687 0.000000 -3.960964 -0.927537
20864 -909950.011687 0.000000 -3.960964 -0.927538
27493 -909950.011687 0.000000 -3.960964 -0.927538
27329 -909950.011687 0.000000 -3.960964 -0.927537
129731 -909950.011687 0.000000 -3.960964 -0.927538
34620 -909950.011687 0.000000 -3.960964 -0.927537
34065 -909950.011687 0.000000 -3.960964 -0.927538
33834 -909950.011687 0.000000 -3.960964 -0.927538
40591 -909950.011687 0.000000 -3.960964 -0.927538
40320 -909950.011687 0.000000 -3.960964 -0.927538
40073 -909950.011687 0.000000 -3.960964 -0.927538
46847 -909950.011687 0.000000 -3.960964 -0.927538
46534 -909950.011687 0.000000 -3.960964 -0.927537
46940 -909950.011687 0.000000 -3.960964 -0.927538
1879 -909949.738751 0.000000 -3.688027 -0.654601
1708 -909949.738751 0.000000 -3.688027 -0.654601
1606 -909949.738751 0.000000 -3.688027 -0.654601
9057 -909949.738751 0.000000 -3.688027 -0.654601
8478 -909949.738751 0.000000 -3.688027 -0.654601
8244 -909949.738751 0.000000 -3.688027 -0.654601
14993 -909949.738751 0.000000 -3.688027 -0.654601
14723 -909949.738751 0.000000 -3.688027 -0.654601
14446 -909949.738751 0.000000 -3.688027 -0.654601
21238 -909949.738751 0.000000 -3.688027 -0.654601
20898 -909949.738751 0.000000 -3.688027 -0.654601
20835 -909949.738751 0.000000 -3.688027 -0.654601
28161 -909949.738751 0.000000 -3.688027 -0.654601
27858 -909949.738751 0.000000 -3.688027 -0.654601
27395 -909949.738751 0.000000 -3.688027 -0.654601
34389 -909949.738751 0.000000 -3.688027 -0.654601
33876 -909949.738751 0.000000 -3.688027 -0.654601
33715 -909949.738751 0.000000 -3.688027 -0.654601
33632 -909949.738751 0.000000 -3.688027 -0.654601
40191 -909949.738751 0.000000 -3.688027 -0.654601
40482 -909949.738751 0.000000 -3.688027 -0.654601
40254 -909949.738751 0.000000 -3.688027 -0.654601
46986 -909949.738751 0.000000 -3.688027 -0.654601
46720 -909949.738751 0.000000 -3.688027 -0.654601
46472 -909949.738751 0.000000 -3.688027 -0.654601
104288 -909949.865700 0.000000 -3.814976 -0.781550
2305 -909949.865700 0.000000 -3.814976 -0.781550
1814 -909949.865700 0.000000 -3.814976 -0.781550
8844 -909949.865700 0.000000 -3.814976 -0.781550
8300 -909949.865699 0.000000 -3.814976 -0.781550
8120 -909949.865700 0.000000 -3.814976 -0.781550
14821 -909949.865700 0.000000 -3.814976 -0.781550
14606 -909949.865700 0.000000 -3.814976 -0.781550
14433 -909949.865700 0.000000 -3.814976 -0.781550
14681 -909949.865700 0.000000 -3.814976 -0.781550
21422 -909949.865700 0.000000 -3.814976 -0.781550
21153 -909949.865700 0.000000 -3.814976 -0.781550
20858 -909949.865700 0.000000 -3.814976 -0.781550
27670 -909949.865699 0.000000 -3.814976 -0.781550
27307 -909949.865700 0.000000 -3.814976 -0.781550
27246 -909949.865700 0.000000 -3.814976 -0.781550
33789 -909949.865700 0.000000 -3.814976 -0.781550
34301 -909949.865700 0.000000 -3.814976 -0.781550
33824 -909949.865700 0.000000 -3.814976 -0.781550
40822 -909949.865700 0.000000 -3.814976 -0.781550
40294 -909949.865700 0.000000 -3.814976 -0.781550
40133 -909949.865700 0.000000 -3.814976 -0.781550
46808 -909949.865700 0.000000 -3.814976 -0.781550
46602 -909949.865700 0.000000 -3.814976 -0.781550
46452 -909949.865700 0.000000 -3.814976 -0.781550
2065 -909949.654021 0.000000 -3.603297 -0.569871
1693 -909949.654021 0.000000 -3.603297 -0.569871
1614 -909949.654021 0.000000 -3.603297 -0.569871
8170 -909949.654021 0.000000 -3.603297 -0.569871
8051 -909949.654021 0.000000 -3.603297 -0.569871
8241 -909949.654021 0.000000 -3.603297 -0.569871
15232 -909949.654021 0.000000 -3.603297 -0.569871
14706 -909949.654021 0.000000 -3.603297 -0.569871
14523 -909949.654021 0.000000 -3.603297 -0.569871
21207 -909949.654021 0.000000 -3.603297 -0.569871
20984 -909949.654021 0.000000 -3.603297 -0.569871
20830 -909949.654021 0.000000 -3.603297 -0.569871
27492 -909949.654021 0.000000 -3.603297 -0.569871
27843 -909949.654021 0.000000 -3.603297 -0.569871
27577 -909949.654021 0.000000 -3.603297 -0.569871
34355 -909949.654021 0.000000 -3.603297 -0.569871
34064 -909949.654021 0.000000 -3.603297 -0.569871
33708 -909949.654021 0.000000 -3.603297 -0.569871
40590 -909949.654021 0.000000 -3.603297 -0.569871
40168 -909949.654021 0.000000 -3.603297 -0.569871
40072 -909949.654021 0.000000 -3.603297 -0.569871
46666 -909949.654021 0.000000 -3.603297 -0.569871
47228 -909949.654021 0.000000 -3.603297 -0.569871
46709 -909949.654021 0.000000 -3.603297 -0.569871
46544 -909949.654021 0.000000 -3.603297 -0.569871
1913 -909949.650369 0.000000 -3.599645 -0.566219
1652 -909949.650369 0.000000 -3.599645 -0.566219
2008 -909949.650369 0.000000 -3.599645 -0.566219
8805 -909949.650369 0.000000 -3.599645 -0.566219
8500 -909949.650369 0.000000 -3.599645 -0.566219
8105 -909949.650369 0.000000 -3.599645 -0.566219
15030 -909949.650369 0.000000 -3.599645 -0.566219
14575 -909949.650369 0.000000 -3.599645 -0.566219
14456 -909949.650369 0.000000 -3.599645 -0.566219
21080 -909949.650369 0.000000 -3.599645 -0.566219
123423 -909949.650369 0.000000 -3.599645 -0.566219
21134 -909949.650369 0.000000 -3.599645 -0.566219
28199 -909949.650369 0.000000 -3.599645 -0.566219
27637 -909949.650369 0.000000 -3.599645 -0.566219
27409 -909949.650369 0.000000 -3.599645 -0.566219
27239 -909949.650369 0.000000 -3.599645 -0.566219
33906 -909949.650369 0.000000 -3.599645 -0.566219
33673 -909949.650369 0.000000 -3.599645 -0.566219
33636 -909949.650369 0.000000 -3.599645 -0.566219
40787 -909949.650369 0.000000 -3.599645 -0.566219
40497 -909949.650369 0.000000 -3.599645 -0.566219
40124 -909949.650369 0.000000 -3.599645 -0.566219
47020 -909949.650369 0.000000 -3.599645 -0.566219
46579 -909949.650369 0.000000 -3.599645 -0.566219
46478 -909949.650368 0.000000 -3.599645 -0.566219
2605 -909949.682930 0.000000 -3.632206 -0.598780
2041 -909949.682930 0.000000 -3.632206 -0.598780
1813 -909949.682930 0.000000 -3.632206 -0.598780
8566 -909949.682930 0.000000 -3.632206 -0.598780
8299 -909949.682930 0.000000 -3.632206 -0.598780
8039 -909949.682930 0.000000 -3.632206 -0.598780
14820 -909949.682930 0.000000 -3.632206 -0.598780
14497 -909949.682930 0.000000 -3.632206 -0.598780
14920 -909949.682930 0.000000 -3.632206 -0.598780
14520 -909949.682930 0.000000 -3.632206 -0.598780
21421 -909949.682930 0.000000 -3.632206 -0.598780
20968 -909949.682930 0.000000 -3.632206 -0.598780
20857 -909949.682930 0.000000 -3.632206 -0.598780
27460 -909949.682930 0.000000 -3.632206 -0.598780
27306 -909949.682930 0.000000 -3.632206 -0.598780
27229 -909949.682930 0.000000 -3.632206 -0.598780
34609 -909949.682930 0.000000 -3.632206 -0.598780
34044 -909949.682930 0.000000 -3.632206 -0.598780
33823 -909949.682930 0.000000 -3.632206 -0.598780
40556 -909949.682930 0.000000 -3.632206 -0.598780
40293 -909949.682930 0.000000 -3.632206 -0.598780
40064 -909949.682930 0.000000 -3.632206 -0.598780
46807 -909949.682930 0.000000 -3.632206 -0.598780
46513 -909949.682930 0.000000 -3.632206 -0.598780
46935 -909949.682930 0.000000 -3.632206 -0.598780
1764 -909949.531478 0.000000 -3.480754 -0.447328
2295 -909949.531478 0.000000 -3.480754 -0.447328
1806 -909949.531478 0.000000 -3.480754 -0.447328
8804 -909949.531478 0.000000 -3.480755 -0.447328
8278 -909949.531478 0.000000 -3.480754 -0.447328
8104 -909949.531478 0.000000 -3.480755 -0.447328
14786 -909949.531478 0.000000 -3.480754 -0.447328
14574 -909949.531478 0.000000 -3.480755 -0.447328
14426 -909949.531478 0.000000 -3.480754 -0.447328
21969 -909949.531478 0.000000 -3.480754 -0.447328
21396 -909949.531478 0.000000 -3.480754 -0.447328
21133 -909949.531478 0.000000 -3.480754 -0.447328
27927 -909949.531478 0.000000 -3.480754 -0.447328
27636 -909949.531478 0.000000 -3.480755 -0.447328
27293 -909949.531478 0.000000 -3.480754 -0.447328
27238 -909949.531478 0.000000 -3.480754 -0.447328
33761 -909949.531478 0.000000 -3.480755 -0.447328
33672 -909949.531478 0.000000 -3.480754 -0.447328
33819 -909949.531478 0.000000 -3.480754 -0.447328
40786 -909949.531478 0.000000 -3.480754 -0.447328
40276 -909949.531478 0.000000 -3.480754 -0.447328
40123 -909949.531478 0.000000 -3.480755 -0.447328
46774 -909949.531478 0.000000 -3.480755 -0.447328
46578 -909949.531478 0.000000 -3.480754 -0.447328
46448 -909949.531478 0.000000 -3.480755 -0.447328
2375 -909949.528835 0.000000 -3.478112 -0.444686
2068 -909949.528835 0.000000 -3.478112 -0.444686
1692 -909949.528835 0.000000 -3.478112 -0.444686
8604 -909949.528835 0.000000 -3.478112 -0.444686
8169 -909949.528835 0.000000 -3.478112 -0.444686
8054 -909949.528835 0.000000 -3.478112 -0.444686
110507 -909949.528835 0.000000 -3.478112 -0.444686
15235 -909949.528835 0.000000 -3.478112 -0.444686
14705 -909949.528835 0.000000 -3.478112 -0.444686
14526 -909949.528835 0.000000 -3.478112 -0.444686
21206 -909949.528835 0.000000 -3.478112 -0.444686
20987 -909949.528835 0.000000 -3.478112 -0.444686
20829 -909949.528835 0.000000 -3.478112 -0.444686
27495 -909949.528835 0.000000 -3.478112 -0.444686
27272 -909949.528835 0.000000 -3.478112 -0.444686
27579 -909949.528835 0.000000 -3.478112 -0.444686
34354 -909949.528835 0.000000 -3.478112 -0.444686
34067 -909949.528835 0.000000 -3.478112 -0.444686
33707 -909949.528835 0.000000 -3.478112 -0.444686
40592 -909949.528835 0.000000 -3.478112 -0.444686
40167 -909949.528835 0.000000 -3.478112 -0.444686
40075 -909949.528835 0.000000 -3.478112 -0.444686
46665 -909949.528835 0.000000 -3.478112 -0.444686
47230 -909949.528835 0.000000 -3.478112 -0.444686
46708 -909949.528835 0.000000 -3.478112 -0.444686
1877 -909949.376437 0.000000 -3.325714 -0.292288
1636 -909949.376437 0.000000 -3.325714 -0.292288
1604 -909949.376437 0.000000 -3.325714 -0.292288
8771 -909949.376437 0.000000 -3.325714 -0.292288
8476 -909949.376437 0.000000 -3.325714 -0.292288
8099 -909949.376437 0.000000 -3.325714 -0.292288
14991 -909949.376437 0.000000 -3.325714 -0.292287
14553 -909949.376437 0.000000 -3.325714 -0.292288
14444 -909949.376437 0.000000 -3.325714 -0.292288
21046 -909949.376437 0.000000 -3.325714 -0.292288
20896 -909949.376437 0.000000 -3.325714 -0.292288
21125 -909949.376437 0.000000 -3.325714 -0.292288
28159 -909949.376437 0.000000 -3.325714 -0.292288
27612 -909949.376437 0.000000 -3.325714 -0.292288
27393 -909949.376437 0.000000 -3.325714 -0.292288
34131 -909949.376437 0.000000 -3.325714 -0.292288
33874 -909949.376437 0.000000 -3.325714 -0.292288
33660 -909949.376437 0.000000 -3.325714 -0.292288
40390 -909949.376437 0.000000 -3.325714 -0.292288
40765 -909949.376437 0.000000 -3.325714 -0.292288
40481 -909949.376437 0.000000 -3.325714 -0.292287
47290 -909949.376437 0.000000 -3.325714 -0.292287
46984 -909949.376437 0.000000 -3.325714 -0.292288
46564 -909949.376437 0.000000 -3.325714 -0.292288
46470 -909949.376437 0.000000 -3.325714 -0.292288
2607 -909949.404386 0.000000 -3.353662 -0.320236
2040 -909949.404386 0.000000 -3.353662 -0.320236
1816 -909949.404386 0.000000 -3.353662 -0.320236
8565 -909949.404386 0.000000 -3.353662 -0.320236
8302 -909949.404386 0.000000 -3.353662 -0.320236
8038 -909949.404386 0.000000 -3.353662 -0.320236
14822 -909949.404386 0.000000 -3.353662 -0.320236
14496 -909949.404386 0.000000 -3.353662 -0.320236
14922 -909949.404386 0.000000 -3.353662 -0.320236
21732 -909949.404386 0.000000 -3.353662 -0.320236
21424 -909949.404386 0.000000 -3.353662 -0.320236
20967 -909949.404386 0.000000 -3.353662 -0.320236
27965 -909949.404386 0.000000 -3.353662 -0.320236
27459 -909949.404386 0.000000 -3.353662 -0.320236
27309 -909949.404386 0.000000 -3.353662 -0.320236
27228 -909949.404386 0.000000 -3.353662 -0.320236
136291 -909949.404386 0.000000 -3.353662 -0.320236
34043 -909949.404386 0.000000 -3.353662 -0.320236
33826 -909949.404386 0.000000 -3.353662 -0.320236
40555 -909949.404386 0.000000 -3.353662 -0.320236
40296 -909949.404386 0.000000 -3.353662 -0.320236
40063 -909949.404386 0.000000 -3.353662 -0.320236
46810 -909949.404386 0.000000 -3.353662 -0.320236
46512 -909949.404386 0.000000 -3.353662 -0.320236
46454 -909949.404386 0.000000 -3.353662 -0.320236
2374 -909949.580280 0.000000 -3.529556 -0.496130
1852 -909949.580280 0.000000 -3.529557 -0.496130
1691 -909949.580280 0.000000 -3.529557 -0.496130
8368 -909949.580280 0.000000 -3.529556 -0.496130
8168 -909949.580280 0.000000 -3.529556 -0.496130
8465 -909949.580280 0.000000 -3.529556 -0.496130
8240 -909949.580280 0.000000 -3.529557 -0.496130
14962 -909949.580280 0.000000 -3.529557 -0.496130
14704 -909949.580280 0.000000 -3.529557 -0.496130
14440 -909949.580280 0.000000 -3.529556 -0.496130
21205 -909949.580280 0.000000 -3.529556 -0.496130
20879 -909949.580280 0.000000 -3.529557 -0.496130
20828 -909949.580280 0.000000 -3.529557 -0.496130
27358 -909949.580280 0.000000 -3.529556 -0.496130
27842 -909949.580280 0.000000 -3.529557 -0.496130
27388 -909949.580279 0.000000 -3.529555 -0.496129
34353 -909949.580280 0.000000 -3.529557 -0.496130
33853 -909949.580280 0.000000 -3.529556 -0.496130
33706 -909949.580280 0.000000 -3.529557 -0.496130
40355 -909949.580280 0.000000 -3.529557 -0.496130
40166 -909949.580280 0.000000 -3.529557 -0.496130
40044 -909949.580280 0.000000 -3.529557 -0.496130
47530 -909949.580280 0.000000 -3.529557 -0.496130
46959 -909949.580280 0.000000 -3.529557 -0.496130
46707 -909949.580280 0.000000 -3.529557 -0.496130
1763 -909949.691882 0.000000 -3.641158 -0.607732
104154 -909949.691882 0.000000 -3.641158 -0.607732
1805 -909949.691882 0.000000 -3.641158 -0.607732
8807 -909949.691882 0.000000 -3.641158 -0.607732
8277 -909949.691882 0.000000 -3.641158 -0.607732
8107 -909949.691882 0.000000 -3.641158 -0.607732
14785 -909949.691882 0.000000 -3.641158 -0.607732
14577 -909949.691882 0.000000 -3.641158 -0.607732
14425 -909949.691882 0.000000 -3.641158 -0.607732
21081 -909949.691881 0.000000 -3.641157 -0.607731
21395 -909949.691882 0.000000 -3.641158 -0.607732
21136 -909949.691882 0.000000 -3.641158 -0.607732
27926 -909949.691882 0.000000 -3.641158 -0.607732
27639 -909949.691881 0.000000 -3.641157 -0.607731
27292 -909949.691882 0.000000 -3.641158 -0.607732
34166 -909949.691881 0.000000 -3.641158 -0.607732
33760 -909949.691882 0.000000 -3.641158 -0.607732
33675 -909949.691882 0.000000 -3.641158 -0.607732
41081 -909949.691881 0.000000 -3.641158 -0.607732
40789 -909949.691882 0.000000 -3.641158 -0.607732
40275 -909949.691882 0.000000 -3.641158 -0.607732
40126 -909949.691882 0.000000 -3.641158 -0.607732
46773 -909949.691882 0.000000 -3.641158 -0.607732
46581 -909949.691882 0.000000 -3.641158 -0.607732
46447 -909949.691882 0.000000 -3.641158 -0.607732
2340 -909949.669258 0.000000 -3.618534 -0.585108
2039 -909949.669258 0.000000 -3.618534 -0.585108
1681 -909949.669258 0.000000 -3.618534 -0.585108
8564 -909949.669258 0.000000 -3.618534 -0.585108
8143 -909949.669258 0.000000 -3.618534 -0.585108
8037 -909949.669258 0.000000 -3.618534 -0.585108
14640 -909949.669258 0.000000 -3.618534 -0.585108
15223 -909949.669258 0.000000 -3.618534 -0.585108
14691 -909949.669258 0.000000 -3.618534 -0.585108
21731 -909949.669258 0.000000 -3.618534 -0.585108
21178 -909949.669258 0.000000 -3.618534 -0.585108
20966 -909949.669258 0.000000 -3.618534 -0.585108
27706 -909949.669258 0.000000 -3.618534 -0.585108
27458 -909949.669258 0.000000 -3.618534 -0.585108
27259 -909949.669258 0.000000 -3.618534 -0.585108
27574 -909949.669258 0.000000 -3.618534 -0.585108
34323 -909949.669258 0.000000 -3.618534 -0.585108
34042 -909949.669258 0.000000 -3.618534 -0.585108
33701 -909949.669258 0.000000 -3.618534 -0.585108
40554 -909949.669258 0.000000 -3.618534 -0.585108
40148 -909949.669258 0.000000 -3.618534 -0.585108
40062 -909949.669258 0.000000 -3.618534 -0.585108
46633 -909949.669258 0.000000 -3.618534 -0.585108
46511 -909949.669258 0.000000 -3.618534 -0.585108
46701 -909949.669258 0.000000 -3.618534 -0.585108
2139 -909949.542813 0.000000 -3.492089 -0.458663
1880 -909949.542813 0.000000 -3.492089 -0.458663
1635 -909949.542813 0.000000 -3.492089 -0.458663
8406 -909949.542813 0.000000 -3.492089 -0.458663
8770 -909949.542813 0.000000 -3.492089 -0.458663
8479 -909949.542813 0.000000 -3.492089 -0.458663
8098 -909949.542813 0.000000 -3.492089 -0.458663
14994 -909949.542813 0.000000 -3.492089 -0.458663
14552 -909949.542813 0.000000 -3.492089 -0.458663
14447 -909949.542813 0.000000 -3.492089 -0.458663
21045 -909949.542813 0.000000 -3.492089 -0.458663
20899 -909949.542813 0.000000 -3.492089 -0.458663
123319 -909949.542813 0.000000 -3.492089 -0.458663
28162 -909949.542813 0.000000 -3.492089 -0.458663
27611 -909949.542813 0.000000 -3.492089 -0.458663
27396 -909949.542813 0.000000 -3.492089 -0.458663
34130 -909949.542813 0.000000 -3.492089 -0.458663
33877 -909949.542813 0.000000 -3.492089 -0.458663
33659 -909949.542813 0.000000 -3.492089 -0.458663
40392 -909949.542813 0.000000 -3.492089 -0.458663
40111 -909949.542813 0.000000 -3.492089 -0.458663
40483 -909949.542813 0.000000 -3.492089 -0.458663
47289 -909949.542813 0.000000 -3.492089 -0.458663
46987 -909949.542813 0.000000 -3.492089 -0.458663
46563 -909949.542813 0.000000 -3.492089 -0.458663
2596 -909949.774532 0.000000 -3.723808 -0.690382
2021 -909949.774532 0.000000 -3.723808 -0.690382
1804 -909949.774532 0.000000 -3.723808 -0.690382
8531 -909949.774532 0.000000 -3.723808 -0.690382
8276 -909949.774532 0.000000 -3.723808 -0.690382
8031 -909949.774532 0.000000 -3.723808 -0.690382
14784 -909949.774532 0.000000 -3.723808 -0.690382
14475 -909949.774532 0.000000 -3.723808 -0.690382
14424 -909949.774531 0.000000 -3.723807 -0.690381
21696 -909949.774532 0.000000 -3.723808 -0.690382
21394 -909949.774532 0.000000 -3.723808 -0.690382
20956 -909949.774531 0.000000 -3.723808 -0.690381
27925 -909949.774531 0.000000 -3.723808 -0.690382
27432 -909949.774532 0.000000 -3.723808 -0.690382
27291 -909949.774532 0.000000 -3.723808 -0.690382
33944 -909949.774531 0.000000 -3.723808 -0.690382
33759 -909949.774532 0.000000 -3.723808 -0.690382
34030 -909949.774532 0.000000 -3.723808 -0.690382
41080 -909949.774531 0.000000 -3.723808 -0.690382
40524 -909949.774532 0.000000 -3.723808 -0.690382
40274 -909949.774532 0.000000 -3.723808 -0.690382
40057 -909949.774532 0.000000 -3.723808 -0.690382
46772 -909949.774532 0.000000 -3.723808 -0.690382
46493 -909949.774532 0.000000 -3.723808 -0.690382
46446 -909949.774532 0.000000 -3.723808 -0.690382
2376 -909949.729902 0.000000 -3.679179 -0.645752
1851 -909949.729902 0.000000 -3.679179 -0.645752
1694 -909949.729902 0.000000 -3.679179 -0.645752
8367 -909949.729902 0.000000 -3.679179 -0.645752
8171 -909949.729902 0.000000 -3.679179 -0.645752
8021 -909949.729902 0.000000 -3.679179 -0.645752
15525 -909949.729902 0.000000 -3.679179 -0.645752
14961 -909949.729902 0.000000 -3.679179 -0.645752
14707 -909949.729902 0.000000 -3.679179 -0.645752
21495 -909949.729902 0.000000 -3.679179 -0.645752
21208 -909949.729902 0.000000 -3.679179 -0.645752
20878 -909949.729902 0.000000 -3.679179 -0.645752
20831 -909949.729902 0.000000 -3.679179 -0.645752
27357 -909949.729902 0.000000 -3.679179 -0.645752
27844 -909949.729902 0.000000 -3.679179 -0.645752
27387 -909949.729902 0.000000 -3.679179 -0.645752
34356 -909949.729902 0.000000 -3.679179 -0.645752
33852 -909949.729902 0.000000 -3.679179 -0.645752
33709 -909949.729902 0.000000 -3.679179 -0.645752
40354 -909949.729902 0.000000 -3.679179 -0.645752
40169 -909949.729902 0.000000 -3.679179 -0.645752
40043 -909949.729902 0.000000 -3.679178 -0.645752
149167 -909949.729902 0.000000 -3.679179 -0.645752
46958 -909949.729902 0.000000 -3.679179 -0.645752
46710 -909949.729902 0.000000 -3.679179 -0.645752
2138 -909949.651133 0.000000 -3.600410 -0.566983
1736 -909949.651133 0.000000 -3.600410 -0.566983
1634 -909949.651133 0.000000 -3.600410 -0.566983
9068 -909949.651133 0.000000 -3.600410 -0.566983
8769 -909949.651133 0.000000 -3.600410 -0.566983
8260 -909949.651133 0.000000 -3.600410 -0.566983
8097 -909949.651133 0.000000 -3.600410 -0.566983
14754 -909949.651133 0.000000 -3.600410 -0.566983
14551 -909949.651133 0.000000 -3.600410 -0.566983
14419 -909949.651133 0.000000 -3.600410 -0.566983
21044 -909949.651133 0.000000 -3.600410 -0.566983
21379 -909949.651133 0.000000 -3.600410 -0.566983
21124 -909949.651133 0.000000 -3.600409 -0.566983
27892 -909949.651133 0.000000 -3.600410 -0.566983
27610 -909949.651133 0.000000 -3.600409 -0.566983
27285 -909949.651133 0.000000 -3.600410 -0.566983
34129 -909949.651133 0.000000 -3.600410 -0.566983
33737 -909949.651133 0.000000 -3.600410 -0.566983
33658 -909949.651133 0.000000 -3.600410 -0.566983
40227 -909949.651133 0.000000 -3.600410 -0.566983
40764 -909949.651133 0.000000 -3.600410 -0.566983
40264 -909949.651133 0.000000 -3.600410 -0.566983
47288 -909949.651133 0.000000 -3.600410 -0.566983
46746 -909949.651133 0.000000 -3.600410 -0.566983
46562 -909949.651133 0.000000 -3.600410 -0.566983
2339 -909949.851697 0.000000 -3.800974 -0.767547
2042 -909949.851697 0.000000 -3.800974 -0.767547
1680 -909949.851697 0.000000 -3.800974 -0.767547
8567 -909949.851697 0.000000 -3.800974 -0.767547
8142 -909949.851697 0.000000 -3.800974 -0.767547
8040 -909949.851697 0.000000 -3.800974 -0.767547
14639 -909949.851697 0.000000 -3.800973 -0.767547
116998 -909949.851697 0.000000 -3.800974 -0.767547
14690 -909949.851697 0.000000 -3.800974 -0.767547
21733 -909949.851697 0.000000 -3.800974 -0.767547
21177 -909949.851697 0.000000 -3.800974 -0.767547
20969 -909949.851697 0.000000 -3.800974 -0.767547
27705 -909949.851697 0.000000 -3.800974 -0.767547
27461 -909949.851697 0.000000 -3.800974 -0.767547
27258 -909949.851697 0.000000 -3.800974 -0.767547
33982 -909949.851697 0.000000 -3.800974 -0.767547
34322 -909949.851697 0.000000 -3.800974 -0.767547
34045 -909949.851697 0.000000 -3.800974 -0.767547
40859 -909949.851697 0.000000 -3.800974 -0.767547
40557 -909949.851697 0.000000 -3.800974 -0.767547
40147 -909949.851697 0.000000 -3.800974 -0.767547
40065 -909949.851697 0.000000 -3.800974 -0.767547
46632 -909949.851697 0.000000 -3.800974 -0.767547
46514 -909949.851697 0.000000 -3.800973 -0.767547
46700 -909949.851697 0.000000 -3.800974 -0.767547
1951 -909949.227385 0.000000 -3.176661 -0.143235
2308 -909949.227385 0.000000 -3.176661 -0.143235
2019 -909949.227385 0.000000 -3.176661 -0.143235
1674 -909949.227385 0.000000 -3.176661 -0.143235
8529 -909949.227385 0.000000 -3.176661 -0.143235
8123 -909949.227385 0.000000 -3.176661 -0.143235
8029 -909949.227385 0.000000 -3.176661 -0.143235
14609 -909949.227385 0.000000 -3.176661 -0.143235
14473 -909949.227385 0.000000 -3.176661 -0.143235
14683 -909949.227385 0.000000 -3.176661 -0.143235
21694 -909949.227385 0.000000 -3.176661 -0.143235
21156 -909949.227385 0.000000 -3.176661 -0.143235
20954 -909949.227385 0.000000 -3.176661 -0.143235
27673 -909949.227385 0.000000 -3.176661 -0.143235
27430 -909949.227385 0.000000 -3.176661 -0.143235
27249 -909949.227385 0.000000 -3.176661 -0.143235
33942 -909949.227385 0.000000 -3.176661 -0.143235
34303 -909949.227385 0.000000 -3.176661 -0.143235
34029 -909949.227385 0.000000 -3.176661 -0.143235
40825 -909949.227385 0.000000 -3.176661 -0.143235
40522 -909949.227385 0.000000 -3.176661 -0.143235
40136 -909949.227385 0.000000 -3.176661 -0.143235
47058 -909949.227385 0.000000 -3.176661 -0.143235
46605 -909949.227385 0.000000 -3.176661 -0.143235
46491 -909949.227385 0.000000 -3.176661 -0.143235
2635 -909949.294594 0.000000 -3.243870 -0.210444
2341 -909949.294594 0.000000 -3.243870 -0.210444
1831 -909949.294594 0.000000 -3.243870 -0.210444
1682 -909949.294594 0.000000 -3.243870 -0.210444
8332 -909949.294594 0.000000 -3.243870 -0.210444
8144 -909949.294594 0.000000 -3.243870 -0.210444
8017 -909949.294594 0.000000 -3.243870 -0.210444
14641 -909949.294594 0.000000 -3.243870 -0.210444
14937 -909949.294594 0.000000 -3.243870 -0.210444
14692 -909949.294594 0.000000 -3.243870 -0.210444
21458 -909949.294594 0.000000 -3.243870 -0.210444
21179 -909949.294594 0.000000 -3.243870 -0.210444
20866 -909949.294594 0.000000 -3.243870 -0.210444
27707 -909949.294594 0.000000 -3.243870 -0.210444
27331 -909949.294594 0.000000 -3.243870 -0.210444
27260 -909949.294594 0.000000 -3.243870 -0.210444
34622 -909949.294594 0.000000 -3.243870 -0.210444
34324 -909949.294594 0.000000 -3.243870 -0.210444
33836 -909949.294594 0.000000 -3.243870 -0.210444
40860 -909949.294594 0.000000 -3.243870 -0.210444
40322 -909949.294594 0.000000 -3.243870 -0.210444
40149 -909949.294594 0.000000 -3.243870 -0.210444
46849 -909949.294594 0.000000 -3.243870 -0.210444
46634 -909949.294594 0.000000 -3.243870 -0.210444
148962 -909949.294594 0.000000 -3.243870 -0.210444
2301 -909949.651331 0.000000 -3.600607 -0.567181
1811 -909949.651331 0.000000 -3.600607 -0.567181
1670 -909949.651331 0.000000 -3.600607 -0.567181
8297 -909949.651330 0.000000 -3.600607 -0.567181
8116 -909949.651331 0.000000 -3.600607 -0.567181
8009 -909949.651331 0.000000 -3.600607 -0.567181
14602 -909949.651330 0.000000 -3.600607 -0.567181
14432 -909949.651331 0.000000 -3.600607 -0.567181
14678 -909949.651331 0.000000 -3.600607 -0.567181
21419 -909949.651331 0.000000 -3.600607 -0.567181
21149 -909949.651331 0.000000 -3.600607 -0.567181
20855 -909949.651331 0.000000 -3.600607 -0.567181
27666 -909949.651331 0.000000 -3.600607 -0.567181
27304 -909949.651331 0.000000 -3.600607 -0.567181
27242 -909949.651331 0.000000 -3.600607 -0.567181
33787 -909949.651331 0.000000 -3.600607 -0.567181
34298 -909949.651330 0.000000 -3.600607 -0.567181
33821 -909949.651331 0.000000 -3.600607 -0.567181
40818 -909949.651331 0.000000 -3.600607 -0.567181
40291 -909949.651331 0.000000 -3.600607 -0.567181
40129 -909949.651331 0.000000 -3.600607 -0.567181
46805 -909949.651331 0.000000 -3.600607 -0.567181
46598 -909949.651330 0.000000 -3.600607 -0.567181
46450 -909949.651331 0.000000 -3.600607 -0.567181
53037 -909949.651330 0.000000 -3.600607 -0.567181
1878 -909949.651331 0.000000 -3.600607 -0.567181
1711 -909949.651331 0.000000 -3.600607 -0.567181
1605 -909949.651331 0.000000 -3.600607 -0.567181
8201 -909949.651330 0.000000 -3.600607 -0.567181
8477 -909949.651331 0.000000 -3.600607 -0.567181
8247 -909949.651331 0.000000 -3.600607 -0.567181
14992 -909949.651331 0.000000 -3.600607 -0.567181
14726 -909949.651331 0.000000 -3.600607 -0.567181
14445 -909949.651331 0.000000 -3.600607 -0.567181
21241 -909949.651331 0.000000 -3.600607 -0.567181
20897 -909949.651331 0.000000 -3.600607 -0.567181
20838 -909949.651330 0.000000 -3.600607 -0.567181
28160 -909949.651331 0.000000 -3.600607 -0.567181
27861 -909949.651331 0.000000 -3.600607 -0.567181
27394 -909949.651331 0.000000 -3.600607 -0.567181
34391 -909949.651331 0.000000 -3.600607 -0.567181
33875 -909949.651331 0.000000 -3.600607 -0.567181
33718 -909949.651331 0.000000 -3.600607 -0.567181
40391 -909949.651331 0.000000 -3.600607 -0.567181
40194 -909949.651331 0.000000 -3.600607 -0.567181
142550 -909949.651330 0.000000 -3.600607 -0.567181
47540 -909949.651331 0.000000 -3.600607 -0.567181
46985 -909949.651331 0.000000 -3.600607 -0.567181
46723 -909949.651331 0.000000 -3.600607 -0.567181
46471 -909949.651330 0.000000 -3.600607 -0.567181
