#ID      EIFS 	      EIPFS 	   FSbin        FSseg
358 -759712.390642 0.000000 -2.856590 0.227610
204 -759712.470018 0.000000 -2.935966 0.148234
1260 -759712.485317 0.000000 -2.951264 0.132936
1167 -759712.397764 0.000000 -2.863712 0.220488
1187 -759712.395451 0.000000 -2.861399 0.222801
983 -759712.397367 0.000000 -2.863315 0.220885
990 -759712.395945 0.000000 -2.861893 0.222307
5556 -759712.424363 0.000000 -2.890311 0.193889
6603 -759712.478578 0.000000 -2.944526 0.139674
6504 -759712.397196 0.000000 -2.863143 0.221057
6532 -759712.395050 0.000000 -2.860997 0.223202
6332 -759712.397806 0.000000 -2.863754 0.220446
6346 -759712.398113 0.000000 -2.864060 0.220139
6093 -759712.390811 0.000000 -2.856759 0.227441
10916 -759712.467995 0.000000 -2.933942 0.150257
11831 -759712.474901 0.000000 -2.940849 0.143351
11866 -759712.395818 0.000000 -2.861766 0.222434
11671 -759712.396213 0.000000 -2.862161 0.222039
11693 -759712.398442 0.000000 -2.864390 0.219810
11443 -759712.392525 0.000000 -2.858473 0.225727
11452 -759712.470034 0.000000 -2.935981 0.148219
17154 -759712.485903 0.000000 -2.951851 0.132349
17192 -759712.397687 0.000000 -2.863634 0.220565
17000 -759712.395005 0.000000 -2.860953 0.223247
17030 -759712.397651 0.000000 -2.863598 0.220601
16785 -759712.398116 0.000000 -2.864063 0.220137
16802 -759712.392807 0.000000 -2.858755 0.225445
16558 -759713.572291 0.000000 -4.038239 -0.954039
17093 -759712.445153 0.000000 -2.911101 0.173099
22326 -759712.394495 0.000000 -2.860443 0.223757
22361 -759712.397802 0.000000 -2.863749 0.220451
22120 -759712.398291 0.000000 -2.864238 0.219961
22145 -759712.390624 0.000000 -2.856572 0.227628
21911 -759712.470036 0.000000 -2.935984 0.148216
22722 -759712.485658 0.000000 -2.951606 0.132594
22777 -759712.397747 0.000000 -2.863694 0.220505
27693 -759712.395056 0.000000 -2.861003 0.223196
27452 -759712.397697 0.000000 -2.863645 0.220555
27485 -759712.398133 0.000000 -2.864080 0.220120
27260 -759712.391899 0.000000 -2.857846 0.226353
114000 -759713.593067 0.000000 -4.059015 -0.974815
28136 -759712.393771 0.000000 -2.859718 0.224481
28145 -759712.395305 0.000000 -2.861252 0.222947
32776 -759712.397943 0.000000 -2.863890 0.220309
32813 -759712.398164 0.000000 -2.864112 0.220088
32593 -759712.390653 0.000000 -2.856600 0.227599
32622 -759712.470050 0.000000 -2.935998 0.148202
33479 -759712.485645 0.000000 -2.951593 0.132607
33496 -759712.397747 0.000000 -2.863695 0.220505
33396 -759712.394983 0.000000 -2.860931 0.223269
38139 -759712.397651 0.000000 -2.863599 0.220601
37920 -759712.398349 0.000000 -2.864297 0.219903
37954 -759712.425196 0.000000 -2.891144 0.193056
38816 -759712.478333 0.000000 -2.944281 0.139919
38840 -759712.397160 0.000000 -2.863107 0.221093
38746 -759712.395098 0.000000 -2.861046 0.223154
38758 -759712.397863 0.000000 -2.863811 0.220389
38549 -759712.398126 0.000000 -2.864073 0.220127
203 -759712.501330 0.000000 -2.967277 0.116922
1262 -759713.751430 0.000000 -4.217378 -1.133178
1166 -759712.476514 0.000000 -2.942462 0.141738
1190 -759712.463307 0.000000 -2.929254 0.154945
982 -759712.466603 0.000000 -2.932550 0.151649
992 -759712.464840 0.000000 -2.930788 0.153412
729 -759712.463902 0.000000 -2.929849 0.154351
92444 -759713.824095 0.000000 -4.290043 -1.205843
6503 -759712.469793 0.000000 -2.935741 0.148459
6535 -759712.463801 0.000000 -2.929748 0.154451
6331 -759712.467665 0.000000 -2.933613 0.150587
6349 -759712.467913 0.000000 -2.933861 0.150339
6092 -759712.463209 0.000000 -2.929157 0.155043
6098 -759712.501280 0.000000 -2.967228 0.116972
11830 -759713.756204 0.000000 -4.222152 -1.137952
11869 -759712.469949 0.000000 -2.935897 0.148303
11670 -759712.466070 0.000000 -2.932017 0.152183
11696 -759712.467701 0.000000 -2.933649 0.150551
11442 -759712.465249 0.000000 -2.931197 0.153003
11455 -759712.503619 0.000000 -2.969567 0.114633
11717 -759713.753272 0.000000 -4.219219 -1.135019
17195 -759712.476015 0.000000 -2.941962 0.142238
16999 -759712.463952 0.000000 -2.929899 0.154301
17033 -759712.467609 0.000000 -2.933557 0.150643
16784 -759712.467747 0.000000 -2.933695 0.150505
16805 -759712.461486 0.000000 -2.927434 0.156766
16557 -759712.671316 0.000000 -3.137263 -0.053064
17082 -759712.509789 0.000000 -2.975736 0.108463
22325 -759712.473042 0.000000 -2.938990 0.145210
22364 -759712.467456 0.000000 -2.933403 0.150796
22119 -759712.467847 0.000000 -2.933795 0.150405
22148 -759712.463284 0.000000 -2.929232 0.154968
21910 -759712.501347 0.000000 -2.967295 0.116905
22652 -759713.751178 0.000000 -4.217126 -1.132926
22776 -759712.476027 0.000000 -2.941974 0.142226
22782 -759712.463930 0.000000 -2.929877 0.154322
27451 -759712.467570 0.000000 -2.933517 0.150683
27488 -759712.467685 0.000000 -2.933633 0.150567
27259 -759712.461282 0.000000 -2.927230 0.156970
27279 -759712.670241 0.000000 -3.136189 -0.051989
28135 -759712.503517 0.000000 -2.969465 0.114735
28148 -759712.464155 0.000000 -2.930103 0.154097
28040 -759712.467763 0.000000 -2.933711 0.150489
32816 -759712.467969 0.000000 -2.933916 0.150283
32592 -759712.463222 0.000000 -2.929169 0.155030
32625 -759712.501350 0.000000 -2.967298 0.116902
33478 -759713.750895 0.000000 -4.216843 -1.132643
33499 -759712.476048 0.000000 -2.941996 0.142204
33395 -759712.464001 0.000000 -2.929948 0.154252
33403 -759712.467424 0.000000 -2.933372 0.150828
37919 -759712.467522 0.000000 -2.933470 0.150730
37957 -759712.458637 0.000000 -2.924585 0.159615
37773 -759713.825364 0.000000 -4.291312 -1.207112
38843 -759712.469415 0.000000 -2.935363 0.148837
38745 -759712.463791 0.000000 -2.929739 0.154461
38761 -759712.467651 0.000000 -2.933599 0.150601
38548 -759712.467933 0.000000 -2.933881 0.150319
43281 -759712.463200 0.000000 -2.929148 0.155052
185 -759712.741271 0.000000 -3.207219 -0.123019
1236 -759714.754049 0.000000 -5.219996 -2.135797
1138 -759712.721185 0.000000 -3.187132 -0.102933
1165 -759712.697622 0.000000 -3.163570 -0.079370
966 -759712.701835 0.000000 -3.167783 -0.083583
981 -759712.699403 0.000000 -3.165351 -0.081151
725 -759712.729156 0.000000 -3.195104 -0.110904
5555 -759712.899469 0.000000 -3.365417 -0.281217
6468 -759712.781806 0.000000 -3.247754 -0.163554
6502 -759712.697794 0.000000 -3.163742 -0.079542
6307 -759712.701577 0.000000 -3.167525 -0.083325
6330 -759712.702366 0.000000 -3.168314 -0.084114
6081 -759712.698698 0.000000 -3.164646 -0.080446
6091 -759712.741212 0.000000 -3.207159 -0.122960
5996 -759714.753223 0.000000 -5.219170 -2.134970
11829 -759712.722544 0.000000 -3.188492 -0.104292
11638 -759712.701965 0.000000 -3.167912 -0.083713
11669 -759712.702584 0.000000 -3.168532 -0.084332
11423 -759712.700963 0.000000 -3.166910 -0.082711
11441 -759712.729044 0.000000 -3.194992 -0.110792
11195 -759713.902141 0.000000 -4.368088 -1.283889
11729 -759712.721050 0.000000 -3.186998 -0.102798
16961 -759712.697886 0.000000 -3.163834 -0.079634
16998 -759712.701571 0.000000 -3.167519 -0.083319
16757 -759712.702251 0.000000 -3.168199 -0.083999
16783 -759712.698326 0.000000 -3.164273 -0.080073
16550 -759712.731685 0.000000 -3.197633 -0.113433
17303 -759715.670382 0.000000 -6.136329 -3.052129
17418 -759712.700426 0.000000 -3.166374 -0.082174
22324 -759712.701930 0.000000 -3.167878 -0.083678
22084 -759712.702046 0.000000 -3.167994 -0.083794
22118 -759712.699125 0.000000 -3.165073 -0.080873
21894 -759712.741116 0.000000 -3.207063 -0.122864
108630 -759713.902281 0.000000 -4.368229 -1.284029
22768 -759712.721030 0.000000 -3.186977 -0.102778
22775 -759712.697903 0.000000 -3.163850 -0.079651
27411 -759712.701576 0.000000 -3.167524 -0.083324
27450 -759712.702236 0.000000 -3.168184 -0.083984
27230 -759712.698241 0.000000 -3.164188 -0.079988
27258 -759712.731811 0.000000 -3.197759 -0.113559
28119 -759715.671474 0.000000 -6.137422 -3.053222
28134 -759712.693285 0.000000 -3.159233 -0.075033
28035 -759712.701973 0.000000 -3.167920 -0.083720
28039 -759712.702528 0.000000 -3.168476 -0.084276
32556 -759712.698762 0.000000 -3.164710 -0.080510
32591 -759712.741278 0.000000 -3.207226 -0.123026
33454 -759714.754241 0.000000 -5.220189 -2.135989
33477 -759712.721066 0.000000 -3.187013 -0.102814
33383 -759712.697943 0.000000 -3.163891 -0.079691
33394 -759712.701508 0.000000 -3.167455 -0.083256
33185 -759712.702232 0.000000 -3.168180 -0.083980
37918 -759712.696783 0.000000 -3.162731 -0.078531
37764 -759712.909818 0.000000 -3.375765 -0.291565
38815 -759712.781092 0.000000 -3.247040 -0.162840
38725 -759712.697863 0.000000 -3.163811 -0.079611
38744 -759712.701605 0.000000 -3.167553 -0.083353
38540 -759712.702396 0.000000 -3.168343 -0.084143
38547 -759712.698715 0.000000 -3.164663 -0.080463
624 -759715.366523 0.000000 -5.832471 -2.748271
400 -759715.369056 0.000000 -5.835004 -2.750804
432 -759715.515344 0.000000 -5.981292 -2.897092
1288 -759713.806111 0.000000 -4.272059 -1.187859
1308 -759715.742270 0.000000 -6.208218 -3.124018
1204 -759715.361430 0.000000 -5.827377 -2.743178
1212 -759715.365497 0.000000 -5.831445 -2.747245
5732 -759715.366148 0.000000 -5.832096 -2.747896
5770 -759715.494075 0.000000 -5.960023 -2.875823
5586 -759715.349495 0.000000 -5.815443 -2.731243
6655 -759715.741012 0.000000 -6.206960 -3.122760
6557 -759715.358296 0.000000 -5.824244 -2.740044
6573 -759715.367299 0.000000 -5.833247 -2.749047
6359 -759715.366585 0.000000 -5.832532 -2.748333
6364 -759715.369102 0.000000 -5.835049 -2.750850
10938 -759715.568506 0.000000 -6.034454 -2.950254
11994 -759713.638767 0.000000 -4.104715 -1.020515
11899 -759715.337863 0.000000 -5.803811 -2.719611
11923 -759715.363580 0.000000 -5.829527 -2.745327
11714 -759715.366106 0.000000 -5.832054 -2.747854
11725 -759715.369634 0.000000 -5.835581 -2.751382
11462 -759715.515646 0.000000 -5.981594 -2.897394
103173 -759715.347741 0.000000 -5.813689 -2.729489
17232 -759715.741454 0.000000 -6.207401 -3.123202
17264 -759715.358366 0.000000 -5.824314 -2.740114
17059 -759715.367193 0.000000 -5.833140 -2.748941
17078 -759715.366303 0.000000 -5.832250 -2.748050
16819 -759715.414441 0.000000 -5.880389 -2.796189
16825 -759715.754268 0.000000 -6.220215 -3.136016
22559 -759713.592905 0.000000 -4.058852 -0.974652
22597 -759715.342145 0.000000 -5.808092 -2.723893
22398 -759715.367720 0.000000 -5.833667 -2.749467
22425 -759715.366693 0.000000 -5.832641 -2.748441
22170 -759715.369147 0.000000 -5.835094 -2.750895
22183 -759715.515404 0.000000 -5.981351 -2.897152
22192 -759713.807127 0.000000 -4.273075 -1.188875
27928 -759715.741520 0.000000 -6.207468 -3.123268
27734 -759715.358298 0.000000 -5.824246 -2.740046
27769 -759715.367094 0.000000 -5.833042 -2.748842
27518 -759715.366112 0.000000 -5.832060 -2.747860
27539 -759715.414525 0.000000 -5.880473 -2.796273
27288 -759715.359756 0.000000 -5.825704 -2.741504
27560 -759715.740179 0.000000 -6.206127 -3.121927
28153 -759715.358540 0.000000 -5.824488 -2.740288
33097 -759715.367299 0.000000 -5.833247 -2.749047
32853 -759715.366523 0.000000 -5.832470 -2.748271
32882 -759715.369057 0.000000 -5.835004 -2.750805
32645 -759715.515373 0.000000 -5.981320 -2.897120
33513 -759713.807135 0.000000 -4.273082 -1.188883
33510 -759715.741542 0.000000 -6.207490 -3.123290
33515 -759715.358322 0.000000 -5.824270 -2.740070
38181 -759715.366935 0.000000 -5.832883 -2.748683
38218 -759715.365368 0.000000 -5.831316 -2.747116
37990 -759715.493909 0.000000 -5.959857 -2.875657
38009 -759715.349340 0.000000 -5.815288 -2.731088
38862 -759715.741148 0.000000 -6.207096 -3.122896
38874 -759715.358290 0.000000 -5.824237 -2.740038
38768 -759715.367254 0.000000 -5.833201 -2.749002
866 -759715.372003 0.000000 -5.837951 -2.753751
903 -759715.385039 0.000000 -5.850986 -2.766787
662 -759715.384786 0.000000 -5.850734 -2.766534
688 -759715.382005 0.000000 -5.847953 -2.763753
453 -759715.566282 0.000000 -6.032230 -2.948030
1312 -759713.657158 0.000000 -4.123106 -1.038906
1322 -759715.354365 0.000000 -5.820312 -2.736113
6231 -759715.380832 0.000000 -5.846780 -2.762580
5994 -759715.384145 0.000000 -5.850093 -2.765893
6028 -759715.382699 0.000000 -5.848647 -2.764447
5805 -759715.513389 0.000000 -5.979336 -2.895136
6699 -759713.806853 0.000000 -4.272801 -1.188601
6677 -759715.757598 0.000000 -6.223546 -3.139346
6684 -759715.372113 0.000000 -5.838060 -2.753861
11315 -759715.385001 0.000000 -5.850949 -2.766749
11354 -759715.384360 0.000000 -5.850308 -2.766108
11136 -759715.427628 0.000000 -5.893576 -2.809376
11164 -759715.753366 0.000000 -6.219314 -3.135114
12023 -759713.645527 0.000000 -4.111475 -1.027275
12038 -759715.355412 0.000000 -5.821360 -2.737160
11939 -759715.385389 0.000000 -5.851336 -2.767137
11943 -759715.384933 0.000000 -5.850881 -2.766681
16460 -759715.382066 0.000000 -5.848013 -2.763814
16495 -759715.513139 0.000000 -5.979087 -2.894887
17360 -759713.806742 0.000000 -4.272690 -1.188490
17383 -759715.757860 0.000000 -6.223807 -3.139608
17288 -759715.375806 0.000000 -5.841753 -2.757553
17299 -759715.383582 0.000000 -5.849529 -2.765330
17089 -759715.382243 0.000000 -5.848190 -2.763990
21820 -759715.427861 0.000000 -5.893809 -2.809609
21668 -759715.359558 0.000000 -5.825505 -2.741305
22719 -759715.755068 0.000000 -6.221016 -3.136816
22629 -759715.371850 0.000000 -5.837798 -2.753598
22648 -759715.384994 0.000000 -5.850941 -2.766742
22444 -759715.384757 0.000000 -5.850705 -2.766505
22451 -759715.381964 0.000000 -5.847911 -2.763712
27014 -759715.513141 0.000000 -5.979088 -2.894888
28065 -759713.806926 0.000000 -4.272873 -1.188674
27967 -759715.757777 0.000000 -6.223725 -3.139525
27994 -759715.375600 0.000000 -5.841548 -2.757348
27796 -759715.383687 0.000000 -5.849635 -2.765435
27811 -759715.382984 0.000000 -5.848931 -2.764731
27554 -759715.513407 0.000000 -5.979355 -2.895155
32378 -759715.348315 0.000000 -5.814262 -2.730063
33292 -759715.757541 0.000000 -6.223489 -3.139289
33326 -759715.371961 0.000000 -5.837909 -2.753709
33132 -759715.384965 0.000000 -5.850913 -2.766713
33155 -759715.384726 0.000000 -5.850673 -2.766474
32905 -759715.381959 0.000000 -5.847907 -2.763707
32915 -759715.513096 0.000000 -5.979044 -2.894844
32886 -759713.806683 0.000000 -4.272630 -1.188430
38653 -759715.758856 0.000000 -6.224804 -3.140604
38463 -759715.378862 0.000000 -5.844810 -2.760610
38494 -759715.383928 0.000000 -5.849876 -2.765676
38249 -759715.382682 0.000000 -5.848630 -2.764430
38267 -759715.513336 0.000000 -5.979284 -2.895084
38019 -759715.348403 0.000000 -5.814351 -2.730151
38251 -759715.757533 0.000000 -6.223481 -3.139281
1237 -759713.935326 0.000000 -4.401274 -1.317074
1137 -759716.213716 0.000000 -6.679664 -3.595464
1168 -759715.343043 0.000000 -5.808991 -2.724791
965 -759715.375658 0.000000 -5.841606 -2.757406
984 -759715.374585 0.000000 -5.840533 -2.756333
724 -759715.419656 0.000000 -5.885604 -2.801404
730 -759715.752015 0.000000 -6.217962 -3.133763
6467 -759713.721418 0.000000 -4.187366 -1.103166
6505 -759715.323300 0.000000 -5.789248 -2.705048
6306 -759715.375859 0.000000 -5.841807 -2.757607
6333 -759715.375066 0.000000 -5.841014 -2.756814
6080 -759715.373411 0.000000 -5.839358 -2.755159
6094 -759715.504906 0.000000 -5.970854 -2.886654
6032 -759713.934773 0.000000 -4.400720 -1.316521
11832 -759716.213689 0.000000 -6.679637 -3.595437
11637 -759715.344238 0.000000 -5.810185 -2.725985
11672 -759715.374747 0.000000 -5.840695 -2.756495
11422 -759715.372165 0.000000 -5.838112 -2.753913
11444 -759715.419907 0.000000 -5.885854 -2.801654
11194 -759715.342236 0.000000 -5.808183 -2.723983
11464 -759716.211316 0.000000 -6.677264 -3.593064
12057 -759715.342908 0.000000 -5.808856 -2.724656
17001 -759715.375663 0.000000 -5.841611 -2.757411
16756 -759715.374997 0.000000 -5.840944 -2.756745
16786 -759715.373425 0.000000 -5.839373 -2.755173
16549 -759715.505063 0.000000 -5.971010 -2.886811
17290 -759713.920608 0.000000 -4.386555 -1.302356
17417 -759715.757864 0.000000 -6.223812 -3.139612
17421 -759715.371653 0.000000 -5.837601 -2.753401
22083 -759715.374465 0.000000 -5.840412 -2.756212
22121 -759715.372995 0.000000 -5.838942 -2.754743
21893 -759715.505997 0.000000 -5.971945 -2.887745
21912 -759715.330947 0.000000 -5.796894 -2.712694
22767 -759716.213496 0.000000 -6.679444 -3.595244
22778 -759715.342870 0.000000 -5.808818 -2.724618
22673 -759715.375591 0.000000 -5.841539 -2.757339
27453 -759715.374939 0.000000 -5.840886 -2.756687
27229 -759715.373454 0.000000 -5.839401 -2.755201
27261 -759715.505218 0.000000 -5.971166 -2.886966
28118 -759713.920993 0.000000 -4.386940 -1.302740
28137 -759715.758823 0.000000 -6.224771 -3.140571
28034 -759715.373908 0.000000 -5.839855 -2.755656
28041 -759715.375173 0.000000 -5.841121 -2.756921
32555 -759715.373424 0.000000 -5.839372 -2.755172
32594 -759715.504955 0.000000 -5.970903 -2.886703
32409 -759715.330921 0.000000 -5.796869 -2.712669
33480 -759716.213695 0.000000 -6.679643 -3.595443
33382 -759715.342892 0.000000 -5.808840 -2.724640
33397 -759715.375613 0.000000 -5.841561 -2.757361
33184 -759715.375016 0.000000 -5.840964 -2.756764
33188 -759715.373489 0.000000 -5.839437 -2.755237
37763 -759715.558047 0.000000 -6.023994 -2.939795
38817 -759713.772646 0.000000 -4.238594 -1.154394
38724 -759715.323894 0.000000 -5.789842 -2.705642
38747 -759715.375818 0.000000 -5.841765 -2.757566
38539 -759715.375050 0.000000 -5.840998 -2.756798
38550 -759715.373390 0.000000 -5.839338 -2.755138
38288 -759715.504927 0.000000 -5.970875 -2.886675
363 -759713.762421 0.000000 -4.228368 -1.144169
399 -759715.152861 0.000000 -5.618809 -2.534609
1264 -759714.385079 0.000000 -4.851026 -1.766826
1287 -759713.874160 0.000000 -4.340108 -1.255908
1193 -759713.759526 0.000000 -4.225474 -1.141274
1203 -759713.768789 0.000000 -4.234737 -1.150537
995 -759713.768396 0.000000 -4.234344 -1.150144
5731 -759714.990553 0.000000 -5.456501 -2.372301
5577 -759714.318196 0.000000 -4.784144 -1.699944
6628 -759713.873760 0.000000 -4.339708 -1.255508
6538 -759713.762208 0.000000 -4.228156 -1.143956
6556 -759713.765719 0.000000 -4.231666 -1.147466
6352 -759713.767989 0.000000 -4.233937 -1.149737
6358 -759713.762226 0.000000 -4.228174 -1.143974
10919 -759715.150941 0.000000 -5.616888 -2.532689
11969 -759714.366256 0.000000 -4.832204 -1.748004
11872 -759713.770461 0.000000 -4.236409 -1.152209
11898 -759713.756825 0.000000 -4.222773 -1.138573
11699 -759713.767071 0.000000 -4.233019 -1.148819
11713 -759713.760859 0.000000 -4.226807 -1.142607
11458 -759715.152445 0.000000 -5.618393 -2.534193
11461 -759714.323906 0.000000 -4.789854 -1.705654
17198 -759713.869114 0.000000 -4.335062 -1.250862
17231 -759713.762044 0.000000 -4.227992 -1.143792
17036 -759713.766060 0.000000 -4.232008 -1.147808
17058 -759713.769058 0.000000 -4.235006 -1.150806
16808 -759713.762961 0.000000 -4.228908 -1.144709
16818 -759714.026141 0.000000 -4.492089 -1.407889
16822 -759714.024933 0.000000 -4.490881 -1.406681
22558 -759713.768852 0.000000 -4.234799 -1.150600
22367 -759713.762290 0.000000 -4.228237 -1.144037
22397 -759713.766994 0.000000 -4.232942 -1.148742
22151 -759713.761976 0.000000 -4.227924 -1.143724
22169 -759715.152784 0.000000 -5.618732 -2.534532
21921 -759714.323637 0.000000 -4.789585 -1.705385
22401 -759713.868751 0.000000 -4.334698 -1.250499
27696 -759713.761773 0.000000 -4.227721 -1.143521
27733 -759713.765782 0.000000 -4.231730 -1.147530
27491 -759713.768955 0.000000 -4.234902 -1.150703
27517 -759713.763819 0.000000 -4.229766 -1.145566
27281 -759714.025611 0.000000 -4.491558 -1.407358
27969 -759713.889530 0.000000 -4.355478 -1.271278
28151 -759713.760712 0.000000 -4.226660 -1.142460
33056 -759713.764692 0.000000 -4.230639 -1.146440
32819 -759713.767633 0.000000 -4.233581 -1.149381
32852 -759713.762362 0.000000 -4.228310 -1.144110
32628 -759715.152854 0.000000 -5.618802 -2.534602
33523 -759714.384942 0.000000 -4.850890 -1.766690
33502 -759713.868833 0.000000 -4.334781 -1.250581
33509 -759713.762439 0.000000 -4.228386 -1.144186
33406 -759713.765789 0.000000 -4.231736 -1.147537
38180 -759713.771309 0.000000 -4.237257 -1.153057
37960 -759714.989076 0.000000 -5.455024 -2.370824
37989 -759714.318120 0.000000 -4.784068 -1.699868
38846 -759713.872391 0.000000 -4.338339 -1.254139
38861 -759713.761724 0.000000 -4.227671 -1.143471
38764 -759713.765352 0.000000 -4.231300 -1.147100
38767 -759713.767949 0.000000 -4.233896 -1.149697
906 -759715.158892 0.000000 -5.624840 -2.540640
661 -759715.158594 0.000000 -5.624542 -2.540342
691 -759715.156975 0.000000 -5.622922 -2.538723
452 -759715.220392 0.000000 -5.686339 -2.602139
1291 -759714.477581 0.000000 -4.943529 -1.859329
1321 -759715.134315 0.000000 -5.600262 -2.516063
1325 -759715.154559 0.000000 -5.620507 -2.536307
5993 -759715.157959 0.000000 -5.623907 -2.539707
6031 -759715.156086 0.000000 -5.622033 -2.537833
5804 -759715.221886 0.000000 -5.687834 -2.603634
5823 -759714.322880 0.000000 -4.788828 -1.704628
6676 -759715.560610 0.000000 -6.026558 -2.942358
6687 -759715.147425 0.000000 -5.613372 -2.529173
6581 -759715.159013 0.000000 -5.624960 -2.540761
11357 -759715.158546 0.000000 -5.624494 -2.540294
11135 -759715.141413 0.000000 -5.607360 -2.523161
11167 -759715.939803 0.000000 -6.405750 -3.321550
12022 -759714.140228 0.000000 -4.606175 -1.521976
12041 -759715.147246 0.000000 -5.613193 -2.528994
11938 -759715.159468 0.000000 -5.625416 -2.541216
11945 -759715.158483 0.000000 -5.624431 -2.540231
16459 -759715.156776 0.000000 -5.622723 -2.538524
16498 -759715.222242 0.000000 -5.688190 -2.603990
16314 -759714.322986 0.000000 -4.788933 -1.704734
17386 -759715.560235 0.000000 -6.026183 -2.941983
17287 -759715.150039 0.000000 -5.615987 -2.531787
17302 -759715.158202 0.000000 -5.624149 -2.539950
17088 -759715.156440 0.000000 -5.622387 -2.538188
17092 -759715.147132 0.000000 -5.613079 -2.528879
21667 -759715.922733 0.000000 -6.388681 -3.304481
22721 -759715.610922 0.000000 -6.076869 -2.992670
22628 -759715.147831 0.000000 -5.613779 -2.529579
22651 -759715.158943 0.000000 -5.624890 -2.540691
22443 -759715.158500 0.000000 -5.624448 -2.540248
22454 -759715.156844 0.000000 -5.622792 -2.538592
22190 -759715.222244 0.000000 -5.688192 -2.603992
28066 -759714.497207 0.000000 -4.963155 -1.878955
27966 -759715.560379 0.000000 -6.026327 -2.942127
27997 -759715.150089 0.000000 -5.616036 -2.531837
27795 -759715.158132 0.000000 -5.624079 -2.539880
27814 -759715.156167 0.000000 -5.622115 -2.537915
27553 -759715.220959 0.000000 -5.686906 -2.602707
27559 -759714.322593 0.000000 -4.788541 -1.704341
33291 -759715.561030 0.000000 -6.026978 -2.942778
33329 -759715.147661 0.000000 -5.613609 -2.529409
33131 -759715.158950 0.000000 -5.624898 -2.540698
33158 -759715.158560 0.000000 -5.624508 -2.540308
32904 -759715.156900 0.000000 -5.622847 -2.538647
32918 -759715.222296 0.000000 -5.688244 -2.604044
32907 -759714.497124 0.000000 -4.963072 -1.878872
38656 -759715.561860 0.000000 -6.027808 -2.943608
38462 -759715.151873 0.000000 -5.617821 -2.533621
38497 -759715.158318 0.000000 -5.624266 -2.540066
38248 -759715.156225 0.000000 -5.622173 -2.537973
38270 -759715.221907 0.000000 -5.687855 -2.603655
38018 -759714.322860 0.000000 -4.788808 -1.704608
38184 -759715.560744 0.000000 -6.026692 -2.942492
38880 -759715.147555 0.000000 -5.613503 -2.529303
1102 -759715.963548 0.000000 -6.429496 -3.345296
1136 -759715.104935 0.000000 -5.570883 -2.486683
942 -759715.139007 0.000000 -5.604955 -2.520755
964 -759715.139214 0.000000 -5.605162 -2.520962
713 -759715.121412 0.000000 -5.587360 -2.503160
723 -759715.950253 0.000000 -6.416200 -3.332000
455 -759714.138993 0.000000 -4.604941 -1.520741
6466 -759715.102996 0.000000 -5.568944 -2.484744
6275 -759715.139349 0.000000 -5.605297 -2.521097
6305 -759715.139056 0.000000 -5.605004 -2.520804
6061 -759715.136837 0.000000 -5.602785 -2.518585
6079 -759715.203067 0.000000 -5.669015 -2.584815
5832 -759714.314370 0.000000 -4.780317 -1.696118
6362 -759715.962754 0.000000 -6.428701 -3.344502
11599 -759715.106684 0.000000 -5.572631 -2.488432
11636 -759715.138905 0.000000 -5.604853 -2.520653
11395 -759715.136704 0.000000 -5.602651 -2.518451
11421 -759715.126880 0.000000 -5.592828 -2.508628
11187 -759715.932918 0.000000 -6.398865 -3.314666
11946 -759716.013730 0.000000 -6.479678 -3.395478
12055 -759715.105237 0.000000 -5.571185 -2.486985
16960 -759715.138881 0.000000 -5.604829 -2.520629
16722 -759715.139154 0.000000 -5.605102 -2.520902
16755 -759715.136959 0.000000 -5.602906 -2.518707
16532 -759715.203174 0.000000 -5.669121 -2.584922
17428 -759714.507452 0.000000 -4.973400 -1.889200
17408 -759715.557918 0.000000 -6.023866 -2.939666
17416 -759715.135476 0.000000 -5.601423 -2.517224
17311 -759715.138641 0.000000 -5.604588 -2.520388
22082 -759715.136165 0.000000 -5.602112 -2.517913
21862 -759715.201207 0.000000 -5.667154 -2.582954
21892 -759714.315066 0.000000 -4.781014 -1.696814
22750 -759715.963489 0.000000 -6.429437 -3.345237
22766 -759715.105022 0.000000 -5.570969 -2.486770
22668 -759715.138874 0.000000 -5.604821 -2.520622
22672 -759715.139191 0.000000 -5.605139 -2.520939
27191 -759715.136968 0.000000 -5.602916 -2.518716
27228 -759715.203143 0.000000 -5.669090 -2.584890
28093 -759714.507440 0.000000 -4.973388 -1.889188
28117 -759715.560492 0.000000 -6.026440 -2.942240
28022 -759715.136912 0.000000 -5.602860 -2.518660
28033 -759715.139162 0.000000 -5.605110 -2.520910
27825 -759715.136902 0.000000 -5.602850 -2.518650
32554 -759715.203050 0.000000 -5.668997 -2.584797
32400 -759714.314252 0.000000 -4.780200 -1.696000
33453 -759715.963683 0.000000 -6.429631 -3.345431
33362 -759715.105043 0.000000 -5.570990 -2.486791
33381 -759715.138903 0.000000 -5.604850 -2.520651
33177 -759715.139261 0.000000 -5.605209 -2.521009
33183 -759715.137119 0.000000 -5.603066 -2.518867
37743 -759715.202077 0.000000 -5.668025 -2.583825
38792 -759714.483307 0.000000 -4.949255 -1.865055
38696 -759715.102881 0.000000 -5.568828 -2.484628
38723 -759715.139449 0.000000 -5.605396 -2.521197
38524 -759715.139129 0.000000 -5.605077 -2.520877
38538 -759715.136863 0.000000 -5.602811 -2.518611
38284 -759715.203070 0.000000 -5.669018 -2.584818
38287 -759714.314232 0.000000 -4.780179 -1.695980
1100 -759715.263551 0.000000 -5.729499 -2.645299
205 -759715.458015 0.000000 -5.923963 -2.839763
402 -759714.053047 0.000000 -4.518995 -1.434795
627 -759714.339239 0.000000 -4.805187 -1.720987
1139 -759714.335896 0.000000 -4.801844 -1.717644
206 -759714.896365 0.000000 -5.362313 -2.278113
663 -759715.254614 0.000000 -5.720561 -2.636361
909 -759715.250390 0.000000 -5.716338 -2.632138
1265 -759715.935258 0.000000 -6.401206 -3.317006
215 -759714.717960 0.000000 -5.183908 -2.099708
660 -759714.342774 0.000000 -4.808721 -1.724522
941 -759714.336146 0.000000 -4.802094 -1.717894
1263 -759716.085105 0.000000 -6.551053 -3.466853
434 -759715.250168 0.000000 -5.716116 -2.631916
940 -759715.253934 0.000000 -5.719882 -2.635682
1170 -759715.329668 0.000000 -5.795615 -2.711415
1290 -759714.140446 0.000000 -4.606394 -1.522194
435 -759714.360384 0.000000 -4.826332 -1.742132
967 -759714.338160 0.000000 -4.804108 -1.719908
1171 -759714.461702 0.000000 -4.927650 -1.843450
454 -759715.413948 0.000000 -5.879896 -2.795696
694 -759715.252070 0.000000 -5.718017 -2.633817
1194 -759715.300543 0.000000 -5.766490 -2.682291
1192 -759714.023215 0.000000 -4.489162 -1.404963
87173 -759714.765990 0.000000 -5.231938 -2.147738
712 -759714.337881 0.000000 -4.803828 -1.719629
1191 -759714.461803 0.000000 -4.927751 -1.843551
1310 -759715.676182 0.000000 -6.142130 -3.057930
711 -759715.247566 0.000000 -5.713514 -2.629314
986 -759715.299144 0.000000 -5.765092 -2.680892
1206 -759714.033585 0.000000 -4.499533 -1.415333
1311 -759714.499956 0.000000 -4.965904 -1.881704
726 -759715.789980 0.000000 -6.255927 -3.171727
987 -759714.459666 0.000000 -4.925613 -1.841414
1323 -759715.264582 0.000000 -5.730530 -2.646330
463 -759715.777205 0.000000 -6.243153 -3.158953
996 -759715.296502 0.000000 -5.762449 -2.678250
994 -759714.035658 0.000000 -4.501606 -1.417406
1320 -759714.340353 0.000000 -4.806301 -1.722101
664 -759714.928680 0.000000 -5.394628 -2.310428
993 -759714.480525 0.000000 -4.946472 -1.862273
1214 -759715.253333 0.000000 -5.719281 -2.635081
692 -759715.326668 0.000000 -5.792615 -2.708416
732 -759715.408076 0.000000 -5.874024 -2.789824
997 -759714.037693 0.000000 -4.503641 -1.419441
1215 -759714.335445 0.000000 -4.801392 -1.717193
403 -759714.441009 0.000000 -4.906957 -1.822757
733 -759715.584444 0.000000 -6.050392 -2.966192
5995 -759715.253360 0.000000 -5.719307 -2.635108
6234 -759715.267056 0.000000 -5.733004 -2.648804
92446 -759715.851013 0.000000 -6.316961 -3.232761
5576 -759715.700871 0.000000 -6.166819 -3.082619
5992 -759714.339363 0.000000 -4.805311 -1.721111
6274 -759714.341114 0.000000 -4.807061 -1.722861
6605 -759715.358592 0.000000 -5.824539 -2.740340
5772 -759715.251873 0.000000 -5.717821 -2.633621
6273 -759715.253321 0.000000 -5.719269 -2.635069
6507 -759715.359762 0.000000 -5.825709 -2.741510
6630 -759714.166902 0.000000 -4.632850 -1.548650
5773 -759714.360352 0.000000 -4.826300 -1.742100
6308 -759714.337168 0.000000 -4.803116 -1.718916
6508 -759714.459442 0.000000 -4.925389 -1.841190
5806 -759715.415932 0.000000 -5.881879 -2.797680
6034 -759715.251768 0.000000 -5.717715 -2.633516
6539 -759715.301205 0.000000 -5.767153 -2.682953
6537 -759714.024574 0.000000 -4.490521 -1.406322
5803 -759714.768578 0.000000 -5.234525 -2.150325
6060 -759714.335963 0.000000 -4.801910 -1.717710
6536 -759714.461498 0.000000 -4.927446 -1.843246
6657 -759715.675617 0.000000 -6.141565 -3.057365
6059 -759715.249829 0.000000 -5.715777 -2.631577
6335 -759715.298992 0.000000 -5.764940 -2.680740
6559 -759714.032951 0.000000 -4.498899 -1.414699
6658 -759714.518502 0.000000 -4.984450 -1.900250
6082 -759714.358732 0.000000 -4.824679 -1.740480
6336 -759714.459002 0.000000 -4.924950 -1.840750
6678 -759715.266092 0.000000 -5.732039 -2.647840
5825 -759715.413251 0.000000 -5.879199 -2.794999
6353 -759715.297943 0.000000 -5.763890 -2.679690
6351 -759714.033627 0.000000 -4.499574 -1.415375
6675 -759714.332400 0.000000 -4.798348 -1.714148
5831 -759714.767068 0.000000 -5.233016 -2.148816
6350 -759714.457911 0.000000 -4.923859 -1.839659
6575 -759715.253803 0.000000 -5.719751 -2.635551
6659 -759715.672645 0.000000 -6.138593 -3.054393
6096 -759715.295551 0.000000 -5.761499 -2.677299
6361 -759714.035586 0.000000 -4.501534 -1.417334
6576 -759714.338135 0.000000 -4.804083 -1.719883
5807 -759714.519678 0.000000 -4.985625 -1.901426
6097 -759714.481963 0.000000 -4.947911 -1.863711
6582 -759715.254738 0.000000 -5.720686 -2.636486
6690 -759715.263375 0.000000 -5.729323 -2.645123
6101 -759715.458002 0.000000 -5.923950 -2.839750
6100 -759714.053224 0.000000 -4.519172 -1.434972
6580 -759714.339462 0.000000 -4.805410 -1.721210
6693 -759714.335224 0.000000 -4.801172 -1.716972
6099 -759714.896314 0.000000 -5.362262 -2.278062
6365 -759715.254772 0.000000 -5.720720 -2.636520
6692 -759715.250490 0.000000 -5.716438 -2.632238
5587 -759715.936393 0.000000 -6.402340 -3.318140
97810 -759714.715462 0.000000 -5.181409 -2.097210
11097 -759714.344224 0.000000 -4.810171 -1.725972
11639 -759714.335579 0.000000 -4.801527 -1.717327
11834 -759716.083259 0.000000 -6.549207 -3.465007
11137 -759715.248014 0.000000 -5.713962 -2.629762
11360 -759715.254101 0.000000 -5.720049 -2.635849
11873 -759715.330761 0.000000 -5.796709 -2.712509
11871 -759714.131801 0.000000 -4.597749 -1.513549
11134 -759715.787244 0.000000 -6.253192 -3.168992
11394 -759714.338419 0.000000 -4.804367 -1.720167
11870 -759714.460553 0.000000 -4.926501 -1.842301
10950 -759715.778154 0.000000 -6.244101 -3.159902
11393 -759715.250387 0.000000 -5.716335 -2.632135
11674 -759715.300370 0.000000 -5.766317 -2.682118
11901 -759714.031466 0.000000 -4.497414 -1.413214
11996 -759714.924501 0.000000 -5.390449 -2.306249
11424 -759714.355515 0.000000 -4.821463 -1.737263
11675 -759714.459609 0.000000 -4.925557 -1.841357
12024 -759715.327255 0.000000 -5.793203 -2.709003
11170 -759715.362184 0.000000 -5.828131 -2.743932
11700 -759715.296838 0.000000 -5.762786 -2.678586
11698 -759714.031339 0.000000 -4.497287 -1.413087
12021 -759714.439003 0.000000 -4.904951 -1.820751
11186 -759715.787923 0.000000 -6.253870 -3.169671
11697 -759714.455357 0.000000 -4.921304 -1.837104
11925 -759715.267580 0.000000 -5.733528 -2.649328
97905 -759715.809009 0.000000 -6.274957 -3.190757
11446 -759715.297340 0.000000 -5.763287 -2.679088
11716 -759714.033031 0.000000 -4.498979 -1.414779
11926 -759714.342697 0.000000 -4.808644 -1.724445
11941 -759714.896909 0.000000 -5.362856 -2.278657
11447 -759714.477614 0.000000 -4.943561 -1.859362
11940 -759715.254164 0.000000 -5.720111 -2.635911
12044 -759715.285088 0.000000 -5.751035 -2.666835
11459 -759715.441345 0.000000 -5.907292 -2.823092
11457 -759714.052692 0.000000 -4.518640 -1.434440
11937 -759714.338632 0.000000 -4.804580 -1.720380
12054 -759714.333277 0.000000 -4.799224 -1.715025
11456 -759714.897984 0.000000 -5.363932 -2.279732
11727 -759715.254340 0.000000 -5.720287 -2.636087
12053 -759715.250927 0.000000 -5.716874 -2.632674
11168 -759715.933173 0.000000 -6.399121 -3.314921
11463 -759714.718264 0.000000 -5.184212 -2.100012
11728 -759714.342425 0.000000 -4.808372 -1.724173
12058 -759714.335815 0.000000 -4.801763 -1.717563
11138 -759716.081929 0.000000 -6.547876 -3.463676
11730 -759715.250264 0.000000 -5.716212 -2.632012
11948 -759715.253941 0.000000 -5.719889 -2.635689
10940 -759715.329487 0.000000 -5.795434 -2.711235
17197 -759714.140311 0.000000 -4.606258 -1.522058
16458 -759714.360439 0.000000 -4.826387 -1.742187
16721 -759714.337848 0.000000 -4.803796 -1.719596
17196 -759714.461487 0.000000 -4.927434 -1.843235
16304 -759715.413901 0.000000 -5.879848 -2.795649
16720 -759715.252019 0.000000 -5.717967 -2.633767
17003 -759715.300331 0.000000 -5.766278 -2.682079
17234 -759714.024136 0.000000 -4.490084 -1.405884
16305 -759714.768433 0.000000 -5.234381 -2.150181
16758 -759714.336664 0.000000 -4.802612 -1.718412
17004 -759714.461574 0.000000 -4.927522 -1.843322
17361 -759715.676015 0.000000 -6.141963 -3.057763
16501 -759715.249754 0.000000 -5.715701 -2.631501
17037 -759715.298878 0.000000 -5.764826 -2.680626
17035 -759714.032952 0.000000 -4.498899 -1.414700
17359 -759714.518416 0.000000 -4.984363 -1.900163
16531 -759714.358995 0.000000 -4.824942 -1.740743
17034 -759714.459329 0.000000 -4.925276 -1.841077
17266 -759715.266178 0.000000 -5.732126 -2.647926
16530 -759715.413511 0.000000 -5.879459 -2.795259
16788 -759715.297934 0.000000 -5.763882 -2.679682
17061 -759714.033805 0.000000 -4.499753 -1.415553
17267 -759714.332212 0.000000 -4.798159 -1.713959
16551 -759714.766975 0.000000 -5.232923 -2.148723
16789 -759714.459029 0.000000 -4.924977 -1.840777
17289 -759715.253852 0.000000 -5.719800 -2.635600
17389 -759715.672635 0.000000 -6.138582 -3.054383
16809 -759715.295927 0.000000 -5.761875 -2.677675
16807 -759714.036196 0.000000 -4.502144 -1.417944
17286 -759714.337250 0.000000 -4.803198 -1.718998
17407 -759714.521739 0.000000 -4.987687 -1.903487
16806 -759714.491231 0.000000 -4.957179 -1.872979
17080 -759715.254809 0.000000 -5.720756 -2.636557
17406 -759715.266996 0.000000 -5.732944 -2.648744
16559 -759715.485514 0.000000 -5.951461 -2.867262
16821 -759714.086819 0.000000 -4.552766 -1.468567
17081 -759714.339867 0.000000 -4.805815 -1.721615
17419 -759714.333884 0.000000 -4.799832 -1.715632
16560 -759715.355599 0.000000 -5.821547 -2.737347
17090 -759715.253645 0.000000 -5.719592 -2.635392
17305 -759715.253355 0.000000 -5.719302 -2.635102
16499 -759715.679721 0.000000 -6.145669 -3.061469
16828 -759714.514486 0.000000 -4.980433 -1.896234
17087 -759714.363043 0.000000 -4.828991 -1.744791
17310 -759714.335302 0.000000 -4.801250 -1.717050
17062 -759714.547659 0.000000 -5.013606 -1.929407
16827 -759715.360374 0.000000 -5.826322 -2.742122
17309 -759715.251567 0.000000 -5.717514 -2.633315
17423 -759715.301901 0.000000 -5.767849 -2.683649
16461 -759714.115872 0.000000 -4.581820 -1.497620
21647 -759715.784905 0.000000 -6.250852 -3.166653
22085 -759714.334152 0.000000 -4.800100 -1.715900
22327 -759714.456272 0.000000 -4.922219 -1.838020
108537 -759715.810805 0.000000 -6.276753 -3.192553
21823 -759715.251000 0.000000 -5.716948 -2.632748
22368 -759715.300960 0.000000 -5.766908 -2.682708
22366 -759714.032726 0.000000 -4.498673 -1.414474
22696 -759714.893800 0.000000 -5.359748 -2.275548
21861 -759714.352383 0.000000 -4.818331 -1.734131
22365 -759714.459229 0.000000 -4.925177 -1.840977
22599 -759715.288339 0.000000 -5.754286 -2.670087
21860 -759715.395623 0.000000 -5.861571 -2.777371
22123 -759715.297315 0.000000 -5.763263 -2.679063
22400 -759714.033354 0.000000 -4.499302 -1.415102
22600 -759714.329752 0.000000 -4.795700 -1.711500
21895 -759714.768011 0.000000 -5.233959 -2.149759
22124 -759714.456755 0.000000 -4.922703 -1.838503
22630 -759715.254193 0.000000 -5.720141 -2.635941
22723 -759715.670035 0.000000 -6.135982 -3.051783
22152 -759715.296092 0.000000 -5.762039 -2.677840
22150 -759714.034839 0.000000 -4.500787 -1.416587
22627 -759714.337651 0.000000 -4.803599 -1.719399
22749 -759714.518842 0.000000 -4.984790 -1.900590
22149 -759714.482435 0.000000 -4.948382 -1.864182
22427 -759715.254730 0.000000 -5.720678 -2.636478
22748 -759715.263319 0.000000 -5.729267 -2.645067
21913 -759715.457925 0.000000 -5.923873 -2.839673
22172 -759714.053232 0.000000 -4.519180 -1.434980
22428 -759714.339089 0.000000 -4.805036 -1.720837
22769 -759714.335507 0.000000 -4.801455 -1.717255
21914 -759714.896413 0.000000 -5.362361 -2.278161
22445 -759715.254745 0.000000 -5.720693 -2.636493
22654 -759715.250460 0.000000 -5.716408 -2.632208
22601 -759715.934823 0.000000 -6.400771 -3.316571
21920 -759714.717997 0.000000 -5.183944 -2.099745
22442 -759714.343002 0.000000 -4.808950 -1.724750
22667 -759714.336147 0.000000 -4.802095 -1.717895
22631 -759716.084712 0.000000 -6.550660 -3.466460
22185 -759715.250233 0.000000 -5.716181 -2.631981
22666 -759715.253905 0.000000 -5.719853 -2.635653
22780 -759715.329724 0.000000 -5.795671 -2.711471
22173 -759714.140725 0.000000 -4.606672 -1.522473
22186 -759714.360384 0.000000 -4.826332 -1.742132
22674 -759714.338137 0.000000 -4.804085 -1.719885
22781 -759714.461696 0.000000 -4.927644 -1.843444
22191 -759715.413967 0.000000 -5.879915 -2.795715
22457 -759715.251952 0.000000 -5.717900 -2.633700
22785 -759715.300290 0.000000 -5.766238 -2.682038
22784 -759714.024247 0.000000 -4.490194 -1.405995
22189 -759714.768424 0.000000 -5.234371 -2.150172
22458 -759714.336752 0.000000 -4.802699 -1.718499
22783 -759714.461663 0.000000 -4.927610 -1.843410
27930 -759715.676118 0.000000 -6.142066 -3.057866
27190 -759715.249779 0.000000 -5.715726 -2.631527
27455 -759715.298839 0.000000 -5.764787 -2.680587
27736 -759714.033083 0.000000 -4.499031 -1.414831
27931 -759714.518286 0.000000 -4.984234 -1.900034
27231 -759714.359150 0.000000 -4.825097 -1.740898
27456 -759714.459426 0.000000 -4.925374 -1.841174
27968 -759715.266167 0.000000 -5.732114 -2.647915
27035 -759715.413532 0.000000 -5.879480 -2.795280
27492 -759715.297962 0.000000 -5.763909 -2.679710
27490 -759714.033982 0.000000 -4.499930 -1.415730
27965 -759714.332093 0.000000 -4.798041 -1.713841
27044 -759714.766941 0.000000 -5.232889 -2.148689
27489 -759714.459407 0.000000 -4.925355 -1.841155
27771 -759715.253786 0.000000 -5.719733 -2.635534
28092 -759715.672646 0.000000 -6.138594 -3.054394
27263 -759715.296102 0.000000 -5.762049 -2.677849
27520 -759714.036523 0.000000 -4.502471 -1.418271
27772 -759714.337196 0.000000 -4.803144 -1.718944
28120 -759714.521054 0.000000 -4.987001 -1.902802
27264 -759714.492077 0.000000 -4.958025 -1.873825
27797 -759715.254781 0.000000 -5.720729 -2.636529
28000 -759715.266634 0.000000 -5.732581 -2.648382
27282 -759715.485627 0.000000 -5.951575 -2.867375
27280 -759714.087930 0.000000 -4.553878 -1.469678
27794 -759714.339776 0.000000 -4.805724 -1.721524
28021 -759714.333715 0.000000 -4.799662 -1.715463
114001 -759715.356045 0.000000 -5.821992 -2.737793
27541 -759715.253322 0.000000 -5.719270 -2.635070
28020 -759715.253815 0.000000 -5.719762 -2.635563
28139 -759715.679813 0.000000 -6.145760 -3.061561
27815 -759714.488442 0.000000 -4.954390 -1.870190
27542 -759714.360213 0.000000 -4.826161 -1.741961
28036 -759714.338435 0.000000 -4.804383 -1.720183
28140 -759714.521091 0.000000 -4.987038 -1.902838
27555 -759715.393090 0.000000 -5.859038 -2.774838
27817 -759715.251621 0.000000 -5.717569 -2.633369
28152 -759715.297640 0.000000 -5.763588 -2.679388
28150 -759714.023633 0.000000 -4.489581 -1.405381
27552 -759714.768639 0.000000 -5.234587 -2.150387
27824 -759714.336422 0.000000 -4.802370 -1.718170
28149 -759714.460519 0.000000 -4.926467 -1.842267
27543 -759715.671879 0.000000 -6.137827 -3.053627
27823 -759715.249737 0.000000 -5.715685 -2.631485
28043 -759715.298542 0.000000 -5.764490 -2.680290
28154 -759714.032401 0.000000 -4.498349 -1.414149
27521 -759714.514878 0.000000 -4.980826 -1.896626
27827 -759714.358872 0.000000 -4.824820 -1.740620
28044 -759714.458675 0.000000 -4.924623 -1.840423
27290 -759715.266509 0.000000 -5.732456 -2.648256
27562 -759715.413196 0.000000 -5.879144 -2.794944
28045 -759715.297791 0.000000 -5.763739 -2.679539
32818 -759714.033591 0.000000 -4.499539 -1.415339
33290 -759714.331781 0.000000 -4.797729 -1.713529
32399 -759714.767065 0.000000 -5.233013 -2.148813
32817 -759714.457852 0.000000 -4.923800 -1.839600
33099 -759715.253825 0.000000 -5.719773 -2.635573
33429 -759715.672504 0.000000 -6.138452 -3.054252
32596 -759715.295487 0.000000 -5.761435 -2.677235
32855 -759714.035600 0.000000 -4.501548 -1.417348
33100 -759714.338158 0.000000 -4.804106 -1.719906
33455 -759714.518750 0.000000 -4.984698 -1.900498
32597 -759714.481888 0.000000 -4.947835 -1.863635
33133 -759715.254668 0.000000 -5.720616 -2.636416
33332 -759715.263605 0.000000 -5.729553 -2.645353
32629 -759715.458010 0.000000 -5.923958 -2.839758
32627 -759714.053030 0.000000 -4.518978 -1.434778
33130 -759714.339329 0.000000 -4.805276 -1.721076
33361 -759714.335734 0.000000 -4.801682 -1.717482
32626 -759714.896382 0.000000 -5.362330 -2.278130
32884 -759715.254618 0.000000 -5.720565 -2.636366
33360 -759715.250416 0.000000 -5.716363 -2.632163
33482 -759715.934885 0.000000 -6.400832 -3.316633
32647 -759714.717946 0.000000 -5.183894 -2.099694
32885 -759714.342838 0.000000 -4.808786 -1.724586
33384 -759714.336235 0.000000 -4.802182 -1.717983
33483 -759716.085033 0.000000 -6.550981 -3.466781
32906 -759715.250216 0.000000 -5.716163 -2.631963
33161 -759715.253840 0.000000 -5.719788 -2.635588
33503 -759715.329796 0.000000 -5.795744 -2.711544
33501 -759714.140774 0.000000 -4.606722 -1.522522
32903 -759714.360194 0.000000 -4.826142 -1.741942
33176 -759714.338014 0.000000 -4.803962 -1.719762
33500 -759714.461809 0.000000 -4.927757 -1.843557
32655 -759715.413901 0.000000 -5.879848 -2.795649
33175 -759715.251939 0.000000 -5.717887 -2.633687
33399 -759715.300276 0.000000 -5.766224 -2.682024
33512 -759714.024370 0.000000 -4.490318 -1.406118
32656 -759714.768459 0.000000 -5.234407 -2.150207
33186 -759714.336569 0.000000 -4.802517 -1.718317
33400 -759714.461658 0.000000 -4.927606 -1.843406
32856 -759715.676134 0.000000 -6.142082 -3.057882
32921 -759715.249737 0.000000 -5.715685 -2.631485
33407 -759715.298923 0.000000 -5.764871 -2.680671
33405 -759714.032948 0.000000 -4.498896 -1.414696
32919 -759714.518430 0.000000 -4.984377 -1.900177
32924 -759714.358686 0.000000 -4.824634 -1.740434
33404 -759714.459711 0.000000 -4.925659 -1.841459
33517 -759715.265859 0.000000 -5.731807 -2.647607
32923 -759715.412865 0.000000 -5.878812 -2.794612
33190 -759715.298152 0.000000 -5.764100 -2.679900
38183 -759714.034219 0.000000 -4.500167 -1.415967
38424 -759714.331457 0.000000 -4.797405 -1.713205
124633 -759714.765404 0.000000 -5.231351 -2.147152
37921 -759714.460483 0.000000 -4.926431 -1.842231
38464 -759715.254215 0.000000 -5.720163 -2.635963
38658 -759715.672750 0.000000 -6.138698 -3.054498
37961 -759715.294314 0.000000 -5.760262 -2.676062
37959 -759714.035018 0.000000 -4.500966 -1.416766
38461 -759714.338205 0.000000 -4.804153 -1.719953
38695 -759714.500831 0.000000 -4.966779 -1.882579
37958 -759715.590498 0.000000 -6.056445 -2.972246
38220 -759715.254510 0.000000 -5.720457 -2.636258
38694 -759715.264398 0.000000 -5.730346 -2.646146
37774 -759715.821648 0.000000 -6.287596 -3.203396
37992 -759715.717210 0.000000 -6.183158 -3.098958
38221 -759714.340348 0.000000 -4.806296 -1.722096
38726 -759714.341423 0.000000 -4.807371 -1.723171
38819 -759715.356369 0.000000 -5.822316 -2.738117
38250 -759715.252601 0.000000 -5.718549 -2.634349
38500 -759715.252912 0.000000 -5.718860 -2.634660
38847 -759715.361315 0.000000 -5.827262 -2.743063
38845 -759714.168111 0.000000 -4.634058 -1.549858
38247 -759714.360844 0.000000 -4.826791 -1.742592
38523 -759714.337183 0.000000 -4.803131 -1.718931
38844 -759714.459709 0.000000 -4.925657 -1.841457
38010 -759715.415636 0.000000 -5.881583 -2.797384
38522 -759715.251710 0.000000 -5.717658 -2.633458
38749 -759715.301234 0.000000 -5.767181 -2.682982
38864 -759714.024507 0.000000 -4.490454 -1.406254
38011 -759714.768539 0.000000 -5.234487 -2.150287
38541 -759714.336072 0.000000 -4.802019 -1.717820
38750 -759714.461436 0.000000 -4.927384 -1.843184
38498 -759715.675642 0.000000 -6.141590 -3.057390
38273 -759715.249763 0.000000 -5.715711 -2.631511
38765 -759715.298971 0.000000 -5.764919 -2.680719
38763 -759714.032955 0.000000 -4.498902 -1.414702
38657 -759714.518121 0.000000 -4.984068 -1.899868
38283 -759714.358746 0.000000 -4.824694 -1.740494
38762 -759714.459008 0.000000 -4.924956 -1.840756
38876 -759715.266142 0.000000 -5.732089 -2.647890
38282 -759715.413237 0.000000 -5.879184 -2.794985
38552 -759715.297919 0.000000 -5.763866 -2.679666
38769 -759714.033732 0.000000 -4.499679 -1.415480
38877 -759714.332190 0.000000 -4.798138 -1.713938
38289 -759714.767063 0.000000 -5.233011 -2.148811
38553 -759714.457935 0.000000 -4.923883 -1.839683
38881 -759715.253824 0.000000 -5.719771 -2.635571
38012 -759715.672650 0.000000 -6.138597 -3.054397
38555 -759715.295559 0.000000 -5.761506 -2.677307
38554 -759714.035603 0.000000 -4.501551 -1.417351
43785 -759714.338300 0.000000 -4.804248 -1.720048
44021 -759714.519241 0.000000 -4.985189 -1.900989
43282 -759714.481938 0.000000 -4.947886 -1.863686
43546 -759715.254651 0.000000 -5.720598 -2.636399
1341 -759715.113855 0.000000 -5.579803 -2.495603
1342 -759715.289976 0.000000 -5.755923 -2.671723
1339 -759715.299067 0.000000 -5.765015 -2.680815
1340 -759715.298748 0.000000 -5.764696 -2.680496
1337 -759715.299995 0.000000 -5.765943 -2.681743
1338 -759714.888000 0.000000 -5.353948 -2.269748
1344 -759714.847202 0.000000 -5.313150 -2.228950
6709 -759715.271049 0.000000 -5.736997 -2.652797
6707 -759715.299739 0.000000 -5.765687 -2.681487
6708 -759715.298901 0.000000 -5.764849 -2.680649
6705 -759715.298926 0.000000 -5.764874 -2.680674
6706 -759715.296529 0.000000 -5.762477 -2.678277
92550 -759714.507220 0.000000 -4.973168 -1.888968
6711 -759715.113919 0.000000 -5.579866 -2.495667
12072 -759715.289896 0.000000 -5.755844 -2.671644
12073 -759715.299101 0.000000 -5.765049 -2.680849
12070 -759715.299155 0.000000 -5.765102 -2.680903
12071 -759715.299305 0.000000 -5.765252 -2.681052
12069 -759714.887308 0.000000 -5.353256 -2.269056
12075 -759715.111896 0.000000 -5.577844 -2.493644
12074 -759715.289969 0.000000 -5.755917 -2.671717
17434 -759715.299056 0.000000 -5.765003 -2.680804
17432 -759715.298810 0.000000 -5.764758 -2.680558
17433 -759715.298834 0.000000 -5.764782 -2.680582
17431 -759715.296232 0.000000 -5.762179 -2.677980
17437 -759714.319784 0.000000 -4.785732 -1.701532
17435 -759715.144033 0.000000 -5.609981 -2.525781
17436 -759715.300332 0.000000 -5.766280 -2.682080
22799 -759715.299531 0.000000 -5.765478 -2.681279
22800 -759715.299371 0.000000 -5.765319 -2.681119
22797 -759715.294359 0.000000 -5.760306 -2.676106
22798 -759714.507668 0.000000 -4.973615 -1.889416
22803 -759715.113921 0.000000 -5.579868 -2.495669
22804 -759715.289927 0.000000 -5.755874 -2.671675
22801 -759715.299096 0.000000 -5.765044 -2.680844
22802 -759715.298800 0.000000 -5.764747 -2.680547
28165 -759715.298768 0.000000 -5.764716 -2.680516
28166 -759715.296137 0.000000 -5.762085 -2.677885
28170 -759714.320122 0.000000 -4.786070 -1.701870
28171 -759715.143892 0.000000 -5.609840 -2.525640
28168 -759715.299868 0.000000 -5.765815 -2.681616
28169 -759715.299030 0.000000 -5.764978 -2.680778
28167 -759715.298987 0.000000 -5.764934 -2.680735
33530 -759715.296581 0.000000 -5.762529 -2.678329
33529 -759714.507162 0.000000 -4.973109 -1.888910
33535 -759715.113832 0.000000 -5.579779 -2.495580
33533 -759715.289961 0.000000 -5.755909 -2.671709
33534 -759715.299084 0.000000 -5.765032 -2.680832
33531 -759715.298707 0.000000 -5.764655 -2.680455
33532 -759715.298607 0.000000 -5.764555 -2.680355
38891 -759715.294961 0.000000 -5.760908 -2.676708
38897 -759714.459227 0.000000 -4.925175 -1.840975
38895 -759715.271758 0.000000 -5.737706 -2.653506
38896 -759715.299720 0.000000 -5.765668 -2.681468
38893 -759715.298883 0.000000 -5.764831 -2.680631
38894 -759715.298883 0.000000 -5.764831 -2.680631
38892 -759715.296490 0.000000 -5.762438 -2.678238
130103 -759714.507325 0.000000 -4.973273 -1.889073
1905 -759715.253935 0.000000 -5.719883 -2.635683
1875 -759715.252778 0.000000 -5.718726 -2.634526
2123 -759715.252406 0.000000 -5.718354 -2.634154
2105 -759715.248234 0.000000 -5.714182 -2.629982
1355 -759714.482745 0.000000 -4.948693 -1.864493
1350 -759715.237819 0.000000 -5.703767 -2.619567
1406 -759715.255060 0.000000 -5.721008 -2.636808
7273 -759715.252698 0.000000 -5.718645 -2.634445
7515 -759715.253072 0.000000 -5.719020 -2.634820
7489 -759715.249670 0.000000 -5.715618 -2.631418
92576 -759714.497257 0.000000 -4.963205 -1.879005
6723 -759715.121146 0.000000 -5.587094 -2.502894
6775 -759715.256365 0.000000 -5.722312 -2.638112
6774 -759715.253887 0.000000 -5.719834 -2.635635
12916 -759715.252802 0.000000 -5.718750 -2.634550
12882 -759715.253809 0.000000 -5.719757 -2.635557
13089 -759714.854302 0.000000 -5.320250 -2.236050
12101 -759714.862512 0.000000 -5.328460 -2.244260
12147 -759715.235913 0.000000 -5.701861 -2.617661
12140 -759715.254335 0.000000 -5.720283 -2.636083
12305 -759715.252755 0.000000 -5.718702 -2.634503
18278 -759715.252660 0.000000 -5.718608 -2.634408
18467 -759715.249107 0.000000 -5.715055 -2.630855
103324 -759714.497168 0.000000 -4.963116 -1.878916
17526 -759715.121178 0.000000 -5.587126 -2.502926
17511 -759715.255983 0.000000 -5.721931 -2.637731
17673 -759715.253460 0.000000 -5.719408 -2.635208
17671 -759715.252436 0.000000 -5.718384 -2.634184
17918 -759715.254339 0.000000 -5.720287 -2.636087
23835 -759714.852012 0.000000 -5.317960 -2.233760
22920 -759715.119144 0.000000 -5.585091 -2.500892
22897 -759715.256340 0.000000 -5.722287 -2.638088
23052 -759715.253897 0.000000 -5.719844 -2.635644
23042 -759715.252828 0.000000 -5.718776 -2.634576
23288 -759715.252525 0.000000 -5.718473 -2.634273
23287 -759715.248999 0.000000 -5.714946 -2.630746
28318 -759714.323085 0.000000 -4.789033 -1.704833
28287 -759715.121099 0.000000 -5.587047 -2.502847
28438 -759715.256077 0.000000 -5.722025 -2.637825
28420 -759715.253536 0.000000 -5.719483 -2.635284
28661 -759715.252829 0.000000 -5.718777 -2.634577
28655 -759715.249198 0.000000 -5.715145 -2.630946
28921 -759714.496152 0.000000 -4.962099 -1.877899
33686 -759715.121205 0.000000 -5.587153 -2.502953
33832 -759715.256298 0.000000 -5.722246 -2.638046
33806 -759715.253929 0.000000 -5.719876 -2.635677
34041 -759715.252804 0.000000 -5.718751 -2.634552
34027 -759715.252457 0.000000 -5.718404 -2.634205
34286 -759715.248939 0.000000 -5.714886 -2.630687
33537 -759714.322376 0.000000 -4.788324 -1.704124
39229 -759715.121490 0.000000 -5.587438 -2.503238
39195 -759715.254562 0.000000 -5.720509 -2.636310
39426 -759715.252638 0.000000 -5.718585 -2.634386
39404 -759715.252854 0.000000 -5.718802 -2.634602
39657 -759715.249547 0.000000 -5.715495 -2.631295
39649 -759714.497258 0.000000 -4.963205 -1.879006
38903 -759715.121120 0.000000 -5.587067 -2.502868
38902 -759715.256369 0.000000 -5.722316 -2.638116
2185 -759715.255649 0.000000 -5.721597 -2.637397
2374 -759715.237810 0.000000 -5.703758 -2.619558
1390 -759714.323815 0.000000 -4.789762 -1.705562
1434 -759715.122489 0.000000 -5.588437 -2.504237
1417 -759715.256093 0.000000 -5.722040 -2.637841
1580 -759715.255144 0.000000 -5.721092 -2.636892
1577 -759715.254923 0.000000 -5.720870 -2.636670
7777 -759715.254424 0.000000 -5.720371 -2.636172
7739 -759714.431762 0.000000 -4.897710 -1.813510
6827 -759715.123160 0.000000 -5.589108 -2.504908
6802 -759715.257659 0.000000 -5.723607 -2.639407
6959 -759715.255747 0.000000 -5.721695 -2.637495
6948 -759715.254821 0.000000 -5.720768 -2.636569
7193 -759715.255641 0.000000 -5.721588 -2.637389
13142 -759715.237153 0.000000 -5.703101 -2.618901
12223 -759714.480404 0.000000 -4.946351 -1.862152
12190 -759715.238973 0.000000 -5.704921 -2.620721
12342 -759715.256897 0.000000 -5.722845 -2.638645
12323 -759715.255122 0.000000 -5.721070 -2.636870
12565 -759715.254991 0.000000 -5.720939 -2.636739
12559 -759715.238820 0.000000 -5.704767 -2.620567
103466 -759714.384920 0.000000 -4.850867 -1.766668
17585 -759715.122601 0.000000 -5.588549 -2.504349
17734 -759715.257634 0.000000 -5.723582 -2.639382
17707 -759715.255755 0.000000 -5.721703 -2.637503
17942 -759715.254814 0.000000 -5.720762 -2.636562
17928 -759715.257372 0.000000 -5.723320 -2.639120
18188 -759714.839440 0.000000 -5.305388 -2.221188
17438 -759714.864922 0.000000 -5.330870 -2.246670
23137 -759715.237225 0.000000 -5.703173 -2.618973
23102 -759715.256161 0.000000 -5.722109 -2.637909
23334 -759715.254744 0.000000 -5.720692 -2.636492
23312 -759715.255779 0.000000 -5.721727 -2.637527
23564 -759715.237920 0.000000 -5.703868 -2.619668
108647 -759714.384934 0.000000 -4.850882 -1.766682
22810 -759715.122538 0.000000 -5.588485 -2.504285
28504 -759715.257629 0.000000 -5.723577 -2.639377
28731 -759715.255750 0.000000 -5.721697 -2.637498
28701 -759715.254675 0.000000 -5.720623 -2.636423
28950 -759715.257035 0.000000 -5.722982 -2.638782
28932 -759714.834023 0.000000 -5.299971 -2.215771
28182 -759715.121260 0.000000 -5.587208 -2.503008
28176 -759715.257717 0.000000 -5.723665 -2.639465
34135 -759715.255762 0.000000 -5.721710 -2.637510
34097 -759715.254898 0.000000 -5.720846 -2.636646
34340 -759715.255666 0.000000 -5.721614 -2.637414
34314 -759715.237774 0.000000 -5.703722 -2.619522
33561 -759714.323470 0.000000 -4.789417 -1.705217
33547 -759715.122566 0.000000 -5.588513 -2.504314
33600 -759715.257740 0.000000 -5.723688 -2.639488
39497 -759715.255719 0.000000 -5.721667 -2.637467
39737 -759715.254852 0.000000 -5.720800 -2.636600
39703 -759715.252493 0.000000 -5.718440 -2.634241
39911 -759714.431031 0.000000 -4.896978 -1.812779
38923 -759715.123108 0.000000 -5.589055 -2.504855
38971 -759715.257701 0.000000 -5.723649 -2.639449
38962 -759715.255764 0.000000 -5.721712 -2.637512
39128 -759715.254845 0.000000 -5.720792 -2.636592
1238 -759715.330967 0.000000 -5.796915 -2.712715
1140 -759714.357060 0.000000 -4.823008 -1.738808
1169 -759714.457442 0.000000 -4.923389 -1.839190
968 -759714.458690 0.000000 -4.924638 -1.840438
985 -759714.458789 0.000000 -4.924737 -1.840537
727 -759714.429316 0.000000 -4.895263 -1.811064
731 -759714.096765 0.000000 -4.562712 -1.478513
6469 -759715.766138 0.000000 -6.232086 -3.147886
6506 -759714.461491 0.000000 -4.927439 -1.843239
6309 -759714.459623 0.000000 -4.925571 -1.841371
6334 -759714.459836 0.000000 -4.925783 -1.841584
6083 -759714.462633 0.000000 -4.928580 -1.844381
6095 -759714.423211 0.000000 -4.889159 -1.804959
5774 -759715.331014 0.000000 -5.796961 -2.712762
11833 -759714.356801 0.000000 -4.822749 -1.738549
11640 -759714.456426 0.000000 -4.922374 -1.838174
11673 -759714.458918 0.000000 -4.924866 -1.840666
11425 -759714.457544 0.000000 -4.923491 -1.839292
11445 -759714.425788 0.000000 -4.891736 -1.807536
11196 -759713.995651 0.000000 -4.461599 -1.377399
11358 -759714.359987 0.000000 -4.825934 -1.741735
12059 -759714.457667 0.000000 -4.923614 -1.839415
17002 -759714.458817 0.000000 -4.924764 -1.840564
16759 -759714.459723 0.000000 -4.925671 -1.841471
16787 -759714.462304 0.000000 -4.928252 -1.844052
16552 -759714.422765 0.000000 -4.888712 -1.804513
17268 -759715.434112 0.000000 -5.900060 -2.815860
17420 -759714.445223 0.000000 -4.911170 -1.826971
17422 -759714.459284 0.000000 -4.925232 -1.841032
22086 -759714.460292 0.000000 -4.926240 -1.842040
22122 -759714.461454 0.000000 -4.927402 -1.843202
21896 -759714.423401 0.000000 -4.889349 -1.805149
108631 -759713.934684 0.000000 -4.400632 -1.316432
22770 -759714.357102 0.000000 -4.823050 -1.738850
22779 -759714.457352 0.000000 -4.923300 -1.839100
22675 -759714.458827 0.000000 -4.924775 -1.840575
27454 -759714.459677 0.000000 -4.925625 -1.841425
27232 -759714.462013 0.000000 -4.927961 -1.843761
27262 -759714.422505 0.000000 -4.888452 -1.804253
28121 -759715.433428 0.000000 -5.899375 -2.815175
28138 -759714.444455 0.000000 -4.910403 -1.826203
28037 -759714.459658 0.000000 -4.925606 -1.841406
28042 -759714.459911 0.000000 -4.925859 -1.841659
32557 -759714.462838 0.000000 -4.928786 -1.844586
32595 -759714.423153 0.000000 -4.889101 -1.804901
119296 -759713.935418 0.000000 -4.401366 -1.317166
33481 -759714.356985 0.000000 -4.822933 -1.738733
33385 -759714.457446 0.000000 -4.923393 -1.839194
33398 -759714.458856 0.000000 -4.924803 -1.840603
33187 -759714.459251 0.000000 -4.925199 -1.840999
33189 -759714.460454 0.000000 -4.926402 -1.842202
37765 -759714.422306 0.000000 -4.888253 -1.804054
38818 -759715.746148 0.000000 -6.212096 -3.127896
38727 -759714.461157 0.000000 -4.927105 -1.842905
38748 -759714.459737 0.000000 -4.925685 -1.841485
38542 -759714.459896 0.000000 -4.925844 -1.841644
38551 -759714.462522 0.000000 -4.928470 -1.844270
38290 -759714.423131 0.000000 -4.889079 -1.804879
908 -759714.349586 0.000000 -4.815534 -1.731334
943 -759714.339306 0.000000 -4.805254 -1.721054
693 -759714.337259 0.000000 -4.803207 -1.719007
714 -759714.339092 0.000000 -4.805040 -1.720840
462 -759714.283026 0.000000 -4.748973 -1.664774
436 -759715.764545 0.000000 -6.230493 -3.146293
1327 -759714.351287 0.000000 -4.817234 -1.733035
6276 -759714.338466 0.000000 -4.804414 -1.720214
6033 -759714.336770 0.000000 -4.802717 -1.718518
6062 -759714.339173 0.000000 -4.805121 -1.720921
5824 -759714.280979 0.000000 -4.746927 -1.662727
6583 -759715.348442 0.000000 -5.814390 -2.730190
6689 -759714.337103 0.000000 -4.803051 -1.718851
6694 -759714.349426 0.000000 -4.815374 -1.731174
11359 -759714.338916 0.000000 -4.804864 -1.720664
11396 -759714.336860 0.000000 -4.802808 -1.718608
11169 -759714.312280 0.000000 -4.778227 -1.694028
11188 -759713.996774 0.000000 -4.462722 -1.378522
12043 -759715.784410 0.000000 -6.250358 -3.166158
12056 -759714.352686 0.000000 -4.818633 -1.734434
11947 -759714.339863 0.000000 -4.805811 -1.721611
11949 -759714.337234 0.000000 -4.803182 -1.718982
16500 -759714.339906 0.000000 -4.805853 -1.721653
16533 -759714.280700 0.000000 -4.746648 -1.662448
17388 -759715.348078 0.000000 -5.814025 -2.729826
17409 -759714.336931 0.000000 -4.802878 -1.718679
17304 -759714.347338 0.000000 -4.813285 -1.729086
17312 -759714.336720 0.000000 -4.802668 -1.718468
17094 -759714.335607 0.000000 -4.801555 -1.717355
21863 -759714.309318 0.000000 -4.775266 -1.691066
21678 -759713.866761 0.000000 -4.332709 -1.248509
22751 -759714.339968 0.000000 -4.805915 -1.721716
22653 -759714.349862 0.000000 -4.815809 -1.731609
22669 -759714.339250 0.000000 -4.805197 -1.720998
22456 -759714.337419 0.000000 -4.803367 -1.719167
22459 -759714.339858 0.000000 -4.805805 -1.721606
27034 -759714.281584 0.000000 -4.747531 -1.663332
28094 -759715.347909 0.000000 -5.813857 -2.729657
27999 -759714.336632 0.000000 -4.802580 -1.718380
28023 -759714.347978 0.000000 -4.813926 -1.729726
27816 -759714.338248 0.000000 -4.804196 -1.719996
27826 -759714.338988 0.000000 -4.804935 -1.720736
27561 -759714.281690 0.000000 -4.747637 -1.663437
119270 -759713.807316 0.000000 -4.273264 -1.189064
33331 -759714.337247 0.000000 -4.803195 -1.718995
33363 -759714.349600 0.000000 -4.815547 -1.731347
33160 -759714.339398 0.000000 -4.805346 -1.721146
33178 -759714.337531 0.000000 -4.803479 -1.719279
32920 -759714.339673 0.000000 -4.805621 -1.721421
32925 -759714.281460 0.000000 -4.747408 -1.663208
32648 -759715.348496 0.000000 -5.814443 -2.730243
38697 -759714.338040 0.000000 -4.803988 -1.719788
38499 -759714.338167 0.000000 -4.804115 -1.719915
38525 -759714.337196 0.000000 -4.803144 -1.718944
38272 -759714.339290 0.000000 -4.805238 -1.721038
38285 -759714.280760 0.000000 -4.746707 -1.662507
123860 -759713.807060 0.000000 -4.273007 -1.188808
37993 -759714.337081 0.000000 -4.803029 -1.718829
625 -759714.341604 0.000000 -4.807551 -1.723352
404 -759714.340899 0.000000 -4.806846 -1.722646
433 -759714.281745 0.000000 -4.747693 -1.663493
1292 -759715.346903 0.000000 -5.812851 -2.728651
1309 -759714.336978 0.000000 -4.802925 -1.718725
1208 -759714.340173 0.000000 -4.806121 -1.721921
1213 -759714.340673 0.000000 -4.806620 -1.722421
5734 -759714.341587 0.000000 -4.807535 -1.723335
5771 -759714.287507 0.000000 -4.753455 -1.669255
92471 -759713.803613 0.000000 -4.269561 -1.185361
6656 -759714.338489 0.000000 -4.804437 -1.720237
6561 -759714.348841 0.000000 -4.814789 -1.730589
6574 -759714.341613 0.000000 -4.807561 -1.723361
6363 -759714.341333 0.000000 -4.807280 -1.723081
11096 -759714.340423 0.000000 -4.806371 -1.722171
10941 -759714.282948 0.000000 -4.748896 -1.664696
11995 -759715.740572 0.000000 -6.206520 -3.122320
11903 -759714.350086 0.000000 -4.816034 -1.731834
11924 -759714.341928 0.000000 -4.807876 -1.723676
11718 -759714.341226 0.000000 -4.807173 -1.722973
11726 -759714.339560 0.000000 -4.805507 -1.721308
11465 -759714.282347 0.000000 -4.748295 -1.664095
103174 -759713.806758 0.000000 -4.272705 -1.188506
17236 -759714.338174 0.000000 -4.804122 -1.719922
17265 -759714.348631 0.000000 -4.814579 -1.730379
17063 -759714.341389 0.000000 -4.807337 -1.723137
17079 -759714.341566 0.000000 -4.807514 -1.723314
16823 -759714.316695 0.000000 -4.782643 -1.698443
16826 -759713.983631 0.000000 -4.449579 -1.365379
22561 -759715.761244 0.000000 -6.227192 -3.142992
22598 -759714.352081 0.000000 -4.818029 -1.733829
22402 -759714.342278 0.000000 -4.808225 -1.724025
22426 -759714.341303 0.000000 -4.807251 -1.723051
22174 -759714.340973 0.000000 -4.806921 -1.722721
22184 -759714.281835 0.000000 -4.747783 -1.663583
21669 -759715.347697 0.000000 -5.813645 -2.729445
27929 -759714.338037 0.000000 -4.803985 -1.719785
27738 -759714.348539 0.000000 -4.814487 -1.730287
27770 -759714.341443 0.000000 -4.807390 -1.723191
27522 -759714.341130 0.000000 -4.807077 -1.722877
27540 -759714.314287 0.000000 -4.780235 -1.696035
27291 -759713.853729 0.000000 -4.319677 -1.235477
27556 -759714.341351 0.000000 -4.807299 -1.723099
33058 -759714.349290 0.000000 -4.815237 -1.731038
33098 -759714.341870 0.000000 -4.807818 -1.723618
32857 -759714.341728 0.000000 -4.807676 -1.723476
32883 -759714.341015 0.000000 -4.806963 -1.722763
32649 -759714.281683 0.000000 -4.747630 -1.663431
33330 -759715.347804 0.000000 -5.813751 -2.729551
33514 -759714.338301 0.000000 -4.804249 -1.720049
33516 -759714.349149 0.000000 -4.815097 -1.730897
38185 -759714.341415 0.000000 -4.807363 -1.723163
38219 -759714.343938 0.000000 -4.809885 -1.725685
37994 -759714.287201 0.000000 -4.753149 -1.668949
124728 -759713.804119 0.000000 -4.270067 -1.185867
38866 -759714.338467 0.000000 -4.804414 -1.720214
38875 -759714.348954 0.000000 -4.814901 -1.730702
38771 -759714.341810 0.000000 -4.807758 -1.723558
82299 -759713.957997 0.000000 -4.423945 -1.339745
1492 -759713.902353 0.000000 -4.368300 -1.284101
1461 -759714.033555 0.000000 -4.499502 -1.415303
1613 -759714.039018 0.000000 -4.504966 -1.420766
1595 -759714.033732 0.000000 -4.499679 -1.415480
1835 -759714.035768 0.000000 -4.501716 -1.417516
1829 -759713.981813 0.000000 -4.447761 -1.363561
2094 -759713.794719 0.000000 -4.260666 -1.176467
6862 -759714.011063 0.000000 -4.477011 -1.392811
7008 -759714.040363 0.000000 -4.506311 -1.422111
6982 -759714.034476 0.000000 -4.500424 -1.416224
7217 -759714.034918 0.000000 -4.500866 -1.416666
7203 -759714.034640 0.000000 -4.500587 -1.416388
7461 -759713.958043 0.000000 -4.423990 -1.339791
6713 -759713.902099 0.000000 -4.368047 -1.283847
12407 -759714.031888 0.000000 -4.497836 -1.413636
12373 -759714.031894 0.000000 -4.497842 -1.413642
12605 -759714.033789 0.000000 -4.499737 -1.415537
12583 -759714.034198 0.000000 -4.500146 -1.415946
12836 -759713.976126 0.000000 -4.442074 -1.357874
12828 -759714.743143 0.000000 -5.209091 -2.124891
12081 -759714.034330 0.000000 -4.500277 -1.416078
12080 -759714.039170 0.000000 -4.505117 -1.420918
17998 -759714.033995 0.000000 -4.499943 -1.415743
17968 -759714.034824 0.000000 -4.500772 -1.416572
18216 -759714.034445 0.000000 -4.500393 -1.416193
18198 -759713.955708 0.000000 -4.421656 -1.337456
17449 -759713.861268 0.000000 -4.327216 -1.243016
17444 -759714.042190 0.000000 -4.508138 -1.423938
17499 -759714.034231 0.000000 -4.500179 -1.415979
23368 -759714.034955 0.000000 -4.500903 -1.416703
23610 -759714.033492 0.000000 -4.499440 -1.415240
23584 -759713.957999 0.000000 -4.423947 -1.339747
108670 -759714.753380 0.000000 -5.219328 -2.135128
22817 -759714.033511 0.000000 -4.499459 -1.415259
22869 -759714.038996 0.000000 -4.504943 -1.420744
22868 -759714.034048 0.000000 -4.499995 -1.415796
29012 -759714.034897 0.000000 -4.500845 -1.416645
28978 -759714.034326 0.000000 -4.500274 -1.416074
29185 -759713.955464 0.000000 -4.421412 -1.337212
28197 -759713.859796 0.000000 -4.325744 -1.241544
28243 -759714.041925 0.000000 -4.507873 -1.423673
28236 -759714.034672 0.000000 -4.500619 -1.416419
28402 -759714.035026 0.000000 -4.500974 -1.416774
34376 -759714.034868 0.000000 -4.500816 -1.416616
34565 -759713.958134 0.000000 -4.424082 -1.339882
33583 -759713.902439 0.000000 -4.368387 -1.284187
33626 -759714.033509 0.000000 -4.499457 -1.415257
33611 -759714.039150 0.000000 -4.505098 -1.420898
33772 -759714.034144 0.000000 -4.500092 -1.415892
33770 -759714.034570 0.000000 -4.500518 -1.416318
34017 -759714.033685 0.000000 -4.499632 -1.415433
39927 -759713.837234 0.000000 -4.303181 -1.218981
39013 -759714.008219 0.000000 -4.474166 -1.389967
38990 -759714.040201 0.000000 -4.506149 -1.421949
39145 -759714.034618 0.000000 -4.500565 -1.416366
39135 -759714.035071 0.000000 -4.501019 -1.416819
39380 -759714.034692 0.000000 -4.500640 -1.416440
2412 -759713.663447 0.000000 -4.129395 -1.045195
1493 -759713.710915 0.000000 -4.176863 -1.092663
1460 -759713.741994 0.000000 -4.207942 -1.123742
1614 -759713.763995 0.000000 -4.229942 -1.145743
1594 -759713.762753 0.000000 -4.228701 -1.144501
1836 -759713.766800 0.000000 -4.232748 -1.148548
1828 -759713.704042 0.000000 -4.169989 -1.085789
92741 -759715.283838 0.000000 -5.749786 -2.665586
6861 -759713.742297 0.000000 -4.208245 -1.124045
7009 -759713.762938 0.000000 -4.228886 -1.144686
6981 -759713.763795 0.000000 -4.229743 -1.145543
7218 -759713.763335 0.000000 -4.229283 -1.145083
7202 -759713.764145 0.000000 -4.230092 -1.145893
7462 -759713.663286 0.000000 -4.129234 -1.045034
6712 -759713.716090 0.000000 -4.182038 -1.097838
12408 -759713.767267 0.000000 -4.233214 -1.149015
12372 -759713.762504 0.000000 -4.228452 -1.144252
12606 -759713.762697 0.000000 -4.228645 -1.144445
12582 -759713.765330 0.000000 -4.231278 -1.147078
12837 -759713.655526 0.000000 -4.121474 -1.037274
12077 -759713.710874 0.000000 -4.176821 -1.092622
12082 -759713.741682 0.000000 -4.207630 -1.123430
17772 -759713.762829 0.000000 -4.228777 -1.144577
17999 -759713.763668 0.000000 -4.229616 -1.145416
17967 -759713.763028 0.000000 -4.228976 -1.144776
18217 -759713.762187 0.000000 -4.228135 -1.143935
18197 -759714.524470 0.000000 -4.990417 -1.906218
17450 -759713.702566 0.000000 -4.168514 -1.084314
17443 -759713.761742 0.000000 -4.227689 -1.143490
23406 -759713.764195 0.000000 -4.230143 -1.145943
23367 -759713.763715 0.000000 -4.229663 -1.145463
23611 -759713.763644 0.000000 -4.229591 -1.145392
23583 -759713.663932 0.000000 -4.129880 -1.045680
22831 -759713.710987 0.000000 -4.176935 -1.092735
22816 -759713.741493 0.000000 -4.207441 -1.123241
22870 -759713.762690 0.000000 -4.228638 -1.144438
28771 -759713.763483 0.000000 -4.229430 -1.145230
29013 -759713.762824 0.000000 -4.228771 -1.144571
28977 -759713.761520 0.000000 -4.227468 -1.143268
29186 -759714.525982 0.000000 -4.991930 -1.907730
28196 -759713.739150 0.000000 -4.205098 -1.120898
28244 -759713.764088 0.000000 -4.230036 -1.145836
28235 -759713.764095 0.000000 -4.230043 -1.145843
28403 -759713.763326 0.000000 -4.229274 -1.145074
34375 -759713.764349 0.000000 -4.230297 -1.146097
34566 -759713.663498 0.000000 -4.129446 -1.045246
33582 -759713.710967 0.000000 -4.176915 -1.092715
33627 -759713.741343 0.000000 -4.207290 -1.123091
33610 -759713.762681 0.000000 -4.228629 -1.144429
33773 -759713.763704 0.000000 -4.229651 -1.145452
33769 -759713.762635 0.000000 -4.228582 -1.144383
39964 -759713.747926 0.000000 -4.213873 -1.129674
39926 -759715.281695 0.000000 -5.747643 -2.663443
39014 -759713.741331 0.000000 -4.207279 -1.123079
38989 -759713.762914 0.000000 -4.228862 -1.144662
39146 -759713.763824 0.000000 -4.229771 -1.145571
39134 -759713.763316 0.000000 -4.229263 -1.145064
39381 -759713.764209 0.000000 -4.230156 -1.145956
2411 -759715.359252 0.000000 -5.825200 -2.741000
2377 -759715.417886 0.000000 -5.883833 -2.799634
1459 -759713.679539 0.000000 -4.145487 -1.061287
1437 -759715.348145 0.000000 -5.814092 -2.729893
1593 -759715.368124 0.000000 -5.834071 -2.749872
1583 -759715.367328 0.000000 -5.833275 -2.749075
1827 -759715.364961 0.000000 -5.830909 -2.746709
1826 -759715.360169 0.000000 -5.826117 -2.741917
6860 -759713.677132 0.000000 -4.143080 -1.058880
6830 -759715.348669 0.000000 -5.814616 -2.730417
6980 -759715.368464 0.000000 -5.834411 -2.750211
6962 -759715.366693 0.000000 -5.832641 -2.748441
7201 -759715.367104 0.000000 -5.833051 -2.748852
7196 -759715.359209 0.000000 -5.825157 -2.740957
7460 -759715.418525 0.000000 -5.884472 -2.800272
12226 -759713.718559 0.000000 -4.184507 -1.100307
12371 -759715.382902 0.000000 -5.848849 -2.764650
12345 -759715.366765 0.000000 -5.832712 -2.748513
12581 -759715.367138 0.000000 -5.833085 -2.748886
12568 -759715.358279 0.000000 -5.824227 -2.740027
12827 -759715.417961 0.000000 -5.883908 -2.799709
12076 -759713.679566 0.000000 -4.145513 -1.061314
17771 -759715.348232 0.000000 -5.814180 -2.729980
17737 -759715.368508 0.000000 -5.834456 -2.750256
17966 -759715.366791 0.000000 -5.832739 -2.748539
17945 -759715.367244 0.000000 -5.833191 -2.748992
18196 -759715.301792 0.000000 -5.767739 -2.683540
18190 -759712.669460 0.000000 -3.135407 -0.051207
17442 -759713.754320 0.000000 -4.220268 -1.136068
23140 -759715.380842 0.000000 -5.846790 -2.762590
23366 -759715.366314 0.000000 -5.832261 -2.748062
23337 -759715.366808 0.000000 -5.832756 -2.748556
23582 -759715.359467 0.000000 -5.825414 -2.741214
23567 -759715.417884 0.000000 -5.883832 -2.799632
22815 -759713.679535 0.000000 -4.145482 -1.061283
22813 -759715.348201 0.000000 -5.814148 -2.729949
22867 -759715.368514 0.000000 -5.834462 -2.750262
28734 -759715.366754 0.000000 -5.832702 -2.748502
28976 -759715.367177 0.000000 -5.833125 -2.748925
28953 -759715.301044 0.000000 -5.766991 -2.682792
114035 -759712.662287 0.000000 -3.128235 -0.044035
28185 -759715.350011 0.000000 -5.815959 -2.731759
28234 -759715.368278 0.000000 -5.834226 -2.750026
28233 -759715.366610 0.000000 -5.832558 -2.748358
34374 -759715.367114 0.000000 -5.833062 -2.748862
34343 -759715.359236 0.000000 -5.825184 -2.740984
34550 -759715.417875 0.000000 -5.883823 -2.799623
33564 -759713.679435 0.000000 -4.145383 -1.061183
33609 -759715.348220 0.000000 -5.814168 -2.729968
33603 -759715.368538 0.000000 -5.834486 -2.750286
33768 -759715.366893 0.000000 -5.832841 -2.748641
39740 -759715.367003 0.000000 -5.832951 -2.748751
39925 -759715.358114 0.000000 -5.824061 -2.739862
38946 -759713.677483 0.000000 -4.143430 -1.059231
38988 -759715.348611 0.000000 -5.814559 -2.730359
38974 -759715.368463 0.000000 -5.834410 -2.750211
39133 -759715.366673 0.000000 -5.832621 -2.748421
39131 -759715.367098 0.000000 -5.833046 -2.748846
