#ID      EIGB 	      EIPGB 	   GBbin        GBseg
416 -93828.866189 0.000000 -3.760816 -0.716481
1784 -93828.866189 0.000000 -3.760816 -0.716481
1652 -93828.866189 0.000000 -3.760816 -0.716481
3018 -93828.866189 0.000000 -3.760816 -0.716481
4328 -93828.866189 0.000000 -3.760816 -0.716481
332 -93828.934301 0.000000 -3.828928 -0.784593
1651 -93828.934301 0.000000 -3.828928 -0.784593
2976 -93828.934301 0.000000 -3.828928 -0.784593
4296 -93828.934301 0.000000 -3.828928 -0.784593
16201 -93828.934301 0.000000 -3.828928 -0.784593
458 -93828.838674 0.000000 -3.733301 -0.688966
1753 -93828.838674 0.000000 -3.733301 -0.688966
1653 -93828.838674 0.000000 -3.733301 -0.688966
2996 -93828.838674 0.000000 -3.733301 -0.688966
4365 -93828.838674 0.000000 -3.733301 -0.688966
9587 -93828.928336 0.000000 -3.822963 -0.778628
374 -93828.928336 0.000000 -3.822963 -0.778628
1682 -93828.928336 0.000000 -3.822963 -0.778628
3060 -93828.928336 0.000000 -3.822963 -0.778628
4430 -93828.928336 0.000000 -3.822963 -0.778628
417 -93829.084954 0.000000 -3.979581 -0.935246
1785 -93829.084954 0.000000 -3.979581 -0.935246
3089 -93829.084954 0.000000 -3.979581 -0.935246
2983 -93829.084954 0.000000 -3.979581 -0.935246
4350 -93829.084954 0.000000 -3.979581 -0.935246
481 -93829.027301 0.000000 -3.921928 -0.877593
335 -93829.027301 0.000000 -3.921928 -0.877593
1702 -93829.027301 0.000000 -3.921928 -0.877593
3096 -93829.027301 0.000000 -3.921928 -0.877593
4396 -93829.027301 0.000000 -3.921928 -0.877593
402 -93828.863306 0.000000 -3.757933 -0.713598
1751 -93828.863306 0.000000 -3.757933 -0.713598
3125 -93828.863306 0.000000 -3.757933 -0.713598
3019 -93828.863306 0.000000 -3.757933 -0.713598
4318 -93828.863306 0.000000 -3.757933 -0.713598
445 -93828.833768 0.000000 -3.728395 -0.684060
336 -93828.833768 0.000000 -3.728395 -0.684060
1703 -93828.833768 0.000000 -3.728395 -0.684060
3043 -93828.833768 0.000000 -3.728395 -0.684060
4421 -93828.833768 0.000000 -3.728395 -0.684060
466 -93828.654353 0.000000 -3.548980 -0.504645
333 -93828.654353 0.000000 -3.548980 -0.504645
1694 -93828.654353 0.000000 -3.548980 -0.504645
3008 -93828.654353 0.000000 -3.548980 -0.504645
4381 -93828.654353 0.000000 -3.548980 -0.504645
385 -93828.709544 0.000000 -3.604171 -0.559836
1735 -93828.709544 0.000000 -3.604171 -0.559836
3109 -93828.709544 0.000000 -3.604171 -0.559836
4410 -93828.709544 0.000000 -3.604171 -0.559836
4303 -93828.709544 0.000000 -3.604171 -0.559836
433 -93828.804439 0.000000 -3.699066 -0.654731
1801 -93828.804439 0.000000 -3.699066 -0.654731
1655 -93828.804439 0.000000 -3.699066 -0.654731
3027 -93828.804439 0.000000 -3.699066 -0.654731
4417 -93828.804439 0.000000 -3.699066 -0.654731
352 -93828.801399 0.000000 -3.696027 -0.651691
1721 -93828.801399 0.000000 -3.696027 -0.651691
3076 -93828.801399 0.000000 -3.696027 -0.651691
4446 -93828.801399 0.000000 -3.696027 -0.651691
4339 -93828.801399 0.000000 -3.696027 -0.651691
457 -93828.975464 0.000000 -3.870091 -0.825756
1763 -93828.975464 0.000000 -3.870091 -0.825756
1656 -93828.975464 0.000000 -3.870091 -0.825756
3028 -93828.975464 0.000000 -3.870091 -0.825756
4363 -93828.975464 0.000000 -3.870091 -0.825756
382 -93829.028358 0.000000 -3.922986 -0.878650
1683 -93829.028358 0.000000 -3.922986 -0.878650
3061 -93829.028358 0.000000 -3.922986 -0.878650
4431 -93829.028358 0.000000 -3.922986 -0.878650
4300 -93829.028358 0.000000 -3.922986 -0.878650
420 -93829.464582 0.000000 -4.359210 -1.314874
1788 -93829.464582 0.000000 -4.359210 -1.314874
12237 -93829.464582 0.000000 -4.359210 -1.314874
3029 -93829.464582 0.000000 -4.359210 -1.314874
14910 -93829.464582 0.000000 -4.359210 -1.314874
9627 -93829.481097 0.000000 -4.375724 -1.331389
351 -93829.481097 0.000000 -4.375724 -1.331389
1720 -93829.481097 0.000000 -4.375724 -1.331389
13639 -93829.481097 0.000000 -4.375724 -1.331389
4429 -93829.481097 0.000000 -4.375724 -1.331389
384 -93829.511962 0.000000 -4.406589 -1.362254
1719 -93829.511962 0.000000 -4.406589 -1.362254
3101 -93829.511962 0.000000 -4.406589 -1.362254
4409 -93829.511962 0.000000 -4.406589 -1.362254
4302 -93829.511962 0.000000 -4.406589 -1.362254
434 -93829.485647 0.000000 -4.380274 -1.335939
1802 -93829.485647 0.000000 -4.380274 -1.335939
1695 -93829.485647 0.000000 -4.380274 -1.335939
2998 -93829.485647 0.000000 -4.380274 -1.335939
4368 -93829.485647 0.000000 -4.380274 -1.335939
383 -93828.777434 0.000000 -3.672061 -0.627726
1771 -93828.777434 0.000000 -3.672061 -0.627726
3077 -93828.777434 0.000000 -3.672061 -0.627726
4447 -93828.777434 0.000000 -3.672061 -0.627726
4301 -93828.777434 0.000000 -3.672061 -0.627726
467 -93828.785119 0.000000 -3.679747 -0.635411
1765 -93828.785119 0.000000 -3.679747 -0.635411
1660 -93828.785119 0.000000 -3.679747 -0.635411
3032 -93828.785119 0.000000 -3.679747 -0.635411
4382 -93828.785119 0.000000 -3.679747 -0.635411
470 -93828.375514 0.000000 -3.270142 -0.225806
400 -93828.475355 0.000000 -3.369982 -0.325647
337 -93828.375514 0.000000 -3.270142 -0.225806
1776 -93828.475355 0.000000 -3.369982 -0.325647
1704 -93828.375514 0.000000 -3.270142 -0.225806
3088 -93828.475355 0.000000 -3.369982 -0.325647
3010 -93828.375514 0.000000 -3.270142 -0.225806
2982 -93828.475355 0.000000 -3.369982 -0.325647
4385 -93828.375514 0.000000 -3.270142 -0.225806
4349 -93828.475355 0.000000 -3.369982 -0.325647
482 -93828.593104 0.000000 -3.487731 -0.443396
375 -93828.593104 0.000000 -3.487731 -0.443396
1673 -93828.593104 0.000000 -3.487731 -0.443396
3048 -93828.593104 0.000000 -3.487731 -0.443396
4398 -93828.593104 0.000000 -3.487731 -0.443396
453 -93828.725742 0.000000 -3.620369 -0.576034
1752 -93828.725742 0.000000 -3.620369 -0.576034
3127 -93828.725742 0.000000 -3.620369 -0.576034
2981 -93828.725742 0.000000 -3.620369 -0.576034
4348 -93828.725742 0.000000 -3.620369 -0.576034
447 -93828.855396 0.000000 -3.750023 -0.705688
340 -93828.855396 0.000000 -3.750023 -0.705688
1707 -93828.855396 0.000000 -3.750023 -0.705688
3062 -93828.855396 0.000000 -3.750023 -0.705688
4432 -93828.855396 0.000000 -3.750023 -0.705688
419 -93828.964807 0.000000 -3.859435 -0.815099
1787 -93828.964807 0.000000 -3.859435 -0.815099
3126 -93828.964807 0.000000 -3.859435 -0.815099
3020 -93828.964807 0.000000 -3.859435 -0.815099
4329 -93828.964807 0.000000 -3.859435 -0.815099
9589 -93829.461889 0.000000 -4.356516 -1.312181
353 -93829.461889 0.000000 -4.356516 -1.312181
1722 -93829.461889 0.000000 -4.356516 -1.312181
3102 -93829.461889 0.000000 -4.356516 -1.312181
4400 -93829.461889 0.000000 -4.356516 -1.312181
418 -93829.397678 0.000000 -4.292305 -1.247970
1786 -93829.397678 0.000000 -4.292305 -1.247970
1692 -93829.397678 0.000000 -4.292305 -1.247970
2997 -93829.397678 0.000000 -4.292305 -1.247970
4367 -93829.397678 0.000000 -4.292305 -1.247970
386 -93828.962587 0.000000 -3.857215 -0.812879
1685 -93828.962587 0.000000 -3.857215 -0.812879
3065 -93828.962587 0.000000 -3.857215 -0.812879
4435 -93828.962587 0.000000 -3.857215 -0.812879
4304 -93828.962587 0.000000 -3.857215 -0.812879
459 -93828.754752 0.000000 -3.649379 -0.605044
1764 -93828.754752 0.000000 -3.649379 -0.605044
1659 -93828.754752 0.000000 -3.649379 -0.605044
3031 -93828.754752 0.000000 -3.649379 -0.605044
4366 -93828.754752 0.000000 -3.649379 -0.605044
355 -93828.760321 0.000000 -3.654949 -0.610613
1725 -93828.760321 0.000000 -3.654949 -0.610614
3079 -93828.760321 0.000000 -3.654949 -0.610614
4448 -93828.760321 0.000000 -3.654949 -0.610614
4341 -93828.760321 0.000000 -3.654949 -0.610613
435 -93828.749856 0.000000 -3.644483 -0.600148
1804 -93828.749856 0.000000 -3.644483 -0.600148
1658 -93828.749856 0.000000 -3.644483 -0.600148
3030 -93828.749856 0.000000 -3.644483 -0.600148
4418 -93828.749856 0.000000 -3.644483 -0.600148
