#ID      EIGB 	      EIPGB 	   GBbin        GBseg
350 -148743.759187 0.000000 -3.599122 -0.565472
515 -148743.759187 0.000000 -3.599122 -0.565472
2414 -148743.759187 0.000000 -3.599122 -0.565472
2575 -148743.759187 0.000000 -3.599122 -0.565472
2603 -148743.759187 0.000000 -3.599122 -0.565472
4605 -148743.759187 0.000000 -3.599122 -0.565472
4645 -148743.759187 0.000000 -3.599122 -0.565472
6660 -148743.759187 0.000000 -3.599122 -0.565472
6700 -148743.759187 0.000000 -3.599122 -0.565472
6607 -148743.759187 0.000000 -3.599122 -0.565472
623 -148743.699255 0.000000 -3.539190 -0.505540
566 -148743.699255 0.000000 -3.539190 -0.505540
2777 -148743.699255 0.000000 -3.539190 -0.505540
2717 -148743.699255 0.000000 -3.539190 -0.505540
2633 -148743.699255 0.000000 -3.539190 -0.505540
4858 -148743.699255 0.000000 -3.539190 -0.505540
4729 -148743.699255 0.000000 -3.539190 -0.505540
7012 -148743.699255 0.000000 -3.539190 -0.505540
6867 -148743.699255 0.000000 -3.539190 -0.505540
6832 -148743.699255 0.000000 -3.539190 -0.505540
665 -148744.163961 0.000000 -4.003896 -0.970246
17299 -148744.163961 0.000000 -4.003896 -0.970246
2819 -148744.163961 0.000000 -4.003896 -0.970246
19437 -148744.163961 0.000000 -4.003896 -0.970246
4951 -148744.163961 0.000000 -4.003896 -0.970246
21573 -148744.163961 0.000000 -4.003896 -0.970246
4753 -148744.163961 0.000000 -4.003896 -0.970246
23727 -148744.163961 0.000000 -4.003896 -0.970246
6904 -148744.163961 0.000000 -4.003896 -0.970246
25868 -148744.163961 0.000000 -4.003896 -0.970246
15203 -148744.459658 0.000000 -4.299593 -1.265943
669 -148744.459658 0.000000 -4.299593 -1.265943
540 -148744.459658 0.000000 -4.299593 -1.265943
2823 -148744.459658 0.000000 -4.299593 -1.265943
2678 -148744.459658 0.000000 -4.299593 -1.265943
2642 -148744.459658 0.000000 -4.299593 -1.265943
4814 -148744.459658 0.000000 -4.299593 -1.265943
4757 -148744.459658 0.000000 -4.299593 -1.265943
6968 -148744.459658 0.000000 -4.299593 -1.265943
6908 -148744.459658 0.000000 -4.299593 -1.265943
762 -148743.977709 0.000000 -3.817644 -0.783994
624 -148743.977709 0.000000 -3.817644 -0.783994
564 -148743.977709 0.000000 -3.817644 -0.783994
2778 -148743.977709 0.000000 -3.817644 -0.783994
2715 -148743.977709 0.000000 -3.817644 -0.783994
4918 -148743.977709 0.000000 -3.817644 -0.783994
4856 -148743.977709 0.000000 -3.817644 -0.783994
4730 -148743.977709 0.000000 -3.817644 -0.783994
7010 -148743.977709 0.000000 -3.817644 -0.783994
6868 -148743.977709 0.000000 -3.817644 -0.783994
763 -148743.815986 0.000000 -3.655920 -0.622271
606 -148743.815986 0.000000 -3.655920 -0.622271
565 -148743.815986 0.000000 -3.655920 -0.622271
2760 -148743.815986 0.000000 -3.655920 -0.622271
2716 -148743.815986 0.000000 -3.655920 -0.622271
4901 -148743.815986 0.000000 -3.655920 -0.622271
4857 -148743.815986 0.000000 -3.655920 -0.622271
4722 -148743.815986 0.000000 -3.655920 -0.622271
7011 -148743.815986 0.000000 -3.655920 -0.622271
6850 -148743.815986 0.000000 -3.655920 -0.622271
709 -148743.391299 0.000000 -3.231234 -0.197584
651 -148743.391299 0.000000 -3.231234 -0.197584
530 -148743.391299 0.000000 -3.231234 -0.197584
2805 -148743.391299 0.000000 -3.231234 -0.197584
2658 -148743.391299 0.000000 -3.231234 -0.197584
4937 -148743.391299 0.000000 -3.231234 -0.197584
4794 -148743.391299 0.000000 -3.231234 -0.197584
4751 -148743.391299 0.000000 -3.231234 -0.197584
6948 -148743.391299 0.000000 -3.231234 -0.197584
6892 -148743.391299 0.000000 -3.231234 -0.197584
708 -148743.513320 0.000000 -3.353254 -0.319605
666 -148743.513320 0.000000 -3.353254 -0.319605
529 -148743.513320 0.000000 -3.353254 -0.319605
2820 -148743.513320 0.000000 -3.353254 -0.319605
2657 -148743.513320 0.000000 -3.353254 -0.319605
4952 -148743.513320 0.000000 -3.353254 -0.319605
4793 -148743.513320 0.000000 -3.353254 -0.319605
4754 -148743.513320 0.000000 -3.353254 -0.319605
6947 -148743.513320 0.000000 -3.353254 -0.319605
6905 -148743.513320 0.000000 -3.353254 -0.319605
639 -148743.824012 0.000000 -3.663947 -0.630297
585 -148743.824012 0.000000 -3.663947 -0.630297
2793 -148743.824012 0.000000 -3.663947 -0.630297
2739 -148743.824012 0.000000 -3.663947 -0.630297
2637 -148743.824012 0.000000 -3.663947 -0.630297
4880 -148743.824012 0.000000 -3.663947 -0.630297
4745 -148743.824012 0.000000 -3.663947 -0.630297
7034 -148743.824012 0.000000 -3.663947 -0.630297
6883 -148743.824012 0.000000 -3.663947 -0.630297
6836 -148743.824012 0.000000 -3.663947 -0.630297
687 -148744.585300 0.000000 -4.425235 -1.391585
541 -148744.585300 0.000000 -4.425235 -1.391585
2841 -148744.585300 0.000000 -4.425235 -1.391585
2679 -148744.585300 0.000000 -4.425235 -1.391585
2644 -148744.585300 0.000000 -4.425235 -1.391585
4815 -148744.585300 0.000000 -4.425235 -1.391585
4772 -148744.585300 0.000000 -4.425235 -1.391585
6969 -148744.585300 0.000000 -4.425235 -1.391585
6926 -148744.585300 0.000000 -4.425235 -1.391585
6824 -148744.585300 0.000000 -4.425235 -1.391585
686 -148743.893130 0.000000 -3.733065 -0.699415
649 -148743.893130 0.000000 -3.733065 -0.699415
2840 -148743.893130 0.000000 -3.733065 -0.699415
2803 -148743.893130 0.000000 -3.733065 -0.699415
2643 -148743.893130 0.000000 -3.733065 -0.699415
4935 -148743.893130 0.000000 -3.733065 -0.699415
4771 -148743.893130 0.000000 -3.733065 -0.699415
7067 -148743.893130 0.000000 -3.733065 -0.699415
6925 -148743.893130 0.000000 -3.733065 -0.699415
6890 -148743.893130 0.000000 -3.733065 -0.699415
15213 -148744.521223 0.000000 -4.361158 -1.327508
741 -148744.521223 0.000000 -4.361158 -1.327508
582 -148744.521223 0.000000 -4.361158 -1.327508
2872 -148744.521223 0.000000 -4.361158 -1.327508
2736 -148744.521223 0.000000 -4.361158 -1.327508
2699 -148744.521223 0.000000 -4.361158 -1.327508
4877 -148744.521223 0.000000 -4.361158 -1.327508
4835 -148744.521223 0.000000 -4.361158 -1.327508
7031 -148744.521223 0.000000 -4.361158 -1.327508
6989 -148744.521223 0.000000 -4.361158 -1.327508
688 -148744.270620 0.000000 -4.110555 -1.076905
644 -148744.270620 0.000000 -4.110555 -1.076905
2842 -148744.270620 0.000000 -4.110555 -1.076905
2798 -148744.270620 0.000000 -4.110555 -1.076905
2645 -148744.270620 0.000000 -4.110555 -1.076905
4930 -148744.270620 0.000000 -4.110555 -1.076905
4773 -148744.270620 0.000000 -4.110555 -1.076905
7062 -148744.270620 0.000000 -4.110555 -1.076905
6927 -148744.270620 0.000000 -4.110555 -1.076905
6888 -148744.270620 0.000000 -4.110555 -1.076905
626 -148743.799673 0.000000 -3.639608 -0.605958
584 -148743.799673 0.000000 -3.639608 -0.605958
2780 -148743.799673 0.000000 -3.639608 -0.605958
2738 -148743.799673 0.000000 -3.639608 -0.605958
2634 -148743.799673 0.000000 -3.639608 -0.605958
4879 -148743.799673 0.000000 -3.639608 -0.605958
4732 -148743.799673 0.000000 -3.639608 -0.605958
7033 -148743.799673 0.000000 -3.639608 -0.605958
6870 -148743.799673 0.000000 -3.639608 -0.605958
6835 -148743.799673 0.000000 -3.639608 -0.605958
748 -148743.819516 0.000000 -3.659451 -0.625801
583 -148743.819516 0.000000 -3.659451 -0.625801
2878 -148743.819516 0.000000 -3.659451 -0.625801
2737 -148743.819516 0.000000 -3.659451 -0.625801
2702 -148743.819516 0.000000 -3.659451 -0.625801
4878 -148743.819516 0.000000 -3.659451 -0.625801
4842 -148743.819516 0.000000 -3.659451 -0.625801
7032 -148743.819516 0.000000 -3.659451 -0.625801
6996 -148743.819516 0.000000 -3.659451 -0.625801
6834 -148743.819516 0.000000 -3.659451 -0.625801
691 -148743.750752 0.000000 -3.590687 -0.557037
556 -148743.750752 0.000000 -3.590687 -0.557037
2845 -148743.750752 0.000000 -3.590687 -0.557037
2694 -148743.750752 0.000000 -3.590687 -0.557037
2648 -148743.750752 0.000000 -3.590687 -0.557037
4830 -148743.750752 0.000000 -3.590687 -0.557037
4776 -148743.750752 0.000000 -3.590687 -0.557037
6984 -148743.750752 0.000000 -3.590687 -0.557037
6930 -148743.750752 0.000000 -3.590687 -0.557037
6827 -148743.750752 0.000000 -3.590687 -0.557037
750 -148743.683338 0.000000 -3.523272 -0.489623
605 -148743.683338 0.000000 -3.523272 -0.489623
562 -148743.683338 0.000000 -3.523272 -0.489623
2759 -148743.683338 0.000000 -3.523272 -0.489623
2704 -148743.683338 0.000000 -3.523272 -0.489623
4900 -148743.683338 0.000000 -3.523272 -0.489623
4844 -148743.683338 0.000000 -3.523272 -0.489623
4721 -148743.683338 0.000000 -3.523272 -0.489623
6998 -148743.683338 0.000000 -3.523272 -0.489623
6849 -148743.683338 0.000000 -3.523272 -0.489623
764 -148743.968700 0.000000 -3.808635 -0.774985
604 -148743.968700 0.000000 -3.808635 -0.774985
567 -148743.968700 0.000000 -3.808635 -0.774985
2758 -148743.968700 0.000000 -3.808635 -0.774985
2718 -148743.968700 0.000000 -3.808635 -0.774985
4899 -148743.968700 0.000000 -3.808635 -0.774985
4859 -148743.968700 0.000000 -3.808635 -0.774985
4720 -148743.968700 0.000000 -3.808635 -0.774985
7013 -148743.968700 0.000000 -3.808635 -0.774985
6848 -148743.968700 0.000000 -3.808635 -0.774985
713 -148744.010626 0.000000 -3.850561 -0.816911
668 -148744.010626 0.000000 -3.850561 -0.816911
534 -148744.010626 0.000000 -3.850561 -0.816911
2822 -148744.010626 0.000000 -3.850561 -0.816911
2662 -148744.010626 0.000000 -3.850561 -0.816911
4954 -148744.010626 0.000000 -3.850561 -0.816911
4798 -148744.010626 0.000000 -3.850561 -0.816911
4756 -148744.010626 0.000000 -3.850561 -0.816911
6952 -148744.010626 0.000000 -3.850561 -0.816911
6907 -148744.010626 0.000000 -3.850561 -0.816911
729 -148743.815387 0.000000 -3.655322 -0.621672
667 -148743.815387 0.000000 -3.655322 -0.621672
542 -148743.815387 0.000000 -3.655322 -0.621672
2821 -148743.815387 0.000000 -3.655322 -0.621672
2680 -148743.815387 0.000000 -3.655322 -0.621672
4953 -148743.815387 0.000000 -3.655322 -0.621672
4816 -148743.815387 0.000000 -3.655322 -0.621672
4755 -148743.815387 0.000000 -3.655322 -0.621672
6970 -148743.815387 0.000000 -3.655322 -0.621672
6906 -148743.815387 0.000000 -3.655322 -0.621672
767 -148744.119285 0.000000 -3.959220 -0.925570
625 -148744.119285 0.000000 -3.959220 -0.925570
570 -148744.119285 0.000000 -3.959220 -0.925570
2779 -148744.119285 0.000000 -3.959220 -0.925570
2721 -148744.119285 0.000000 -3.959220 -0.925570
4919 -148744.119285 0.000000 -3.959220 -0.925570
4862 -148744.119285 0.000000 -3.959220 -0.925570
4731 -148744.119285 0.000000 -3.959220 -0.925570
7016 -148744.119285 0.000000 -3.959220 -0.925570
6869 -148744.119285 0.000000 -3.959220 -0.925570
742 -148743.920678 0.000000 -3.760613 -0.726963
586 -148743.920678 0.000000 -3.760613 -0.726963
2873 -148743.920678 0.000000 -3.760613 -0.726963
2740 -148743.920678 0.000000 -3.760613 -0.726963
2700 -148743.920678 0.000000 -3.760613 -0.726963
4881 -148743.920678 0.000000 -3.760613 -0.726963
4836 -148743.920678 0.000000 -3.760613 -0.726963
7035 -148743.920678 0.000000 -3.760613 -0.726963
6990 -148743.920678 0.000000 -3.760613 -0.726963
6837 -148743.920678 0.000000 -3.760613 -0.726963
