#ID      EIFS 	      EIPFS 	   FSbin        FSseg
391 -247373.350996 0.000000 -1.794236 1.237744
211 -247373.349147 0.000000 -1.792387 1.239593
333 -247373.350164 0.000000 -1.793404 1.238576
212 -247373.350908 0.000000 -1.794147 1.237833
1900 -247373.292838 0.000000 -1.736077 1.295903
2020 -247373.349110 0.000000 -1.792349 1.239631
2132 -247373.350148 0.000000 -1.793388 1.238592
31954 -247373.292891 0.000000 -1.736130 1.295850
3703 -247373.349161 0.000000 -1.792401 1.239579
3930 -247373.350172 0.000000 -1.793412 1.238568
3727 -247373.351006 0.000000 -1.794246 1.237734
5389 -247373.349163 0.000000 -1.792402 1.239578
5640 -247373.350174 0.000000 -1.793414 1.238566
5696 -247373.351006 0.000000 -1.794246 1.237734
7096 -247373.349164 0.000000 -1.792404 1.239576
7338 -247373.350174 0.000000 -1.793413 1.238567
7431 -247373.350996 0.000000 -1.794236 1.237744
7234 -247373.349147 0.000000 -1.792386 1.239594
9016 -247373.350164 0.000000 -1.793404 1.238576
9137 -247373.350908 0.000000 -1.794147 1.237833
8927 -247373.292838 0.000000 -1.736077 1.295903
9163 -247373.349110 0.000000 -1.792349 1.239631
10827 -247373.350148 0.000000 -1.793388 1.238592
10962 -247373.350999 0.000000 -1.794239 1.237741
10864 -247373.349161 0.000000 -1.792401 1.239579
12503 -247373.350172 0.000000 -1.793412 1.238568
12699 -247373.351005 0.000000 -1.794244 1.237736
12557 -247373.349165 0.000000 -1.792404 1.239576
12668 -247373.350174 0.000000 -1.793413 1.238567
366 -247373.291352 0.000000 -1.734591 1.297389
192 -247373.289629 0.000000 -1.732869 1.299111
332 -247373.293790 0.000000 -1.737030 1.294950
420 -247373.291543 0.000000 -1.734783 1.297197
1877 -247373.293494 0.000000 -1.736733 1.295247
2019 -247373.289479 0.000000 -1.732719 1.299261
2185 -247373.293723 0.000000 -1.736963 1.295017
2035 -247373.293874 0.000000 -1.737113 1.294867
3702 -247373.289583 0.000000 -1.732822 1.299158
3919 -247373.293777 0.000000 -1.737017 1.294963
3827 -247373.291367 0.000000 -1.734606 1.297374
5388 -247373.289585 0.000000 -1.732825 1.299155
5623 -247373.293781 0.000000 -1.737021 1.294959
5695 -247373.291367 0.000000 -1.734607 1.297373
5546 -247373.289588 0.000000 -1.732827 1.299153
7315 -247373.293783 0.000000 -1.737023 1.294957
7430 -247373.291352 0.000000 -1.734591 1.297389
7233 -247373.289629 0.000000 -1.732869 1.299111
8991 -247373.293790 0.000000 -1.737030 1.294950
9136 -247373.291543 0.000000 -1.734783 1.297197
8926 -247373.293494 0.000000 -1.736733 1.295247
9159 -247373.289479 0.000000 -1.732719 1.299261
10826 -247373.293723 0.000000 -1.736963 1.295017
10625 -247373.293874 0.000000 -1.737113 1.294867
10857 -247373.289583 0.000000 -1.732823 1.299157
10954 -247373.293777 0.000000 -1.737016 1.294964
12683 -247373.291364 0.000000 -1.734604 1.297376
12544 -247373.289589 0.000000 -1.732829 1.299151
12667 -247373.293783 0.000000 -1.737023 1.294957
195 -247373.294407 0.000000 -1.737647 1.294333
319 -247373.296113 0.000000 -1.739353 1.292627
213 -247373.334282 0.000000 -1.777521 1.254459
1880 -247373.293559 0.000000 -1.736799 1.295181
2000 -247373.294262 0.000000 -1.737501 1.294479
2188 -247373.296041 0.000000 -1.739281 1.292699
2037 -247373.294964 0.000000 -1.738203 1.293777
3680 -247373.294369 0.000000 -1.737609 1.294371
3922 -247373.296096 0.000000 -1.739336 1.292644
3726 -247373.294954 0.000000 -1.738194 1.293786
3852 -247373.294379 0.000000 -1.737618 1.294362
5626 -247373.296104 0.000000 -1.739343 1.292637
5684 -247373.334319 0.000000 -1.777558 1.254422
5542 -247373.294379 0.000000 -1.737619 1.294361
7318 -247373.296104 0.000000 -1.739343 1.292637
7413 -247373.334303 0.000000 -1.777542 1.254438
7226 -247373.294407 0.000000 -1.737647 1.294333
7444 -247373.296113 0.000000 -1.739353 1.292627
9114 -247373.334282 0.000000 -1.777521 1.254459
8919 -247373.293559 0.000000 -1.736799 1.295181
9162 -247373.294261 0.000000 -1.737501 1.294479
9164 -247373.296041 0.000000 -1.739281 1.292699
10620 -247373.294964 0.000000 -1.738203 1.293777
10860 -247373.294369 0.000000 -1.737608 1.294372
10950 -247373.296096 0.000000 -1.739335 1.292645
40756 -247373.294955 0.000000 -1.738195 1.293785
12547 -247373.294380 0.000000 -1.737620 1.294360
12660 -247373.296104 0.000000 -1.739343 1.292637
12432 -247373.334302 0.000000 -1.777542 1.254438
169 -247373.336277 0.000000 -1.779516 1.252464
318 -247373.337678 0.000000 -1.780917 1.251063
432 -247373.262303 0.000000 -1.705542 1.326438
337 -247373.335742 0.000000 -1.778982 1.252998
1999 -247373.336273 0.000000 -1.779512 1.252468
2174 -247373.337592 0.000000 -1.780831 1.251149
2030 -247373.340430 0.000000 -1.783669 1.248311
2145 -247373.336222 0.000000 -1.779462 1.252518
3903 -247373.337655 0.000000 -1.780895 1.251085
3717 -247373.340430 0.000000 -1.783669 1.248311
3851 -247373.336249 0.000000 -1.779489 1.252491
5602 -247373.337672 0.000000 -1.780911 1.251069
5408 -247373.340423 0.000000 -1.783663 1.248317
5541 -247373.336249 0.000000 -1.779488 1.252492
5699 -247373.337670 0.000000 -1.780910 1.251070
7412 -247373.262070 0.000000 -1.705310 1.326670
7225 -247373.336276 0.000000 -1.779516 1.252464
7439 -247373.337678 0.000000 -1.780917 1.251063
9113 -247373.262303 0.000000 -1.705542 1.326438
8918 -247373.335742 0.000000 -1.778982 1.252998
9151 -247373.336273 0.000000 -1.779512 1.252468
9191 -247373.337592 0.000000 -1.780831 1.251149
10619 -247373.340430 0.000000 -1.783669 1.248311
10845 -247373.336222 0.000000 -1.779462 1.252518
10949 -247373.337655 0.000000 -1.780894 1.251086
10747 -247373.340431 0.000000 -1.783670 1.248310
12526 -247373.336250 0.000000 -1.779490 1.252490
12659 -247373.337670 0.000000 -1.780910 1.251070
12558 -247373.262071 0.000000 -1.705310 1.326670
298 -247373.257061 0.000000 -1.700301 1.331679
433 -247373.452566 0.000000 -1.895805 1.136175
340 -247373.256957 0.000000 -1.700196 1.331784
1973 -247373.256475 0.000000 -1.699715 1.332265
2176 -247373.257218 0.000000 -1.700457 1.331523
2033 -247373.303870 0.000000 -1.747110 1.284870
2143 -247373.257358 0.000000 -1.700598 1.331382
3906 -247373.257082 0.000000 -1.700321 1.331659
3720 -247373.303837 0.000000 -1.747077 1.284903
3844 -247373.257317 0.000000 -1.700557 1.331423
3600 -247373.257061 0.000000 -1.700300 1.331680
5411 -247373.303842 0.000000 -1.747082 1.284898
5530 -247373.257319 0.000000 -1.700558 1.331422
5654 -247373.257061 0.000000 -1.700300 1.331680
35460 -247373.303838 0.000000 -1.747078 1.284902
7208 -247373.257306 0.000000 -1.700546 1.331434
7442 -247373.257062 0.000000 -1.700301 1.331679
7339 -247373.452566 0.000000 -1.895805 1.136175
8896 -247373.256957 0.000000 -1.700196 1.331784
9154 -247373.256476 0.000000 -1.699715 1.332265
9205 -247373.257218 0.000000 -1.700457 1.331523
9052 -247373.303870 0.000000 -1.747110 1.284870
10848 -247373.257358 0.000000 -1.700598 1.331382
10938 -247373.257082 0.000000 -1.700321 1.331659
10745 -247373.303837 0.000000 -1.747077 1.284903
12529 -247373.257317 0.000000 -1.700557 1.331423
12644 -247373.257062 0.000000 -1.700301 1.331679
12441 -247373.303838 0.000000 -1.747077 1.284903
12670 -247373.257306 0.000000 -1.700545 1.331435
297 -247373.468152 0.000000 -1.911391 1.120589
95 -247373.523344 0.000000 -1.966583 1.065397
331 -247373.468574 0.000000 -1.911814 1.120166
425 -247373.467829 0.000000 -1.911069 1.120911
2160 -247373.468326 0.000000 -1.911566 1.120414
2018 -247373.523464 0.000000 -1.966703 1.065277
2142 -247373.468674 0.000000 -1.911914 1.120066
3881 -247373.468177 0.000000 -1.911416 1.120564
3701 -247373.523392 0.000000 -1.966631 1.065349
3843 -247373.468617 0.000000 -1.911857 1.120123
3845 -247373.468151 0.000000 -1.911391 1.120589
5387 -247373.523397 0.000000 -1.966636 1.065344
5529 -247373.468617 0.000000 -1.911856 1.120124
5694 -247373.468151 0.000000 -1.911390 1.120590
5545 -247373.523394 0.000000 -1.966634 1.065346
7207 -247373.468609 0.000000 -1.911849 1.120131
7429 -247373.468152 0.000000 -1.911391 1.120589
7340 -247373.480669 0.000000 -1.923908 1.108072
8895 -247373.468574 0.000000 -1.911814 1.120166
9135 -247373.467829 0.000000 -1.911069 1.120911
9204 -247373.468326 0.000000 -1.911566 1.120414
9051 -247373.523463 0.000000 -1.966703 1.065277
10825 -247373.468674 0.000000 -1.911914 1.120066
10937 -247373.468177 0.000000 -1.911416 1.120564
10744 -247373.523392 0.000000 -1.966631 1.065349
10953 -247373.468617 0.000000 -1.911857 1.120123
12643 -247373.468152 0.000000 -1.911392 1.120588
12440 -247373.523393 0.000000 -1.966632 1.065348
12666 -247373.468609 0.000000 -1.911848 1.120132
90 -247373.554943 0.000000 -1.998182 1.033798
334 -247373.535794 0.000000 -1.979034 1.052946
422 -247373.532932 0.000000 -1.976171 1.055809
30233 -247373.553696 0.000000 -1.996936 1.035044
2021 -247373.555109 0.000000 -1.998349 1.033631
2134 -247373.535924 0.000000 -1.979163 1.052817
1901 -247373.533022 0.000000 -1.976262 1.055718
3704 -247373.554984 0.000000 -1.998223 1.033757
3829 -247373.535836 0.000000 -1.979076 1.052904
3601 -247373.532986 0.000000 -1.976226 1.055754
3854 -247373.554990 0.000000 -1.998229 1.033751
5511 -247373.535834 0.000000 -1.979074 1.052906
5697 -247373.532985 0.000000 -1.976224 1.055756
5547 -247373.554989 0.000000 -1.998228 1.033752
7183 -247373.535832 0.000000 -1.979071 1.052909
7432 -247373.532994 0.000000 -1.976234 1.055746
7235 -247373.554943 0.000000 -1.998182 1.033798
7361 -247373.535794 0.000000 -1.979034 1.052946
9138 -247373.532932 0.000000 -1.976171 1.055809
9192 -247373.533271 0.000000 -1.976511 1.055469
9047 -247373.555110 0.000000 -1.998349 1.033631
10828 -247373.535924 0.000000 -1.979163 1.052817
10919 -247373.533022 0.000000 -1.976262 1.055718
10737 -247373.554984 0.000000 -1.998223 1.033757
10955 -247373.535837 0.000000 -1.979076 1.052904
12621 -247373.532988 0.000000 -1.976227 1.055753
12434 -247373.554987 0.000000 -1.998227 1.033753
12669 -247373.535831 0.000000 -1.979070 1.052910
12620 -247373.532994 0.000000 -1.976233 1.055747
89 -247373.547435 0.000000 -1.990674 1.041306
317 -247373.548571 0.000000 -1.991810 1.040170
421 -247373.559115 0.000000 -2.002354 1.029626
222 -247373.547341 0.000000 -1.990581 1.041399
1998 -247373.547719 0.000000 -1.990959 1.041021
2133 -247373.548726 0.000000 -1.991966 1.040014
1902 -247373.559135 0.000000 -2.002374 1.029606
3679 -247373.547464 0.000000 -1.990704 1.041276
3828 -247373.548607 0.000000 -1.991847 1.040133
3943 -247373.559095 0.000000 -2.002335 1.029645
3850 -247373.547464 0.000000 -1.990703 1.041277
5510 -247373.548600 0.000000 -1.991840 1.040140
5683 -247373.559091 0.000000 -2.002330 1.029650
5540 -247373.547465 0.000000 -1.990704 1.041276
5655 -247373.548600 0.000000 -1.991840 1.040140
7411 -247373.559096 0.000000 -2.002336 1.029644
7224 -247373.547435 0.000000 -1.990675 1.041305
7360 -247373.548571 0.000000 -1.991810 1.040170
9112 -247373.559115 0.000000 -2.002354 1.029626
8917 -247373.547341 0.000000 -1.990580 1.041400
9046 -247373.547720 0.000000 -1.990959 1.041021
9206 -247373.548726 0.000000 -1.991966 1.040014
10918 -247373.559135 0.000000 -2.002374 1.029606
10736 -247373.547464 0.000000 -1.990704 1.041276
10948 -247373.548608 0.000000 -1.991847 1.040133
10695 -247373.559096 0.000000 -2.002335 1.029645
12433 -247373.547463 0.000000 -1.990702 1.041278
12658 -247373.548599 0.000000 -1.991839 1.040141
12645 -247373.559096 0.000000 -2.002336 1.029644
320 -247373.553752 0.000000 -1.996992 1.034988
411 -247373.639604 0.000000 -2.082843 0.949137
221 -247373.553312 0.000000 -1.996552 1.035428
2001 -247373.553818 0.000000 -1.997058 1.034922
2117 -247373.553936 0.000000 -1.997176 1.034804
1909 -247373.592429 0.000000 -2.035669 0.996311
2146 -247373.553404 0.000000 -1.996643 1.035337
3806 -247373.553792 0.000000 -1.997031 1.034949
3944 -247373.639582 0.000000 -2.082822 0.949158
3853 -247373.553388 0.000000 -1.996627 1.035353
3935 -247373.553776 0.000000 -1.997015 1.034965
5685 -247373.639576 0.000000 -2.082816 0.949164
5543 -247373.553390 0.000000 -1.996629 1.035351
5652 -247373.553776 0.000000 -1.997016 1.034964
7414 -247373.639578 0.000000 -2.082817 0.949163
7227 -247373.553370 0.000000 -1.996610 1.035370
7354 -247373.553752 0.000000 -1.996992 1.034988
7209 -247373.639604 0.000000 -2.082843 0.949137
8920 -247373.553312 0.000000 -1.996552 1.035428
9036 -247373.553818 0.000000 -1.997058 1.034922
9053 -247373.553936 0.000000 -1.997176 1.034804
38964 -247373.592429 0.000000 -2.035669 0.996311
10719 -247373.553404 0.000000 -1.996643 1.035337
10951 -247373.553792 0.000000 -1.997032 1.034948
10735 -247373.639582 0.000000 -2.082822 0.949158
12411 -247373.553387 0.000000 -1.996627 1.035353
12661 -247373.553776 0.000000 -1.997015 1.034965
12714 -247373.639578 0.000000 -2.082818 0.949162
12563 -247373.553370 0.000000 -1.996609 1.035371
296 -247373.679807 0.000000 -2.123047 0.908933
410 -247373.685801 0.000000 -2.129040 0.902940
220 -247373.679796 0.000000 -2.123035 0.908945
424 -247373.679951 0.000000 -2.123191 0.908789
2116 -247373.680030 0.000000 -2.123270 0.908710
1908 -247373.979330 0.000000 -2.422569 0.609411
2141 -247373.679943 0.000000 -2.123183 0.908797
3805 -247373.679849 0.000000 -2.123089 0.908891
3607 -247373.979360 0.000000 -2.422600 0.609380
3842 -247373.679911 0.000000 -2.123151 0.908829
3934 -247373.679826 0.000000 -2.123066 0.908914
5669 -247373.685774 0.000000 -2.129014 0.902966
5528 -247373.679913 0.000000 -2.123153 0.908827
5651 -247373.679826 0.000000 -2.123065 0.908915
5509 -247373.685775 0.000000 -2.129015 0.902965
7206 -247373.679905 0.000000 -2.123144 0.908836
7353 -247373.679807 0.000000 -2.123047 0.908933
7359 -247373.685801 0.000000 -2.129040 0.902940
8894 -247373.679796 0.000000 -2.123035 0.908945
9035 -247373.679951 0.000000 -2.123191 0.908789
9203 -247373.680030 0.000000 -2.123270 0.908710
9050 -247373.979329 0.000000 -2.422569 0.609411
10718 -247373.679943 0.000000 -2.123183 0.908797
10936 -247373.679850 0.000000 -2.123089 0.908891
10746 -247373.685785 0.000000 -2.129024 0.902956
12410 -247373.679911 0.000000 -2.123150 0.908830
12642 -247373.679826 0.000000 -2.123066 0.908914
12713 -247373.685776 0.000000 -2.129015 0.902965
12562 -247373.679904 0.000000 -2.123144 0.908836
465 -247374.005714 0.000000 -2.448953 0.583027
610 -247374.006885 0.000000 -2.450124 0.581856
496 -247374.006222 0.000000 -2.449462 0.582518
2248 -247374.005928 0.000000 -2.449167 0.582813
2429 -247374.409553 0.000000 -2.852793 0.179187
2305 -247374.006960 0.000000 -2.450200 0.581780
2195 -247374.006184 0.000000 -2.449423 0.582557
4243 -247374.409578 0.000000 -2.852817 0.179163
4128 -247374.006963 0.000000 -2.450203 0.581777
3956 -247374.006178 0.000000 -2.449418 0.582562
33853 -247374.409583 0.000000 -2.852823 0.179157
5955 -247374.006965 0.000000 -2.450204 0.581776
5726 -247374.006178 0.000000 -2.449418 0.582562
5706 -247374.005722 0.000000 -2.448961 0.583019
7774 -247374.006961 0.000000 -2.450200 0.581780
7523 -247374.006165 0.000000 -2.449404 0.582576
7469 -247374.005714 0.000000 -2.448953 0.583027
7618 -247374.006885 0.000000 -2.450124 0.581856
9337 -247374.006222 0.000000 -2.449462 0.582518
9244 -247374.005928 0.000000 -2.449167 0.582813
9435 -247374.409553 0.000000 -2.852793 0.179187
11166 -247374.006960 0.000000 -2.450200 0.581780
11049 -247374.006184 0.000000 -2.449424 0.582556
11257 -247374.409578 0.000000 -2.852817 0.179163
11022 -247374.006963 0.000000 -2.450202 0.581778
12869 -247374.006178 0.000000 -2.449417 0.582563
12731 -247374.005722 0.000000 -2.448962 0.583018
12825 -247374.006961 0.000000 -2.450200 0.581780
12740 -247374.006165 0.000000 -2.449404 0.582576
479 -247374.407971 0.000000 -2.851210 0.180770
621 -247374.408453 0.000000 -2.851692 0.180288
495 -247374.407550 0.000000 -2.850790 0.181190
441 -247374.407758 0.000000 -2.850998 0.180982
2446 -247374.407565 0.000000 -2.850805 0.181175
2304 -247374.408454 0.000000 -2.851693 0.180287
2197 -247374.407530 0.000000 -2.850769 0.181211
4266 -247374.407572 0.000000 -2.850811 0.181169
4127 -247374.408437 0.000000 -2.851676 0.180304
3961 -247374.407515 0.000000 -2.850755 0.181225
4111 -247374.407576 0.000000 -2.850816 0.181164
5954 -247374.408439 0.000000 -2.851679 0.180301
5737 -247374.407515 0.000000 -2.850755 0.181225
5705 -247374.407971 0.000000 -2.851211 0.180769
5807 -247374.408440 0.000000 -2.851680 0.180300
7538 -247374.407517 0.000000 -2.850756 0.181224
7468 -247374.407971 0.000000 -2.851210 0.180770
7617 -247374.408453 0.000000 -2.851692 0.180288
9358 -247374.407550 0.000000 -2.850790 0.181190
9243 -247374.407758 0.000000 -2.850998 0.180982
9434 -247374.407565 0.000000 -2.850805 0.181175
9231 -247374.408454 0.000000 -2.851693 0.180287
11048 -247374.407530 0.000000 -2.850769 0.181211
11256 -247374.407572 0.000000 -2.850811 0.181169
11024 -247374.408437 0.000000 -2.851676 0.180304
12868 -247374.407515 0.000000 -2.850754 0.181226
13065 -247374.407575 0.000000 -2.850815 0.181165
12832 -247374.408440 0.000000 -2.851679 0.180301
12739 -247374.407517 0.000000 -2.850756 0.181224
28510 -247374.407970 0.000000 -2.851210 0.180770
437 -247374.408660 0.000000 -2.851900 0.180080
439 -247374.412026 0.000000 -2.855266 0.176714
440 -247374.438525 0.000000 -2.881764 0.150216
2191 -247374.408188 0.000000 -2.851428 0.180552
2193 -247374.408724 0.000000 -2.851964 0.180016
2194 -247374.412041 0.000000 -2.855280 0.176700
2192 -247374.407959 0.000000 -2.851199 0.180781
3948 -247374.408662 0.000000 -2.851902 0.180078
3949 -247374.412011 0.000000 -2.855251 0.176729
3947 -247374.407972 0.000000 -2.851211 0.180769
5701 -247374.408665 0.000000 -2.851904 0.180076
5702 -247374.412010 0.000000 -2.855250 0.176730
5700 -247374.407973 0.000000 -2.851212 0.180768
5703 -247374.408665 0.000000 -2.851905 0.180075
7455 -247374.412011 0.000000 -2.855250 0.176730
7458 -247374.438498 0.000000 -2.881738 0.150242
7456 -247374.408660 0.000000 -2.851899 0.180081
7457 -247374.412026 0.000000 -2.855266 0.176714
9211 -247374.438525 0.000000 -2.881764 0.150216
9209 -247374.408188 0.000000 -2.851428 0.180552
9210 -247374.408724 0.000000 -2.851964 0.180016
10967 -247374.412041 0.000000 -2.855280 0.176700
10965 -247374.407959 0.000000 -2.851199 0.180781
10966 -247374.408662 0.000000 -2.851902 0.180078
10968 -247374.412011 0.000000 -2.855251 0.176729
12718 -247374.407972 0.000000 -2.851211 0.180769
12719 -247374.408665 0.000000 -2.851904 0.180076
12720 -247374.412010 0.000000 -2.855250 0.176730
754 -247374.437559 0.000000 -2.880798 0.151182
522 -247374.445548 0.000000 -2.888788 0.143192
451 -247374.880451 0.000000 -3.323690 -0.291710
604 -247374.437528 0.000000 -2.880768 0.151212
2339 -247374.437686 0.000000 -2.880926 0.151054
2226 -247374.445575 0.000000 -2.888814 0.143166
2419 -247374.436263 0.000000 -2.879503 0.152477
2211 -247374.437564 0.000000 -2.880804 0.151176
4025 -247374.445542 0.000000 -2.888781 0.143199
4234 -247374.436279 0.000000 -2.879518 0.152462
4002 -247374.437566 0.000000 -2.880805 0.151175
5847 -247374.445541 0.000000 -2.888780 0.143200
6051 -247374.436280 0.000000 -2.879520 0.152460
5815 -247374.437567 0.000000 -2.880806 0.151174
5720 -247374.445541 0.000000 -2.888780 0.143200
35569 -247374.436277 0.000000 -2.879517 0.152463
7636 -247374.437559 0.000000 -2.880798 0.151182
7513 -247374.445548 0.000000 -2.888788 0.143192
9285 -247374.880451 0.000000 -3.323690 -0.291710
9459 -247374.437528 0.000000 -2.880768 0.151212
9321 -247374.437686 0.000000 -2.880926 0.151054
9214 -247374.445574 0.000000 -2.888814 0.143166
11286 -247374.436264 0.000000 -2.879503 0.152477
11144 -247374.437564 0.000000 -2.880804 0.151176
10980 -247374.445542 0.000000 -2.888781 0.143199
11129 -247374.436279 0.000000 -2.879518 0.152462
12970 -247374.437566 0.000000 -2.880805 0.151175
12754 -247374.445540 0.000000 -2.888780 0.143200
40794 -247374.436277 0.000000 -2.879517 0.152463
26862 -247374.880080 0.000000 -3.323319 -0.291339
523 -247374.879561 0.000000 -3.322801 -0.290821
28538 -247374.875991 0.000000 -3.319231 -0.287251
611 -247374.880194 0.000000 -3.323434 -0.291454
2340 -247374.880302 0.000000 -3.323541 -0.291561
2249 -247374.879587 0.000000 -3.322827 -0.290847
2430 -247374.876028 0.000000 -3.319267 -0.287287
2212 -247374.880085 0.000000 -3.323324 -0.291344
4051 -247374.879574 0.000000 -3.322814 -0.290834
4244 -247374.876039 0.000000 -3.319278 -0.287298
4003 -247374.880090 0.000000 -3.323330 -0.291350
3957 -247374.879575 0.000000 -3.322815 -0.290835
6057 -247374.876039 0.000000 -3.319279 -0.287299
5816 -247374.880090 0.000000 -3.323329 -0.291349
5727 -247374.879575 0.000000 -3.322814 -0.290834
35570 -247374.876037 0.000000 -3.319277 -0.287297
7637 -247374.880079 0.000000 -3.323319 -0.291339
7524 -247374.879561 0.000000 -3.322801 -0.290821
35531 -247374.875991 0.000000 -3.319231 -0.287251
9460 -247374.880194 0.000000 -3.323434 -0.291454
9338 -247374.880302 0.000000 -3.323541 -0.291561
9215 -247374.879587 0.000000 -3.322827 -0.290847
9313 -247374.876028 0.000000 -3.319267 -0.287287
11167 -247374.880085 0.000000 -3.323324 -0.291344
10981 -247374.879574 0.000000 -3.322814 -0.290834
11130 -247374.876038 0.000000 -3.319278 -0.287298
12995 -247374.880089 0.000000 -3.323329 -0.291349
12755 -247374.879574 0.000000 -3.322814 -0.290834
12949 -247374.876037 0.000000 -3.319277 -0.287297
755 -247374.880144 0.000000 -3.323383 -0.291403
620 -247374.880942 0.000000 -3.324181 -0.292201
452 -247375.788143 0.000000 -4.231383 -1.199403
605 -247374.880374 0.000000 -3.323614 -0.291634
2445 -247374.880177 0.000000 -3.323417 -0.291437
2227 -247374.881029 0.000000 -3.324268 -0.292288
2196 -247375.788316 0.000000 -4.231556 -1.199576
4265 -247374.880142 0.000000 -3.323381 -0.291401
4026 -247374.880998 0.000000 -3.324238 -0.292258
3960 -247375.788314 0.000000 -4.231554 -1.199574
4110 -247374.880135 0.000000 -3.323375 -0.291395
5848 -247374.880995 0.000000 -3.324234 -0.292254
5736 -247375.788311 0.000000 -4.231550 -1.199570
5928 -247374.880134 0.000000 -3.323374 -0.291394
5721 -247374.880989 0.000000 -3.324228 -0.292248
7537 -247375.788293 0.000000 -4.231533 -1.199553
7745 -247374.880144 0.000000 -3.323383 -0.291403
7514 -247374.880942 0.000000 -3.324181 -0.292201
9357 -247375.788143 0.000000 -4.231383 -1.199403
9559 -247374.880374 0.000000 -3.323614 -0.291634
9322 -247374.880177 0.000000 -3.323417 -0.291437
9230 -247374.881029 0.000000 -3.324268 -0.292288
11006 -247375.788317 0.000000 -4.231556 -1.199576
11145 -247374.880142 0.000000 -3.323381 -0.291401
11023 -247374.880998 0.000000 -3.324237 -0.292257
10969 -247375.788314 0.000000 -4.231553 -1.199573
12971 -247374.880134 0.000000 -3.323373 -0.291393
12831 -247374.880989 0.000000 -3.324228 -0.292248
12723 -247375.788294 0.000000 -4.231533 -1.199553
734 -247374.432964 0.000000 -2.876203 0.155777
622 -247374.438093 0.000000 -2.881332 0.150648
447 -247374.438495 0.000000 -2.881735 0.150245
2272 -247374.438014 0.000000 -2.881254 0.150726
2447 -247374.433066 0.000000 -2.876305 0.155675
2216 -247374.438169 0.000000 -2.881409 0.150571
2198 -247374.438496 0.000000 -2.881735 0.150245
4267 -247374.432991 0.000000 -2.876230 0.155750
4011 -247374.438182 0.000000 -2.881422 0.150558
3962 -247374.438527 0.000000 -2.881766 0.150214
4112 -247374.432982 0.000000 -2.876221 0.155759
5829 -247374.438180 0.000000 -2.881419 0.150561
5738 -247374.438528 0.000000 -2.881767 0.150213
5929 -247374.432980 0.000000 -2.876220 0.155760
7657 -247374.438176 0.000000 -2.881416 0.150564
7539 -247374.438524 0.000000 -2.881763 0.150217
7746 -247374.432964 0.000000 -2.876203 0.155777
7512 -247374.438093 0.000000 -2.881333 0.150647
9359 -247374.438495 0.000000 -2.881735 0.150245
9222 -247374.438014 0.000000 -2.881254 0.150726
9316 -247374.433066 0.000000 -2.876305 0.155675
11192 -247374.438169 0.000000 -2.881409 0.150571
10992 -247374.438496 0.000000 -2.881735 0.150245
11134 -247374.432991 0.000000 -2.876230 0.155750
11025 -247374.438182 0.000000 -2.881422 0.150558
12773 -247374.438527 0.000000 -2.881766 0.150214
12956 -247374.432980 0.000000 -2.876220 0.155760
12833 -247374.438176 0.000000 -2.881416 0.150564
12721 -247374.438524 0.000000 -2.881764 0.150216
546 -247374.404848 0.000000 -2.848087 0.183893
733 -247374.376820 0.000000 -2.820059 0.211921
608 -247374.404931 0.000000 -2.848171 0.183809
446 -247374.404839 0.000000 -2.848078 0.183902
2246 -247374.404743 0.000000 -2.847983 0.183997
2427 -247374.376800 0.000000 -2.820039 0.211941
2215 -247374.405170 0.000000 -2.848409 0.183571
4049 -247374.404869 0.000000 -2.848108 0.183872
4241 -247374.376813 0.000000 -2.820052 0.211928
4010 -247374.405186 0.000000 -2.848425 0.183555
3954 -247374.404882 0.000000 -2.848122 0.183858
6056 -247374.376807 0.000000 -2.820047 0.211933
5828 -247374.405184 0.000000 -2.848424 0.183556
5724 -247374.404882 0.000000 -2.848122 0.183858
5927 -247374.376802 0.000000 -2.820042 0.211938
7656 -247374.405167 0.000000 -2.848407 0.183573
7521 -247374.404848 0.000000 -2.848087 0.183893
7460 -247375.328609 0.000000 -3.771848 -0.739868
9483 -247374.404931 0.000000 -2.848171 0.183809
9335 -247374.404839 0.000000 -2.848078 0.183902
9221 -247374.404743 0.000000 -2.847983 0.183997
9315 -247374.376800 0.000000 -2.820039 0.211941
11164 -247374.405170 0.000000 -2.848409 0.183571
10991 -247374.404869 0.000000 -2.848109 0.183871
11133 -247374.376812 0.000000 -2.820052 0.211928
11021 -247374.405185 0.000000 -2.848424 0.183556
12772 -247374.404882 0.000000 -2.848121 0.183859
12955 -247374.376802 0.000000 -2.820042 0.211938
12823 -247374.405167 0.000000 -2.848407 0.183573
639 -247374.408997 0.000000 -2.852237 0.179743
464 -247376.157788 0.000000 -4.601028 -1.569048
609 -247374.408005 0.000000 -2.851245 0.180735
493 -247374.408186 0.000000 -2.851425 0.180555
2247 -247374.408826 0.000000 -2.852066 0.179914
2428 -247374.398256 0.000000 -2.841495 0.190485
2298 -247374.408000 0.000000 -2.851239 0.180741
4050 -247374.408964 0.000000 -2.852204 0.179776
4242 -247374.398217 0.000000 -2.841456 0.190524
4115 -247374.407997 0.000000 -2.851236 0.180744
3955 -247374.408971 0.000000 -2.852211 0.179769
33827 -247374.398213 0.000000 -2.841453 0.190527
5936 -247374.407996 0.000000 -2.851235 0.180745
5725 -247374.408971 0.000000 -2.852211 0.179769
5704 -247376.157800 0.000000 -4.601039 -1.569059
7752 -247374.408004 0.000000 -2.851244 0.180736
7522 -247374.408997 0.000000 -2.852237 0.179743
7462 -247376.157788 0.000000 -4.601028 -1.569048
9565 -247374.408005 0.000000 -2.851245 0.180735
9336 -247374.408186 0.000000 -2.851425 0.180555
9233 -247374.408826 0.000000 -2.852066 0.179914
9433 -247374.398256 0.000000 -2.841495 0.190485
11165 -247374.408000 0.000000 -2.851239 0.180741
11032 -247374.408964 0.000000 -2.852203 0.179777
39044 -247374.398217 0.000000 -2.841457 0.190523
12994 -247374.407997 0.000000 -2.851237 0.180743
12846 -247374.408972 0.000000 -2.852211 0.179769
40802 -247374.398214 0.000000 -2.841454 0.190526
12824 -247374.408004 0.000000 -2.851244 0.180736
26858 -247374.005754 0.000000 -2.448994 0.582986
640 -247374.006502 0.000000 -2.449741 0.582239
453 -247376.192060 0.000000 -4.635299 -1.603319
606 -247374.005332 0.000000 -2.448571 0.583409
2470 -247374.005707 0.000000 -2.448946 0.583034
2228 -247374.006533 0.000000 -2.449772 0.582208
2420 -247374.005042 0.000000 -2.448282 0.583698
2299 -247374.005773 0.000000 -2.449013 0.582967
4027 -247374.006598 0.000000 -2.449837 0.582143
32045 -247374.005013 0.000000 -2.448253 0.583727
4116 -247374.005768 0.000000 -2.449007 0.582973
6141 -247374.006599 0.000000 -2.449838 0.582142
33828 -247374.005011 0.000000 -2.448251 0.583729
5937 -247374.005764 0.000000 -2.449003 0.582977
5722 -247374.006590 0.000000 -2.449830 0.582150
7560 -247376.192187 0.000000 -4.635426 -1.603446
7753 -247374.005754 0.000000 -2.448994 0.582986
7515 -247374.006502 0.000000 -2.449741 0.582239
7463 -247376.192060 0.000000 -4.635299 -1.603319
9566 -247374.005332 0.000000 -2.448571 0.583409
9323 -247374.005707 0.000000 -2.448946 0.583034
9234 -247374.006533 0.000000 -2.449772 0.582208
39079 -247374.005042 0.000000 -2.448282 0.583698
11146 -247374.005773 0.000000 -2.449013 0.582967
11033 -247374.006598 0.000000 -2.449837 0.582143
39042 -247374.005013 0.000000 -2.448252 0.583728
12972 -247374.005764 0.000000 -2.449004 0.582976
12847 -247374.006590 0.000000 -2.449830 0.582150
12724 -247376.192187 0.000000 -4.635426 -1.603446
756 -247373.680662 0.000000 -2.123901 0.908079
507 -247373.679641 0.000000 -2.122880 0.909100
454 -247373.655097 0.000000 -2.098337 0.933643
2554 -247373.678896 0.000000 -2.122136 0.909844
2320 -247373.680507 0.000000 -2.123746 0.908234
2229 -247373.679649 0.000000 -2.122889 0.909091
2421 -247373.678857 0.000000 -2.122097 0.909883
4149 -247373.680700 0.000000 -2.123940 0.908040
4028 -247373.679808 0.000000 -2.123048 0.908932
4235 -247373.678832 0.000000 -2.122071 0.909909
4000 -247373.680706 0.000000 -2.123946 0.908034
5849 -247373.679818 0.000000 -2.123057 0.908923
5714 -247373.655169 0.000000 -2.098409 0.933571
5810 -247373.680699 0.000000 -2.123938 0.908042
7682 -247373.679807 0.000000 -2.123047 0.908933
7483 -247373.655174 0.000000 -2.098413 0.933567
7625 -247373.680661 0.000000 -2.123901 0.908079
7516 -247373.679640 0.000000 -2.122880 0.909100
9263 -247373.655097 0.000000 -2.098337 0.933643
9444 -247373.678896 0.000000 -2.122136 0.909844
9324 -247373.680507 0.000000 -2.123747 0.908233
9212 -247373.679649 0.000000 -2.122889 0.909091
11267 -247373.678857 0.000000 -2.122097 0.909883
11147 -247373.680700 0.000000 -2.123940 0.908040
10977 -247373.679809 0.000000 -2.123048 0.908932
12797 -247373.655165 0.000000 -2.098405 0.933575
12973 -247373.680701 0.000000 -2.123940 0.908040
12745 -247373.679808 0.000000 -2.123047 0.908933
12725 -247373.655174 0.000000 -2.098414 0.933566
545 -247373.554466 0.000000 -1.997706 1.034274
732 -247373.551701 0.000000 -1.994940 1.037040
506 -247373.553299 0.000000 -1.996538 1.035442
445 -247373.554084 0.000000 -1.997324 1.034656
2541 -247373.544126 0.000000 -1.987365 1.044615
2319 -247373.551677 0.000000 -1.994916 1.037064
2214 -247373.553526 0.000000 -1.996766 1.035214
2418 -247373.543999 0.000000 -1.987238 1.044742
4148 -247373.551830 0.000000 -1.995069 1.036911
4009 -247373.553644 0.000000 -1.996883 1.035097
3951 -247373.554456 0.000000 -1.997695 1.034285
5981 -247373.551829 0.000000 -1.995068 1.036912
5827 -247373.553649 0.000000 -1.996889 1.035091
5713 -247373.554464 0.000000 -1.997704 1.034276
5809 -247373.551815 0.000000 -1.995055 1.036925
7655 -247373.553631 0.000000 -1.996871 1.035109
7482 -247373.554466 0.000000 -1.997705 1.034275
7624 -247373.551701 0.000000 -1.994940 1.037040
9482 -247373.553298 0.000000 -1.996538 1.035442
9262 -247373.554084 0.000000 -1.997324 1.034656
9443 -247373.544126 0.000000 -1.987365 1.044615
9314 -247373.551677 0.000000 -1.994916 1.037064
11073 -247373.553526 0.000000 -1.996766 1.035214
11266 -247373.543999 0.000000 -1.987238 1.044742
11132 -247373.551830 0.000000 -1.995069 1.036911
10976 -247373.553644 0.000000 -1.996884 1.035096
12771 -247373.554461 0.000000 -1.997700 1.034280
12954 -247373.551817 0.000000 -1.995057 1.036923
12744 -247373.553632 0.000000 -1.996871 1.035109
547 -247373.550440 0.000000 -1.993679 1.038301
735 -247373.548070 0.000000 -1.991310 1.040670
499 -247373.549606 0.000000 -1.992845 1.039135
448 -247373.549540 0.000000 -1.992780 1.039200
2542 -247374.463705 0.000000 -2.906945 0.125035
2308 -247373.548164 0.000000 -1.991403 1.040577
2217 -247373.549955 0.000000 -1.993194 1.038786
3988 -247373.550414 0.000000 -1.993654 1.038326
4131 -247373.548249 0.000000 -1.991488 1.040492
4012 -247373.550026 0.000000 -1.993265 1.038715
3950 -247373.550441 0.000000 -1.993680 1.038300
5958 -247373.548243 0.000000 -1.991483 1.040497
5830 -247373.550027 0.000000 -1.993267 1.038713
5709 -247373.550449 0.000000 -1.993689 1.038291
7777 -247373.548224 0.000000 -1.991463 1.040517
7658 -247373.549997 0.000000 -1.993237 1.038743
7472 -247373.550440 0.000000 -1.993679 1.038301
7621 -247373.548070 0.000000 -1.991310 1.040670
9484 -247373.549605 0.000000 -1.992845 1.039135
9247 -247373.549540 0.000000 -1.992780 1.039200
9437 -247374.463705 0.000000 -2.906945 0.125035
9317 -247373.548164 0.000000 -1.991403 1.040577
11052 -247373.549955 0.000000 -1.993195 1.038785
10993 -247373.550415 0.000000 -1.993654 1.038326
11135 -247373.548248 0.000000 -1.991487 1.040493
12872 -247373.550027 0.000000 -1.993266 1.038714
12774 -247373.550447 0.000000 -1.993687 1.038293
12957 -247373.548225 0.000000 -1.991464 1.040516
12742 -247373.549998 0.000000 -1.993237 1.038743
665 -247373.537218 0.000000 -1.980457 1.051523
521 -247373.539285 0.000000 -1.982524 1.049456
725 -247373.536770 0.000000 -1.980009 1.051971
498 -247373.536851 0.000000 -1.980090 1.051890
2338 -247373.536789 0.000000 -1.980028 1.051952
2536 -247375.942853 0.000000 -4.386092 -1.354112
2307 -247373.537001 0.000000 -1.980241 1.051739
2210 -247373.537231 0.000000 -1.980471 1.051509
3987 -247373.539286 0.000000 -1.982526 1.049454
4130 -247373.537030 0.000000 -1.980270 1.051710
4001 -247373.537274 0.000000 -1.980514 1.051466
5782 -247373.539307 0.000000 -1.982547 1.049433
5957 -247373.537023 0.000000 -1.980262 1.051718
5814 -247373.537273 0.000000 -1.980513 1.051467
5708 -247373.539316 0.000000 -1.982555 1.049425
7776 -247373.536993 0.000000 -1.980233 1.051747
7635 -247373.537218 0.000000 -1.980457 1.051523
7471 -247373.539284 0.000000 -1.982524 1.049456
7620 -247373.536770 0.000000 -1.980009 1.051971
9458 -247373.536850 0.000000 -1.980090 1.051890
9246 -247373.536789 0.000000 -1.980028 1.051952
9213 -247373.539117 0.000000 -1.982356 1.049624
11285 -247373.537001 0.000000 -1.980241 1.051739
11051 -247373.537232 0.000000 -1.980471 1.051509
10979 -247373.539287 0.000000 -1.982527 1.049453
11128 -247373.537028 0.000000 -1.980268 1.051712
12871 -247373.537274 0.000000 -1.980514 1.051466
12753 -247373.539315 0.000000 -1.982555 1.049425
12948 -247373.536994 0.000000 -1.980233 1.051747
643 -247373.468105 0.000000 -1.911344 1.120636
524 -247373.472441 0.000000 -1.915680 1.116300
726 -247373.467916 0.000000 -1.911156 1.120824
494 -247373.467701 0.000000 -1.910941 1.121039
2341 -247373.467822 0.000000 -1.911061 1.120919
2204 -247373.472399 0.000000 -1.915638 1.116342
2302 -247373.468045 0.000000 -1.911284 1.120696
4173 -247373.468162 0.000000 -1.911402 1.120578
3975 -247373.472521 0.000000 -1.915761 1.116219
4119 -247373.468056 0.000000 -1.911296 1.120684
4004 -247373.468187 0.000000 -1.911427 1.120553
5759 -247373.472536 0.000000 -1.915775 1.116205
5940 -247373.468049 0.000000 -1.911288 1.120692
5817 -247373.468183 0.000000 -1.911422 1.120558
7563 -247373.472538 0.000000 -1.915778 1.116202
7756 -247373.468022 0.000000 -1.911261 1.120719
7638 -247373.468104 0.000000 -1.911344 1.120636
7466 -247373.472441 0.000000 -1.915680 1.116300
9286 -247374.386668 0.000000 -2.829907 0.202073
9461 -247373.467701 0.000000 -1.910941 1.121039
9237 -247373.467822 0.000000 -1.911061 1.120919
9216 -247373.472399 0.000000 -1.915638 1.116342
11287 -247373.468045 0.000000 -1.911284 1.120696
11036 -247373.468163 0.000000 -1.911402 1.120578
10982 -247373.472522 0.000000 -1.915762 1.116218
13084 -247373.468053 0.000000 -1.911293 1.120687
12850 -247373.468184 0.000000 -1.911423 1.120557
12756 -247373.472538 0.000000 -1.915778 1.116202
12950 -247373.468022 0.000000 -1.911262 1.120718
832 -247373.291626 0.000000 -1.734866 1.297114
642 -247373.290886 0.000000 -1.734125 1.297855
505 -247373.292489 0.000000 -1.735729 1.296251
443 -247373.288949 0.000000 -1.732189 1.299791
2472 -247373.292005 0.000000 -1.735245 1.296735
2318 -247373.291009 0.000000 -1.734249 1.297731
2203 -247373.292248 0.000000 -1.735488 1.296492
2301 -247373.291707 0.000000 -1.734946 1.297034
4147 -247373.290956 0.000000 -1.734196 1.297784
3974 -247373.292276 0.000000 -1.735516 1.296464
4118 -247373.291676 0.000000 -1.734915 1.297065
5980 -247373.290943 0.000000 -1.734182 1.297798
5758 -247373.292273 0.000000 -1.735513 1.296467
5939 -247373.291677 0.000000 -1.734917 1.297063
5808 -247373.290949 0.000000 -1.734189 1.297791
7562 -247373.292294 0.000000 -1.735533 1.296447
7755 -247373.291626 0.000000 -1.734866 1.297114
7623 -247373.290886 0.000000 -1.734125 1.297855
7465 -247373.292489 0.000000 -1.735729 1.296251
9261 -247373.288949 0.000000 -1.732189 1.299791
9442 -247373.292005 0.000000 -1.735245 1.296735
9236 -247373.291009 0.000000 -1.734249 1.297731
11072 -247373.292248 0.000000 -1.735488 1.296492
11265 -247373.291707 0.000000 -1.734947 1.297033
11035 -247373.290957 0.000000 -1.734196 1.297784
10975 -247373.292277 0.000000 -1.735516 1.296464
13071 -247373.291677 0.000000 -1.734916 1.297064
12849 -247373.290950 0.000000 -1.734189 1.297791
12743 -247373.292294 0.000000 -1.735534 1.296446
480 -247373.291695 0.000000 -1.734934 1.297046
624 -247373.294152 0.000000 -1.737392 1.294588
497 -247373.294003 0.000000 -1.737242 1.294738
2273 -247373.294319 0.000000 -1.737558 1.294422
2449 -247373.712230 0.000000 -2.155469 0.876511
2306 -247373.294117 0.000000 -1.737357 1.294623
2200 -247373.293775 0.000000 -1.737015 1.294965
4269 -247373.712109 0.000000 -2.155349 0.876631
4129 -247373.294006 0.000000 -1.737246 1.294734
3964 -247373.293729 0.000000 -1.736969 1.295011
6069 -247373.712116 0.000000 -2.155356 0.876624
5956 -247373.294006 0.000000 -1.737245 1.294735
5740 -247373.293725 0.000000 -1.736964 1.295016
5707 -247373.291688 0.000000 -1.734927 1.297053
7775 -247373.294030 0.000000 -1.737270 1.294710
7541 -247373.293757 0.000000 -1.736997 1.294983
7470 -247373.291695 0.000000 -1.734934 1.297046
7619 -247373.294153 0.000000 -1.737392 1.294588
9361 -247373.294003 0.000000 -1.737242 1.294738
9245 -247373.294318 0.000000 -1.737558 1.294422
9436 -247373.712230 0.000000 -2.155469 0.876511
11194 -247373.294117 0.000000 -1.737356 1.294624
11050 -247373.293775 0.000000 -1.737014 1.294966
11258 -247373.712110 0.000000 -2.155349 0.876631
11027 -247373.294007 0.000000 -1.737246 1.294734
12870 -247373.293727 0.000000 -1.736966 1.295014
13066 -247373.712127 0.000000 -2.155367 0.876613
12835 -247373.294029 0.000000 -1.737269 1.294711
12741 -247373.293757 0.000000 -1.736996 1.294984
666 -247373.292151 0.000000 -1.735390 1.296590
468 -247376.157788 0.000000 -4.601027 -1.569047
614 -247373.292958 0.000000 -1.736197 1.295783
500 -247373.291663 0.000000 -1.734902 1.297078
2252 -247373.292419 0.000000 -1.735658 1.296322
2433 -247373.704387 0.000000 -2.147627 0.884353
2309 -247373.292890 0.000000 -1.736129 1.295851
4054 -247373.292115 0.000000 -1.735355 1.296625
4247 -247373.704372 0.000000 -2.147612 0.884368
4132 -247373.292828 0.000000 -1.736068 1.295912
3959 -247373.292082 0.000000 -1.735322 1.296658
5783 -247376.157815 0.000000 -4.601055 -1.569075
5959 -247373.292832 0.000000 -1.736072 1.295908
5730 -247373.292081 0.000000 -1.735320 1.296660
5710 -247376.157800 0.000000 -4.601039 -1.569059
7778 -247373.292871 0.000000 -1.736111 1.295869
7527 -247373.292151 0.000000 -1.735390 1.296590
7473 -247376.157788 0.000000 -4.601028 -1.569048
9580 -247373.292958 0.000000 -1.736197 1.295783
9341 -247373.291663 0.000000 -1.734902 1.297078
9248 -247373.292419 0.000000 -1.735659 1.296321
9438 -247373.704387 0.000000 -2.147627 0.884353
11170 -247373.292890 0.000000 -1.736129 1.295851
11053 -247373.292115 0.000000 -1.735354 1.296626
11259 -247373.704374 0.000000 -2.147613 0.884367
12998 -247373.292830 0.000000 -1.736070 1.295910
12873 -247373.292081 0.000000 -1.735321 1.296659
12733 -247376.157800 0.000000 -4.601040 -1.569060
12829 -247373.292871 0.000000 -1.736110 1.295870
641 -247373.350993 0.000000 -1.794232 1.237748
467 -247376.192060 0.000000 -4.635299 -1.603319
613 -247373.350216 0.000000 -1.793455 1.238525
2471 -247373.350275 0.000000 -1.793514 1.238466
2251 -247373.351116 0.000000 -1.794355 1.237625
2432 -247373.338713 0.000000 -1.781952 1.250028
2300 -247373.350292 0.000000 -1.793532 1.238448
4053 -247373.350987 0.000000 -1.794227 1.237753
4246 -247373.338705 0.000000 -1.781944 1.250036
4117 -247373.350259 0.000000 -1.793498 1.238482
5874 -247373.350970 0.000000 -1.794210 1.237770
5757 -247376.192198 0.000000 -4.635437 -1.603457
5938 -247373.350261 0.000000 -1.793500 1.238480
5729 -247373.350970 0.000000 -1.794209 1.237771
7561 -247376.192187 0.000000 -4.635426 -1.603446
7754 -247373.350278 0.000000 -1.793518 1.238462
7526 -247373.350993 0.000000 -1.794233 1.237747
7464 -247376.192060 0.000000 -4.635299 -1.603319
9567 -247373.350216 0.000000 -1.793455 1.238525
9340 -247373.350275 0.000000 -1.793514 1.238466
9235 -247373.351116 0.000000 -1.794355 1.237625
11364 -247373.338713 0.000000 -1.781953 1.250027
11169 -247373.350292 0.000000 -1.793532 1.238448
11034 -247373.350987 0.000000 -1.794226 1.237754
10973 -247376.192201 0.000000 -4.635440 -1.603460
12997 -247373.350260 0.000000 -1.793500 1.238480
12848 -247373.350970 0.000000 -1.794209 1.237771
12732 -247376.192187 0.000000 -4.635426 -1.603446
12828 -247373.350278 0.000000 -1.793517 1.238463
