#ID      EIGB 	      EIPGB 	   GBbin        GBseg
1792 -665476.350240 0.000000 -3.503587 -0.469342
2139 -665476.350240 0.000000 -3.503587 -0.469342
2334 -665476.350240 0.000000 -3.503587 -0.469342
11246 -665476.350240 0.000000 -3.503587 -0.469342
11614 -665476.350240 0.000000 -3.503587 -0.469342
20322 -665476.350240 0.000000 -3.503587 -0.469342
20792 -665476.350240 0.000000 -3.503587 -0.469342
20992 -665476.350240 0.000000 -3.503587 -0.469342
29882 -665476.350240 0.000000 -3.503587 -0.469342
105247 -665476.350240 0.000000 -3.503587 -0.469342
1683 -665476.409555 0.000000 -3.562902 -0.528657
2175 -665476.409554 0.000000 -3.562901 -0.528656
2314 -665476.409555 0.000000 -3.562902 -0.528657
11298 -665476.409555 0.000000 -3.562902 -0.528657
11532 -665476.409554 0.000000 -3.562901 -0.528656
95526 -665476.409555 0.000000 -3.562902 -0.528657
20912 -665476.409555 0.000000 -3.562902 -0.528657
20848 -665476.409555 0.000000 -3.562902 -0.528657
30048 -665476.409555 0.000000 -3.562902 -0.528657
30387 -665476.409555 0.000000 -3.562902 -0.528657
1734 -665476.342704 0.000000 -3.496051 -0.461806
2263 -665476.342704 0.000000 -3.496051 -0.461806
11086 -665476.342704 0.000000 -3.496051 -0.461806
11445 -665476.342704 0.000000 -3.496051 -0.461806
11682 -665476.342704 0.000000 -3.496051 -0.461806
20538 -665476.342704 0.000000 -3.496051 -0.461806
20942 -665476.342704 0.000000 -3.496051 -0.461806
29619 -665476.342704 0.000000 -3.496051 -0.461806
30093 -665476.342704 0.000000 -3.496051 -0.461806
30325 -665476.342704 0.000000 -3.496051 -0.461806
1903 -665476.327039 0.000000 -3.480386 -0.446141
2287 -665476.327039 0.000000 -3.480386 -0.446141
10976 -665476.327039 0.000000 -3.480386 -0.446141
11485 -665476.327039 0.000000 -3.480386 -0.446141
11651 -665476.327039 0.000000 -3.480386 -0.446141
20593 -665476.327039 0.000000 -3.480386 -0.446141
20847 -665476.327039 0.000000 -3.480386 -0.446141
29939 -665476.327039 0.000000 -3.480386 -0.446141
30225 -665476.327039 0.000000 -3.480386 -0.446141
30264 -665476.327039 0.000000 -3.480386 -0.446141
1953 -665476.313819 0.000000 -3.467166 -0.432921
2215 -665476.313819 0.000000 -3.467166 -0.432921
11027 -665476.313819 0.000000 -3.467166 -0.432921
11588 -665476.313819 0.000000 -3.467166 -0.432921
11448 -665476.313819 0.000000 -3.467166 -0.432921
20751 -665476.313819 0.000000 -3.467166 -0.432921
21027 -665476.313819 0.000000 -3.467166 -0.432921
29829 -665476.313819 0.000000 -3.467166 -0.432921
30260 -665476.313819 0.000000 -3.467166 -0.432921
30406 -665476.313819 0.000000 -3.467166 -0.432921
1793 -665476.422509 0.000000 -3.575856 -0.541611
2100 -665476.422509 0.000000 -3.575856 -0.541611
2337 -665476.422509 0.000000 -3.575856 -0.541611
11195 -665476.422509 0.000000 -3.575856 -0.541611
11617 -665476.422509 0.000000 -3.575856 -0.541611
20272 -665476.422509 0.000000 -3.575856 -0.541611
20795 -665476.422509 0.000000 -3.575856 -0.541611
20989 -665476.422509 0.000000 -3.575856 -0.541611
29885 -665476.422509 0.000000 -3.575856 -0.541611
30155 -665476.422509 0.000000 -3.575856 -0.541611
1682 -665476.425056 0.000000 -3.578403 -0.544158
2138 -665476.425056 0.000000 -3.578403 -0.544158
2313 -665476.425056 0.000000 -3.578403 -0.544158
11245 -665476.425056 0.000000 -3.578403 -0.544158
11531 -665476.425056 0.000000 -3.578403 -0.544158
20321 -665476.425056 0.000000 -3.578403 -0.544158
95791 -665476.425056 0.000000 -3.578403 -0.544158
21031 -665476.425056 0.000000 -3.578403 -0.544158
30047 -665476.425056 0.000000 -3.578403 -0.544158
30366 -665476.425056 0.000000 -3.578403 -0.544158
1737 -665476.430911 0.000000 -3.584258 -0.550013
2025 -665476.430911 0.000000 -3.584258 -0.550013
1738 -665476.430911 0.000000 -3.584258 -0.550013
11402 -665476.430910 0.000000 -3.584257 -0.550013
11685 -665476.430911 0.000000 -3.584258 -0.550013
20486 -665476.430911 0.000000 -3.584258 -0.550013
20945 -665476.430911 0.000000 -3.584258 -0.550013
21055 -665476.430911 0.000000 -3.584258 -0.550013
30096 -665476.430911 0.000000 -3.584258 -0.550013
30319 -665476.430911 0.000000 -3.584258 -0.550013
1902 -665476.610977 0.000000 -3.764324 -0.730079
2262 -665476.610977 0.000000 -3.764324 -0.730079
10975 -665476.610977 0.000000 -3.764324 -0.730079
11444 -665476.610977 0.000000 -3.764324 -0.730079
11650 -665476.610977 0.000000 -3.764324 -0.730079
20537 -665476.610977 0.000000 -3.764324 -0.730079
20846 -665476.610977 0.000000 -3.764324 -0.730079
29618 -665476.610977 0.000000 -3.764324 -0.730079
105104 -665476.610977 0.000000 -3.764324 -0.730079
30415 -665476.610976 0.000000 -3.764323 -0.730078
1956 -665476.620468 0.000000 -3.773815 -0.739570
2206 -665476.620468 0.000000 -3.773815 -0.739570
11030 -665476.620468 0.000000 -3.773815 -0.739570
11323 -665476.620468 0.000000 -3.773815 -0.739570
85911 -665476.620468 0.000000 -3.773815 -0.739570
20702 -665476.620468 0.000000 -3.773815 -0.739570
21030 -665476.620468 0.000000 -3.773815 -0.739570
29777 -665476.620468 0.000000 -3.773815 -0.739570
30263 -665476.620468 0.000000 -3.773815 -0.739570
30402 -665476.620468 0.000000 -3.773815 -0.739570
76979 -665476.617534 0.000000 -3.770881 -0.736636
2326 -665476.617534 0.000000 -3.770881 -0.736636
11194 -665476.617534 0.000000 -3.770881 -0.736636
11587 -665476.617534 0.000000 -3.770881 -0.736636
11653 -665476.617534 0.000000 -3.770881 -0.736636
20750 -665476.617534 0.000000 -3.770881 -0.736636
20988 -665476.617534 0.000000 -3.770881 -0.736636
29828 -665476.617534 0.000000 -3.770881 -0.736636
30154 -665476.617534 0.000000 -3.770881 -0.736636
30405 -665476.617534 0.000000 -3.770881 -0.736636
1630 -665477.004877 0.000000 -4.158224 -1.123979
2141 -665477.004877 0.000000 -4.158224 -1.123979
2306 -665477.004877 0.000000 -4.158224 -1.123979
11248 -665477.004877 0.000000 -4.158224 -1.123979
11520 -665477.004877 0.000000 -4.158224 -1.123979
20324 -665477.004877 0.000000 -4.158224 -1.123979
20620 -665477.004877 0.000000 -4.158224 -1.123979
95826 -665477.004877 0.000000 -4.158224 -1.123979
29995 -665477.004877 0.000000 -4.158224 -1.123979
30369 -665477.004877 0.000000 -4.158224 -1.123979
1681 -665477.109131 0.000000 -4.262478 -1.228233
2024 -665477.109131 0.000000 -4.262478 -1.228233
2312 -665477.109131 0.000000 -4.262478 -1.228233
86281 -665477.109131 0.000000 -4.262477 -1.228233
11668 -665477.109130 0.000000 -4.262477 -1.228232
20485 -665477.109130 0.000000 -4.262477 -1.228233
20910 -665477.109131 0.000000 -4.262477 -1.228233
21054 -665477.109130 0.000000 -4.262477 -1.228232
30046 -665477.109130 0.000000 -4.262477 -1.228232
30318 -665477.109131 0.000000 -4.262478 -1.228233
1849 -665476.405341 0.000000 -3.558688 -0.524443
2265 -665476.405341 0.000000 -3.558688 -0.524443
10923 -665476.405341 0.000000 -3.558688 -0.524443
11447 -665476.405341 0.000000 -3.558688 -0.524443
11639 -665476.405341 0.000000 -3.558688 -0.524443
20540 -665476.405341 0.000000 -3.558688 -0.524443
20833 -665476.405341 0.000000 -3.558688 -0.524443
29621 -665476.405341 0.000000 -3.558688 -0.524443
29913 -665476.405341 0.000000 -3.558688 -0.524443
105296 -665476.405341 0.000000 -3.558688 -0.524443
1901 -665476.275887 0.000000 -3.429234 -0.394989
2205 -665476.275887 0.000000 -3.429234 -0.394989
10974 -665476.275887 0.000000 -3.429234 -0.394989
11322 -665476.275887 0.000000 -3.429234 -0.394989
11649 -665476.275887 0.000000 -3.429234 -0.394989
95581 -665476.275887 0.000000 -3.429234 -0.394989
21009 -665476.275887 0.000000 -3.429234 -0.394989
29776 -665476.275887 0.000000 -3.429234 -0.394989
30223 -665476.275887 0.000000 -3.429234 -0.394989
30401 -665476.275887 0.000000 -3.429234 -0.394989
1767 -665476.213795 0.000000 -3.367142 -0.332897
77207 -665476.213795 0.000000 -3.367142 -0.332897
11141 -665476.213795 0.000000 -3.367142 -0.332897
11590 -665476.213795 0.000000 -3.367142 -0.332897
11697 -665476.213795 0.000000 -3.367142 -0.332897
20753 -665476.213795 0.000000 -3.367142 -0.332897
20973 -665476.213795 0.000000 -3.367142 -0.332897
29831 -665476.213795 0.000000 -3.367142 -0.332897
30139 -665476.213795 0.000000 -3.367142 -0.332897
30407 -665476.213795 0.000000 -3.367142 -0.332897
2098 -665476.134356 0.000000 -3.287703 -0.253458
2305 -665476.134356 0.000000 -3.287703 -0.253458
11193 -665476.134356 0.000000 -3.287703 -0.253458
11519 -665476.134356 0.000000 -3.287703 -0.253458
20271 -665476.134356 0.000000 -3.287703 -0.253458
20619 -665476.134356 0.000000 -3.287703 -0.253458
20987 -665476.134356 0.000000 -3.287703 -0.253458
104874 -665476.134356 0.000000 -3.287703 -0.253458
30344 -665476.134356 0.000000 -3.287703 -0.253458
39069 -665476.134356 0.000000 -3.287703 -0.253458
1684 -665476.085924 0.000000 -3.239271 -0.205026
2005 -665476.085924 0.000000 -3.239271 -0.205026
2315 -665476.085924 0.000000 -3.239271 -0.205026
11061 -665476.085924 0.000000 -3.239271 -0.205026
86549 -665476.085924 0.000000 -3.239271 -0.205026
20432 -665476.085924 0.000000 -3.239271 -0.205026
20913 -665476.085924 0.000000 -3.239271 -0.205026
21048 -665476.085924 0.000000 -3.239271 -0.205026
30049 -665476.085924 0.000000 -3.239271 -0.205026
30297 -665476.085924 0.000000 -3.239271 -0.205026
76728 -665476.418695 0.000000 -3.572042 -0.537797
2236 -665476.418695 0.000000 -3.572042 -0.537797
1957 -665476.418695 0.000000 -3.572042 -0.537797
11400 -665476.418695 0.000000 -3.572042 -0.537797
11638 -665476.418695 0.000000 -3.572042 -0.537797
20484 -665476.418695 0.000000 -3.572042 -0.537797
20832 -665476.418695 0.000000 -3.572042 -0.537797
21053 -665476.418695 0.000000 -3.572042 -0.537797
29912 -665476.418695 0.000000 -3.572042 -0.537797
30317 -665476.418695 0.000000 -3.572042 -0.537797
1904 -665476.549409 0.000000 -3.702756 -0.668511
2178 -665476.549409 0.000000 -3.702756 -0.668511
10977 -665476.549409 0.000000 -3.702756 -0.668511
11301 -665476.549409 0.000000 -3.702756 -0.668511
11652 -665476.549409 0.000000 -3.702756 -0.668511
20354 -665476.549409 0.000000 -3.702756 -0.668511
95890 -665476.549409 0.000000 -3.702756 -0.668511
29723 -665476.549409 0.000000 -3.702756 -0.668511
30226 -665476.549409 0.000000 -3.702756 -0.668511
30390 -665476.549409 0.000000 -3.702756 -0.668511
2101 -665476.429515 0.000000 -3.582862 -0.548617
2290 -665476.429515 0.000000 -3.582862 -0.548617
11196 -665476.429515 0.000000 -3.582862 -0.548617
11488 -665476.429515 0.000000 -3.582862 -0.548617
11591 -665476.429515 0.000000 -3.582862 -0.548617
20596 -665476.429515 0.000000 -3.582862 -0.548617
20990 -665476.429515 0.000000 -3.582862 -0.548617
29650 -665476.429515 0.000000 -3.582862 -0.548617
105225 -665476.429515 0.000000 -3.582862 -0.548617
29941 -665476.429515 0.000000 -3.582862 -0.548617
1766 -665476.446208 0.000000 -3.599555 -0.565310
2204 -665476.446208 0.000000 -3.599555 -0.565310
86020 -665476.446208 0.000000 -3.599555 -0.565310
11555 -665476.446208 0.000000 -3.599555 -0.565310
11696 -665476.446208 0.000000 -3.599555 -0.565310
20700 -665476.446208 0.000000 -3.599555 -0.565310
20972 -665476.446208 0.000000 -3.599555 -0.565310
29775 -665476.446208 0.000000 -3.599555 -0.565310
30138 -665476.446208 0.000000 -3.599555 -0.565310
30400 -665476.446208 0.000000 -3.599555 -0.565310
1508 -665476.624928 0.000000 -3.778275 -0.744030
77117 -665476.624928 0.000000 -3.778275 -0.744030
2291 -665476.624928 0.000000 -3.778275 -0.744030
11403 -665476.624928 0.000000 -3.778275 -0.744030
11620 -665476.624928 0.000000 -3.778275 -0.744030
20487 -665476.624928 0.000000 -3.778275 -0.744030
20798 -665476.624928 0.000000 -3.778275 -0.744030
21056 -665476.624928 0.000000 -3.778275 -0.744030
29888 -665476.624928 0.000000 -3.778275 -0.744030
30320 -665476.624928 0.000000 -3.778275 -0.744030
1628 -665476.435408 0.000000 -3.588755 -0.554510
2004 -665476.435408 0.000000 -3.588755 -0.554510
2304 -665476.435408 0.000000 -3.588755 -0.554510
11060 -665476.435408 0.000000 -3.588755 -0.554510
11518 -665476.435408 0.000000 -3.588755 -0.554510
95311 -665476.435408 0.000000 -3.588755 -0.554510
20872 -665476.435408 0.000000 -3.588755 -0.554510
21047 -665476.435408 0.000000 -3.588755 -0.554510
29993 -665476.435408 0.000000 -3.588755 -0.554510
30296 -665476.435408 0.000000 -3.588755 -0.554510
1847 -665477.231691 0.000000 -4.385038 -1.350793
2177 -665477.231691 0.000000 -4.385038 -1.350793
2217 -665477.231691 0.000000 -4.385038 -1.350793
11300 -665477.231691 0.000000 -4.385038 -1.350793
11637 -665477.231691 0.000000 -4.385038 -1.350793
20353 -665477.231691 0.000000 -4.385038 -1.350793
20831 -665477.231691 0.000000 -4.385038 -1.350793
95477 -665477.231691 0.000000 -4.385038 -1.350793
30181 -665477.231691 0.000000 -4.385038 -1.350793
30389 -665477.231691 0.000000 -4.385038 -1.350793
1740 -665477.297978 0.000000 -4.451325 -1.417080
2207 -665477.297978 0.000000 -4.451325 -1.417080
10812 -665477.297978 0.000000 -4.451325 -1.417080
86436 -665477.297978 0.000000 -4.451325 -1.417080
11688 -665477.297978 0.000000 -4.451325 -1.417080
20703 -665477.297978 0.000000 -4.451325 -1.417080
20948 -665477.297977 0.000000 -4.451324 -1.417079
29778 -665477.297978 0.000000 -4.451325 -1.417080
30099 -665477.297978 0.000000 -4.451325 -1.417080
30403 -665477.297978 0.000000 -4.451325 -1.417080
1507 -665477.400769 0.000000 -4.554116 -1.519871
2052 -665477.321264 0.000000 -4.474611 -1.440366
2003 -665477.400769 0.000000 -4.554116 -1.519871
2289 -665477.321263 0.000000 -4.474610 -1.440365
77219 -665477.400769 0.000000 -4.554116 -1.519871
11139 -665477.321264 0.000000 -4.474611 -1.440366
11350 -665477.400769 0.000000 -4.554116 -1.519871
11487 -665477.321264 0.000000 -4.474611 -1.440366
11619 -665477.400769 0.000000 -4.554116 -1.519871
11695 -665477.321264 0.000000 -4.474611 -1.440366
20430 -665477.400769 0.000000 -4.554116 -1.519871
20595 -665477.321264 0.000000 -4.474611 -1.440366
20797 -665477.400769 0.000000 -4.554116 -1.519871
20971 -665477.321263 0.000000 -4.474610 -1.440365
21046 -665477.400769 0.000000 -4.554116 -1.519871
29649 -665477.321263 0.000000 -4.474610 -1.440365
29887 -665477.400769 0.000000 -4.554116 -1.519871
30137 -665477.321264 0.000000 -4.474611 -1.440366
30295 -665477.400769 0.000000 -4.554116 -1.519871
104977 -665477.321264 0.000000 -4.474611 -1.440366
1959 -665477.338162 0.000000 -4.491509 -1.457264
2307 -665477.338162 0.000000 -4.491509 -1.457264
11033 -665477.338162 0.000000 -4.491509 -1.457264
11521 -665477.338162 0.000000 -4.491509 -1.457264
11656 -665477.338162 0.000000 -4.491509 -1.457264
95753 -665477.338162 0.000000 -4.491509 -1.457264
21033 -665477.338162 0.000000 -4.491509 -1.457264
29996 -665477.338162 0.000000 -4.491509 -1.457264
30266 -665477.338162 0.000000 -4.491509 -1.457264
29832 -665477.338162 0.000000 -4.491509 -1.457264
3071 -665477.287127 0.000000 -4.440474 -1.406229
77392 -665477.287127 0.000000 -4.440474 -1.406229
77222 -665477.287127 0.000000 -4.440474 -1.406229
12102 -665477.287127 0.000000 -4.440474 -1.406229
11744 -665477.287127 0.000000 -4.440474 -1.406229
21754 -665477.287127 0.000000 -4.440474 -1.406229
21248 -665477.287127 0.000000 -4.440474 -1.406229
21097 -665477.287127 0.000000 -4.440474 -1.406229
30850 -665477.287127 0.000000 -4.440474 -1.406229
30597 -665477.287127 0.000000 -4.440474 -1.406229
1685 -665477.254501 0.000000 -4.407848 -1.373603
2179 -665477.254502 0.000000 -4.407848 -1.373604
2316 -665477.254502 0.000000 -4.407848 -1.373604
11302 -665477.254501 0.000000 -4.407848 -1.373604
11533 -665477.254501 0.000000 -4.407848 -1.373604
95528 -665477.254501 0.000000 -4.407848 -1.373604
95794 -665477.254501 0.000000 -4.407848 -1.373603
20541 -665477.254501 0.000000 -4.407848 -1.373603
30050 -665477.254502 0.000000 -4.407848 -1.373604
30391 -665477.254501 0.000000 -4.407848 -1.373603
2511 -665476.728413 0.000000 -3.881760 -0.847515
2364 -665476.728413 0.000000 -3.881760 -0.847515
12101 -665476.728413 0.000000 -3.881760 -0.847515
11842 -665476.728413 0.000000 -3.881760 -0.847515
21753 -665476.728412 0.000000 -3.881759 -0.847515
21426 -665476.728413 0.000000 -3.881760 -0.847515
21096 -665476.728413 0.000000 -3.881760 -0.847515
31080 -665476.728413 0.000000 -3.881760 -0.847515
30596 -665476.728413 0.000000 -3.881760 -0.847515
115323 -665476.728413 0.000000 -3.881760 -0.847515
2798 -665476.725361 0.000000 -3.878708 -0.844463
2423 -665476.725361 0.000000 -3.878708 -0.844463
12475 -665476.725361 0.000000 -3.878708 -0.844463
86668 -665476.725361 0.000000 -3.878708 -0.844463
11698 -665476.725361 0.000000 -3.878708 -0.844463
21331 -665476.725361 0.000000 -3.878708 -0.844463
21108 -665476.725361 0.000000 -3.878708 -0.844463
30957 -665476.725361 0.000000 -3.878708 -0.844463
30617 -665476.725361 0.000000 -3.878708 -0.844463
30423 -665476.725361 0.000000 -3.878708 -0.844463
2679 -665476.709845 0.000000 -3.863192 -0.828947
2445 -665476.709845 0.000000 -3.863192 -0.828947
12321 -665476.709845 0.000000 -3.863192 -0.828947
12002 -665476.709845 0.000000 -3.863192 -0.828947
11721 -665476.709845 0.000000 -3.863192 -0.828947
21654 -665476.709845 0.000000 -3.863192 -0.828947
21199 -665476.709845 0.000000 -3.863192 -0.828947
105891 -665476.709845 0.000000 -3.863192 -0.828947
30550 -665476.709845 0.000000 -3.863192 -0.828947
30429 -665476.709845 0.000000 -3.863192 -0.828947
3056 -665476.408442 0.000000 -3.561789 -0.527544
77280 -665476.408443 0.000000 -3.561790 -0.527545
2340 -665476.408442 0.000000 -3.561789 -0.527544
11916 -665476.408442 0.000000 -3.561789 -0.527545
11727 -665476.408443 0.000000 -3.561790 -0.527545
21531 -665476.408443 0.000000 -3.561790 -0.527545
21216 -665476.408442 0.000000 -3.561789 -0.527544
21062 -665476.408443 0.000000 -3.561790 -0.527545
30813 -665476.408442 0.000000 -3.561789 -0.527544
30474 -665476.408443 0.000000 -3.561790 -0.527545
2895 -665476.569307 0.000000 -3.722654 -0.688409
2588 -665476.569307 0.000000 -3.722654 -0.688409
2352 -665476.569307 0.000000 -3.722654 -0.688409
12223 -665476.569307 0.000000 -3.722654 -0.688409
11802 -665476.569307 0.000000 -3.722654 -0.688409
96465 -665476.569307 0.000000 -3.722654 -0.688409
21158 -665476.569307 0.000000 -3.722654 -0.688409
21064 -665476.569307 0.000000 -3.722654 -0.688409
30699 -665476.569307 0.000000 -3.722654 -0.688409
30492 -665476.569307 0.000000 -3.722654 -0.688409
1794 -665476.559255 0.000000 -3.712602 -0.678357
2142 -665476.559255 0.000000 -3.712602 -0.678357
2338 -665476.559255 0.000000 -3.712602 -0.678357
11249 -665476.559255 0.000000 -3.712602 -0.678357
11618 -665476.559255 0.000000 -3.712602 -0.678357
20325 -665476.559255 0.000000 -3.712602 -0.678357
20796 -665476.559255 0.000000 -3.712602 -0.678357
20994 -665476.559255 0.000000 -3.712602 -0.678357
29886 -665476.559255 0.000000 -3.712602 -0.678357
105250 -665476.559255 0.000000 -3.712602 -0.678357
2006 -665476.517889 0.000000 -3.671236 -0.636991
2218 -665476.517889 0.000000 -3.671236 -0.636991
86231 -665476.517889 0.000000 -3.671236 -0.636991
11592 -665476.517889 0.000000 -3.671236 -0.636991
10978 -665476.517889 0.000000 -3.671236 -0.636991
20755 -665476.517888 0.000000 -3.671235 -0.636990
21049 -665476.517888 0.000000 -3.671235 -0.636990
29833 -665476.517889 0.000000 -3.671236 -0.636991
30298 -665476.517889 0.000000 -3.671236 -0.636991
30409 -665476.517889 0.000000 -3.671236 -0.636991
1958 -665476.560881 0.000000 -3.714227 -0.679983
2288 -665476.560880 0.000000 -3.714227 -0.679983
11032 -665476.560881 0.000000 -3.714227 -0.679983
11486 -665476.560880 0.000000 -3.714227 -0.679982
11655 -665476.560880 0.000000 -3.714227 -0.679982
20594 -665476.560880 0.000000 -3.714227 -0.679983
95912 -665476.560880 0.000000 -3.714227 -0.679983
29940 -665476.560880 0.000000 -3.714227 -0.679983
30265 -665476.560880 0.000000 -3.714227 -0.679982
30227 -665476.560880 0.000000 -3.714227 -0.679982
76933 -665476.583936 0.000000 -3.737283 -0.703039
2267 -665476.583936 0.000000 -3.737283 -0.703039
11142 -665476.583937 0.000000 -3.737284 -0.703039
11449 -665476.583936 0.000000 -3.737283 -0.703039
11686 -665476.583936 0.000000 -3.737283 -0.703038
20542 -665476.583936 0.000000 -3.737283 -0.703039
20974 -665476.583937 0.000000 -3.737284 -0.703039
29622 -665476.583936 0.000000 -3.737283 -0.703039
30140 -665476.583936 0.000000 -3.737283 -0.703039
30328 -665476.583937 0.000000 -3.737283 -0.703039
1739 -665476.514816 0.000000 -3.668163 -0.633918
2176 -665476.514816 0.000000 -3.668163 -0.633918
2317 -665476.514816 0.000000 -3.668163 -0.633918
11299 -665476.514816 0.000000 -3.668163 -0.633918
86567 -665476.514816 0.000000 -3.668162 -0.633918
20647 -665476.514816 0.000000 -3.668163 -0.633918
20947 -665476.514816 0.000000 -3.668163 -0.633918
20754 -665476.514816 0.000000 -3.668163 -0.633918
30098 -665476.514816 0.000000 -3.668163 -0.633918
30388 -665476.514816 0.000000 -3.668163 -0.633918
1850 -665476.431319 0.000000 -3.584666 -0.550421
2143 -665476.431319 0.000000 -3.584666 -0.550421
1905 -665476.431319 0.000000 -3.584666 -0.550421
11250 -665476.431319 0.000000 -3.584666 -0.550421
11640 -665476.431319 0.000000 -3.584666 -0.550421
20326 -665476.431319 0.000000 -3.584666 -0.550421
20834 -665476.431319 0.000000 -3.584666 -0.550421
20995 -665476.431319 0.000000 -3.584666 -0.550421
105062 -665476.431319 0.000000 -3.584666 -0.550421
30371 -665476.431319 0.000000 -3.584666 -0.550421
67861 -665476.904874 0.000000 -4.058221 -1.023976
2799 -665476.904874 0.000000 -4.058221 -1.023976
2411 -665476.904874 0.000000 -4.058221 -1.023976
87035 -665476.904874 0.000000 -4.058221 -1.023976
11765 -665476.904874 0.000000 -4.058221 -1.023976
11699 -665476.904874 0.000000 -4.058221 -1.023976
21286 -665476.904874 0.000000 -4.058221 -1.023976
21109 -665476.904874 0.000000 -4.058221 -1.023976
30902 -665476.904874 0.000000 -4.058221 -1.023976
30618 -665476.904874 0.000000 -4.058221 -1.023976
2678 -665476.868038 0.000000 -4.021385 -0.987140
2422 -665476.868038 0.000000 -4.021385 -0.987140
12320 -665476.868038 0.000000 -4.021385 -0.987140
11973 -665476.868038 0.000000 -4.021385 -0.987140
11720 -665476.868038 0.000000 -4.021385 -0.987140
21640 -665476.868038 0.000000 -4.021385 -0.987140
95965 -665476.868038 0.000000 -4.021385 -0.987140
30956 -665476.868038 0.000000 -4.021385 -0.987140
30549 -665476.868038 0.000000 -4.021385 -0.987140
30422 -665476.868038 0.000000 -4.021385 -0.987140
77612 -665476.850977 0.000000 -4.004324 -0.970080
2382 -665476.850978 0.000000 -4.004325 -0.970080
12375 -665476.850978 0.000000 -4.004325 -0.970080
11877 -665476.850977 0.000000 -4.004324 -0.970079
11728 -665476.850977 0.000000 -4.004324 -0.970079
21477 -665476.850977 0.000000 -4.004324 -0.970080
21217 -665476.850978 0.000000 -4.004325 -0.970080
31123 -665476.850977 0.000000 -4.004324 -0.970080
30814 -665476.850977 0.000000 -4.004324 -0.970080
30466 -665476.850977 0.000000 -4.004324 -0.970080
2894 -665476.845120 0.000000 -3.998467 -0.964222
2562 -665476.845120 0.000000 -3.998467 -0.964222
2351 -665476.845120 0.000000 -3.998467 -0.964222
12210 -665476.845120 0.000000 -3.998467 -0.964222
11713 -665476.845120 0.000000 -3.998467 -0.964222
21530 -665476.845120 0.000000 -3.998467 -0.964222
21157 -665476.845120 0.000000 -3.998467 -0.964222
21061 -665476.845120 0.000000 -3.998467 -0.964222
30698 -665476.845120 0.000000 -3.998467 -0.964222
30473 -665476.845120 0.000000 -3.998467 -0.964222
2950 -665476.846797 0.000000 -4.000144 -0.965899
2476 -665476.846797 0.000000 -4.000144 -0.965899
2355 -665476.846797 0.000000 -4.000144 -0.965899
12049 -665476.846797 0.000000 -4.000144 -0.965899
11817 -665476.846797 0.000000 -4.000144 -0.965899
21697 -665476.846797 0.000000 -4.000144 -0.965899
21395 -665476.846797 0.000000 -4.000144 -0.965899
21092 -665476.846797 0.000000 -4.000144 -0.965899
30749 -665476.846797 0.000000 -4.000144 -0.965899
30443 -665476.846797 0.000000 -4.000144 -0.965899
3111 -665476.266952 0.000000 -3.420299 -0.386054
2787 -665476.266952 0.000000 -3.420299 -0.386054
2346 -665476.266952 0.000000 -3.420299 -0.386054
12099 -665476.266952 0.000000 -3.420299 -0.386054
11764 -665476.266952 0.000000 -3.420299 -0.386054
21751 -665476.266952 0.000000 -3.420299 -0.386054
21285 -665476.266952 0.000000 -3.420299 -0.386054
21094 -665476.266952 0.000000 -3.420299 -0.386054
30901 -665476.266952 0.000000 -3.420299 -0.386054
30595 -665476.266952 0.000000 -3.420299 -0.386054
2631 -665476.252610 0.000000 -3.405957 -0.371712
2424 -665476.252610 0.000000 -3.405957 -0.371712
12266 -665476.252610 0.000000 -3.405957 -0.371712
11974 -665476.252610 0.000000 -3.405957 -0.371712
11718 -665476.252610 0.000000 -3.405957 -0.371712
21332 -665476.252610 0.000000 -3.405957 -0.371712
21074 -665476.252610 0.000000 -3.405957 -0.371712
30958 -665476.252610 0.000000 -3.405957 -0.371712
30519 -665476.252610 0.000000 -3.405957 -0.371712
30424 -665476.252610 0.000000 -3.405957 -0.371712
2677 -665476.257638 0.000000 -3.410985 -0.376740
2381 -665476.257638 0.000000 -3.410985 -0.376740
12319 -665476.257637 0.000000 -3.410984 -0.376739
11876 -665476.257637 0.000000 -3.410984 -0.376739
11719 -665476.257638 0.000000 -3.410985 -0.376740
21476 -665476.257637 0.000000 -3.410984 -0.376739
21198 -665476.257638 0.000000 -3.410985 -0.376740
31122 -665476.257638 0.000000 -3.410985 -0.376740
30803 -665476.257638 0.000000 -3.410985 -0.376740
30419 -665476.257637 0.000000 -3.410984 -0.376739
2840 -665476.303708 0.000000 -3.457055 -0.422810
2563 -665476.303708 0.000000 -3.457055 -0.422810
12490 -665476.303708 0.000000 -3.457055 -0.422810
11917 -665476.303708 0.000000 -3.457055 -0.422810
11705 -665476.303708 0.000000 -3.457055 -0.422810
21532 -665476.303708 0.000000 -3.457055 -0.422810
21131 -665476.303708 0.000000 -3.457055 -0.422810
31177 -665476.303708 0.000000 -3.457055 -0.422810
30655 -665476.303708 0.000000 -3.457055 -0.422810
30475 -665476.303708 0.000000 -3.457055 -0.422810
2893 -665476.334575 0.000000 -3.487922 -0.453678
2475 -665476.334575 0.000000 -3.487922 -0.453677
2350 -665476.334575 0.000000 -3.487922 -0.453678
12048 -665476.334575 0.000000 -3.487922 -0.453678
11801 -665476.334575 0.000000 -3.487922 -0.453678
21696 -665476.334575 0.000000 -3.487922 -0.453678
21385 -665476.334575 0.000000 -3.487922 -0.453677
21060 -665476.334575 0.000000 -3.487922 -0.453677
30697 -665476.334575 0.000000 -3.487922 -0.453677
30442 -665476.334575 0.000000 -3.487922 -0.453678
3110 -665476.505322 0.000000 -3.658669 -0.624424
2630 -665476.505322 0.000000 -3.658669 -0.624424
2410 -665476.505322 0.000000 -3.658669 -0.624424
12265 -665476.505322 0.000000 -3.658669 -0.624424
11965 -665476.505322 0.000000 -3.658669 -0.624424
21626 -665476.505322 0.000000 -3.658669 -0.624424
21284 -665476.505322 0.000000 -3.658669 -0.624424
21073 -665476.505322 0.000000 -3.658669 -0.624424
30900 -665476.505322 0.000000 -3.658669 -0.624424
30518 -665476.505322 0.000000 -3.658669 -0.624424
2680 -665476.342909 0.000000 -3.496256 -0.462011
2367 -665476.342909 0.000000 -3.496256 -0.462011
12322 -665476.342909 0.000000 -3.496256 -0.462011
11845 -665476.342909 0.000000 -3.496256 -0.462011
11722 -665476.342909 0.000000 -3.496256 -0.462011
21429 -665476.342909 0.000000 -3.496256 -0.462011
21200 -665476.342909 0.000000 -3.496256 -0.462011
31082 -665476.342909 0.000000 -3.496256 -0.462011
30551 -665476.342909 0.000000 -3.496256 -0.462011
30418 -665476.342909 0.000000 -3.496256 -0.462011
2839 -665476.351522 0.000000 -3.504869 -0.470624
2555 -665476.351522 0.000000 -3.504869 -0.470624
12196 -665476.351522 0.000000 -3.504869 -0.470624
11875 -665476.351522 0.000000 -3.504869 -0.470624
11704 -665476.351522 0.000000 -3.504869 -0.470624
21475 -665476.351522 0.000000 -3.504869 -0.470624
21130 -665476.351522 0.000000 -3.504869 -0.470624
31121 -665476.351522 0.000000 -3.504869 -0.470624
30654 -665476.351522 0.000000 -3.504869 -0.470624
30465 -665476.351522 0.000000 -3.504869 -0.470624
2896 -665476.320471 0.000000 -3.473818 -0.439573
2448 -665476.320471 0.000000 -3.473818 -0.439573
12530 -665476.320471 0.000000 -3.473818 -0.439573
12005 -665476.320471 0.000000 -3.473818 -0.439573
11803 -665476.320471 0.000000 -3.473818 -0.439573
21656 -665476.320471 0.000000 -3.473818 -0.439573
21159 -665476.320471 0.000000 -3.473818 -0.439573
31013 -665476.320471 0.000000 -3.473818 -0.439573
30700 -665476.320471 0.000000 -3.473818 -0.439573
30432 -665476.320471 0.000000 -3.473818 -0.439573
2773 -665476.304193 0.000000 -3.457540 -0.423295
2474 -665476.304192 0.000000 -3.457539 -0.423294
2341 -665476.304192 0.000000 -3.457539 -0.423294
12047 -665476.304193 0.000000 -3.457540 -0.423295
11743 -665476.304192 0.000000 -3.457539 -0.423294
21695 -665476.304193 0.000000 -3.457540 -0.423295
21247 -665476.304193 0.000000 -3.457540 -0.423295
21091 -665476.304192 0.000000 -3.457539 -0.423295
30849 -665476.304192 0.000000 -3.457539 -0.423294
30590 -665476.304193 0.000000 -3.457539 -0.423295
